1,1682647912816
2,1682647912818
3,1682647912822
4,1682647912825
5,1682647912826
6,1682647912827
7,1682647912829
8,1682647912830
9,1682647912831
10,1682647912833
11,1682647912834
12,1682647912917
13,1682647912918
14,1682647912918
15,1682647912919
16,1682647912920
17,1682647912924
18,1682647912924
19,1682647912925
20,1682647912926
21,1682647912927
22,1682647912929
23,1682647912930
24,1682647913058
25,1682647913059
26,1682647913060
27,1682647913060
28,1682647913061
29,1682647913062
30,1682647913063
31,1682647913063
32,1682647913064
33,1682647913065
34,1682647913065
35,1682647913066
36,1682647913227
37,1682647913228
38,1682647913228
39,1682647913229
40,1682647913229
41,1682647913230
42,1682647913230
43,1682647913230
44,1682647913231
45,1682647913231
46,1682647913232
47,1682647913232
48,1682647913233
49,1682647913233
50,1682647913234
51,1682647913234
52,1682647913234
53,1682647913235
54,1682647913235
55,1682647913235
56,1682647913235
57,1682647913236
58,1682647913236
59,1682647913236
60,1682647913237
61,1682647913238
62,1682647913239
63,1682647913239
64,1682647913240
65,1682647913241
66,1682647913241
67,1682647913242
68,1682647913242
69,1682647913242
70,1682647913242
71,1682647913243
72,1682647913243
73,1682647913243
74,1682647913244
75,1682647913244
76,1682647913244
77,1682647913245
78,1682647913245
79,1682647913246
80,1682647913246
81,1682647913247
82,1682647913247
83,1682647913247
84,1682647913248
85,1682647913249
86,1682647913249
87,1682647913250
88,1682647913250
89,1682647913251
90,1682647913327
91,1682647913327
92,1682647913327
93,1682647913328
94,1682647913328
95,1682647913329
96,1682647913329
97,1682647913330
98,1682647913330
99,1682647913330
100,1682647913331
101,1682647913331
102,1682647913331
103,1682647913331
104,1682647913332
105,1682647913332
106,1682647913332
107,1682647913332
108,1682647913333
109,1682647913333
110,1682647913333
111,1682647913333
112,1682647913334
113,1682647913334
114,1682647913335
115,1682647913336
116,1682647913336
117,1682647913337
118,1682647913337
119,1682647913338
120,1682647913338
121,1682647913339
122,1682647913598
123,1682647913601
124,1682647913601
125,1682647913602
126,1682647913608
127,1682647913609
128,1682647913610
129,1682647913611
130,1682647913613
131,1682647913616
132,1682647913617
133,1682647913617
134,1682647913618
135,1682647913619
136,1682647913623
137,1682647913625
138,1682647913625
139,1682647913626
140,1682647913629
141,1682647913630
142,1682647913635
143,1682647913641
144,1682647913645
145,1682647913645
146,1682647913647
147,1682647913648
148,1682647913649
149,1682647913649
150,1682647913650
151,1682647913650
152,1682647913651
153,1682647913651
154,1682647913651
155,1682647913652
156,1682647913653
157,1682647913657
158,1682647913658
159,1682647913659
160,1682647913660
161,1682647913660
162,1682647913661
163,1682647913662
164,1682647913663
165,1682647913663
166,1682647913664
167,1682647913664
168,1682647913665
169,1682647913665
170,1682647913665
171,1682647913666
172,1682647913666
173,1682647913666
174,1682647913667
175,1682647913667
176,1682647913668
177,1682647913668
178,1682647913669
179,1682647913673
180,1682647913674
181,1682647913675
182,1682647913675
183,1682647913676
184,1682647913677
185,1682647913678
186,1682647913681
187,1682647913682
188,1682647913683
189,1682647913684
190,1682647913684
191,1682647913691
192,1682647913693
193,1682647913695
194,1682647913697
195,1682647913698
196,1682647913699
197,1682647913699
198,1682647913701
199,1682647913702
200,1682647913708
201,1682647913708
202,1682647913709
203,1682647913709
204,1682647913709
205,1682647913710
206,1682647913710
207,1682647913710
208,1682647913711
209,1682647913711
210,1682647913711
211,1682647913712
212,1682647913712
213,1682647913712
214,1682647913713
215,1682647913713
216,1682647913714
217,1682647913714
218,1682647913714
219,1682647913715
220,1682647913715
221,1682647913715
222,1682647913716
223,1682647913716
224,1682647913716
225,1682647913717
226,1682647913717
227,1682647913717
228,1682647913718
229,1682647913718
230,1682647913719
231,1682647913719
232,1682647913722
233,1682647913723
234,1682647913723
235,1682647913724
236,1682647913725
237,1682647913726
238,1682647913726
239,1682647913726
240,1682647913727
241,1682647913728
242,1682647913728
243,1682647913732
244,1682647913733
245,1682647913734
246,1682647913734
247,1682647913735
248,1682647913735
249,1682647913740
250,1682647913742
251,1682647913743
252,1682647913743
253,1682647913744
254,1682647913744
255,1682647913745
256,1682647913745
