1,1682648479189
2,1682648479193
3,1682648479200
4,1682648479205
5,1682648479206
6,1682648479208
7,1682648479229
8,1682648479235
9,1682648479238
10,1682648479239
11,1682648479241
12,1682648479246
13,1682648479251
14,1682648479252
15,1682648479253
16,1682648479254
17,1682648479255
18,1682648479256
19,1682648479459
20,1682648479460
21,1682648479460
22,1682648479460
23,1682648479461
24,1682648479461
25,1682648479462
26,1682648479462
27,1682648479462
28,1682648479463
29,1682648479463
30,1682648479463
31,1682648479464
32,1682648479465
33,1682648479465
34,1682648479528
35,1682648479528
36,1682648479529
37,1682648479529
38,1682648479529
39,1682648479529
40,1682648479530
41,1682648479530
42,1682648479530
43,1682648479683
44,1682648479685
45,1682648479685
46,1682648479686
47,1682648479686
48,1682648479687
49,1682648479687
50,1682648479688
51,1682648479689
52,1682648479689
53,1682648479690
54,1682648479690
55,1682648479691
56,1682648479691
57,1682648479691
58,1682648479692
59,1682648479692
60,1682648479692
61,1682648479693
62,1682648479693
63,1682648479693
64,1682648479693
65,1682648479694
66,1682648479694
67,1682648479694
68,1682648479695
69,1682648479695
70,1682648479695
71,1682648479696
72,1682648479696
73,1682648479696
74,1682648479697
75,1682648479699
76,1682648479700
77,1682648479702
78,1682648479702
79,1682648479763
80,1682648479763
81,1682648479763
82,1682648479763
83,1682648479764
84,1682648479764
85,1682648479764
86,1682648479765
87,1682648479765
88,1682648479766
89,1682648479766
90,1682648479766
91,1682648479767
92,1682648479767
93,1682648479767
94,1682648479768
95,1682648479768
96,1682648479768
97,1682648479919
98,1682648479920
99,1682648479920
100,1682648479921
101,1682648479921
102,1682648479922
103,1682648479922
104,1682648479922
105,1682648479923
106,1682648479923
107,1682648479923
108,1682648479923
109,1682648479924
110,1682648479924
111,1682648479925
112,1682648479925
113,1682648479926
114,1682648479926
115,1682648479926
116,1682648479927
117,1682648479927
118,1682648479927
119,1682648479928
120,1682648479929
121,1682648479929
122,1682648479930
123,1682648479930
124,1682648479931
125,1682648479931
126,1682648479932
127,1682648479933
128,1682648479933
129,1682648479933
130,1682648479934
131,1682648479934
132,1682648479934
133,1682648479935
134,1682648479935
135,1682648479935
136,1682648480078
137,1682648480079
138,1682648480080
139,1682648480080
140,1682648480084
141,1682648480084
142,1682648480085
143,1682648480085
144,1682648480086
145,1682648480086
146,1682648480086
147,1682648480087
148,1682648480087
149,1682648480088
150,1682648480088
151,1682648480088
152,1682648480088
153,1682648480088
154,1682648480089
155,1682648480089
156,1682648480089
157,1682648480089
158,1682648480090
159,1682648480090
160,1682648480091
161,1682648480091
162,1682648480091
163,1682648480091
164,1682648480092
165,1682648480092
166,1682648480092
167,1682648480196
168,1682648480197
169,1682648480197
170,1682648480197
171,1682648480199
172,1682648480200
173,1682648480201
174,1682648480202
175,1682648480202
176,1682648480203
177,1682648480203
178,1682648480204
179,1682648480204
180,1682648480204
181,1682648480205
182,1682648480205
183,1682648480205
184,1682648480206
185,1682648480206
186,1682648480206
187,1682648480207
188,1682648480207
189,1682648480207
190,1682648480208
191,1682648480208
192,1682648480208
193,1682648480209
194,1682648480209
195,1682648480209
196,1682648480210
197,1682648480210
198,1682648480210
199,1682648480211
200,1682648480211
201,1682648480211
202,1682648480211
203,1682648480212
204,1682648480212
205,1682648480212
206,1682648480212
207,1682648480345
208,1682648480346
209,1682648480346
210,1682648480346
211,1682648480347
212,1682648480350
213,1682648480352
214,1682648480353
215,1682648480354
216,1682648480355
217,1682648480355
218,1682648480356
219,1682648480357
220,1682648480358
221,1682648480359
222,1682648480359
223,1682648480360
224,1682648480360
225,1682648480361
226,1682648480361
227,1682648480362
228,1682648480362
229,1682648480363
230,1682648480363
231,1682648480368
232,1682648480371
233,1682648480372
234,1682648480373
235,1682648480374
236,1682648480375
237,1682648480375
238,1682648480376
239,1682648480376
240,1682648480622
241,1682648480623
242,1682648480623
243,1682648480624
244,1682648480625
245,1682648480625
246,1682648480626
247,1682648480627
248,1682648480635
249,1682648480636
250,1682648480637
251,1682648480637
252,1682648480638
253,1682648480639
254,1682648480640
255,1682648480641
256,1682648480641
257,1682648480642
258,1682648480643
259,1682648480644
260,1682648480645
261,1682648480651
262,1682648480655
263,1682648480656
264,1682648480657
265,1682648480660
266,1682648480661
267,1682648480661
268,1682648480662
269,1682648480663
270,1682648480663
271,1682648480668
272,1682648480670
273,1682648480671
274,1682648480671
275,1682648480672
276,1682648480673
277,1682648480674
278,1682648480676
279,1682648480678
280,1682648480678
281,1682648480679
282,1682648480680
283,1682648480682
284,1682648480683
285,1682648480684
286,1682648480684
287,1682648480685
288,1682648480686
289,1682648480688
290,1682648480688
291,1682648480689
292,1682648480690
293,1682648480691
294,1682648480691
295,1682648480691
296,1682648480692
297,1682648480693
298,1682648480693
299,1682648480694
300,1682648480694
301,1682648480695
302,1682648480695
303,1682648480695
304,1682648480696
305,1682648480696
306,1682648480701
307,1682648480702
308,1682648480702
309,1682648480809
310,1682648480809
311,1682648480809
312,1682648480809
313,1682648480809
314,1682648480810
315,1682648480810
316,1682648480810
317,1682648480810
318,1682648480810
319,1682648480811
320,1682648480811
321,1682648480811
322,1682648480811
323,1682648480811
324,1682648480812
325,1682648480812
326,1682648480812
327,1682648480812
328,1682648480812
329,1682648480813
330,1682648480813
331,1682648480813
332,1682648480813
333,1682648480813
334,1682648480814
335,1682648480814
336,1682648480815
337,1682648480815
338,1682648480815
339,1682648480816
340,1682648480816
341,1682648480816
342,1682648480817
343,1682648480817
344,1682648480817
345,1682648480817
346,1682648480817
347,1682648480817
348,1682648480818
349,1682648480818
350,1682648480818
351,1682648480818
352,1682648481113
353,1682648481114
354,1682648481115
355,1682648481116
356,1682648481117
357,1682648481117
358,1682648481117
359,1682648481118
360,1682648481118
361,1682648481118
362,1682648481119
363,1682648481119
364,1682648481120
365,1682648481120
366,1682648481120
367,1682648481121
368,1682648481121
369,1682648481121
370,1682648481122
371,1682648481122
372,1682648481122
373,1682648481123
374,1682648481123
375,1682648481123
376,1682648481124
377,1682648481124
378,1682648481124
379,1682648481125
380,1682648481125
381,1682648481125
382,1682648481125
383,1682648481126
384,1682648481126
385,1682648481126
386,1682648481127
387,1682648481127
388,1682648481127
389,1682648481128
390,1682648481128
391,1682648481128
392,1682648481129
393,1682648481129
394,1682648481129
395,1682648481129
396,1682648481130
397,1682648481130
398,1682648481131
399,1682648481131
400,1682648481132
401,1682648481132
402,1682648481132
403,1682648481132
404,1682648481133
405,1682648481133
406,1682648481134
407,1682648481134
408,1682648481135
409,1682648481135
410,1682648481135
411,1682648481135
412,1682648481136
413,1682648481136
414,1682648481136
415,1682648481136
416,1682648481137
417,1682648481137
418,1682648481137
419,1682648481137
420,1682648481138
421,1682648481138
422,1682648481138
423,1682648481138
424,1682648481139
425,1682648481139
426,1682648481139
427,1682648481139
428,1682648481140
429,1682648481140
430,1682648481140
431,1682648481140
432,1682648481141
433,1682648481141
434,1682648481141
435,1682648481142
436,1682648481142
437,1682648481142
438,1682648481142
439,1682648481143
440,1682648481143
441,1682648481143
442,1682648481144
443,1682648481144
444,1682648481144
445,1682648481144
446,1682648481145
447,1682648481145
448,1682648481145
449,1682648481146
450,1682648481146
451,1682648481146
452,1682648481146
453,1682648481147
454,1682648481147
455,1682648481147
456,1682648481147
457,1682648481148
458,1682648481148
459,1682648481148
460,1682648481149
461,1682648481150
462,1682648481151
463,1682648481151
464,1682648481151
465,1682648481151
466,1682648481152
467,1682648481152
468,1682648481152
469,1682648481153
470,1682648481153
471,1682648481153
472,1682648481154
473,1682648481154
474,1682648481154
475,1682648481154
476,1682648481155
477,1682648481155
478,1682648481155
479,1682648481156
480,1682648481156
481,1682648481156
482,1682648481156
483,1682648481156
484,1682648481157
485,1682648481157
486,1682648481157
487,1682648481157
488,1682648481158
489,1682648481158
490,1682648481158
491,1682648481158
492,1682648481159
493,1682648481159
494,1682648481159
495,1682648481159
496,1682648481159
497,1682648481160
498,1682648481160
499,1682648481160
500,1682648481160
501,1682648481161
502,1682648481161
503,1682648481161
504,1682648481161
505,1682648481162
506,1682648481162
507,1682648481162
508,1682648481162
509,1682648481162
510,1682648481163
511,1682648481163
512,1682648481163
513,1682648481164
514,1682648481164
515,1682648481165
516,1682648481165
517,1682648481165
518,1682648481166
519,1682648481166
520,1682648481166
521,1682648481167
522,1682648481167
523,1682648481167
524,1682648481167
525,1682648481168
526,1682648481168
527,1682648481168
528,1682648481169
529,1682648481169
530,1682648481169
531,1682648481170
532,1682648481170
533,1682648481170
534,1682648481171
535,1682648481171
536,1682648481172
537,1682648481172
538,1682648481172
539,1682648481173
540,1682648481173
541,1682648481173
542,1682648481173
543,1682648481174
544,1682648481174
545,1682648481174
546,1682648481174
547,1682648481175
548,1682648481175
549,1682648481175
550,1682648481175
551,1682648481176
552,1682648481176
553,1682648481176
554,1682648481176
555,1682648481176
556,1682648481176
557,1682648481177
558,1682648481177
559,1682648481177
560,1682648481177
561,1682648481177
562,1682648481177
563,1682648481178
564,1682648481178
565,1682648481178
566,1682648481178
567,1682648481178
568,1682648481178
569,1682648481179
570,1682648481284
571,1682648481284
572,1682648481285
573,1682648481285
574,1682648481285
575,1682648481285
576,1682648481286
577,1682648481286
578,1682648481286
579,1682648481286
580,1682648481287
581,1682648481287
582,1682648481287
583,1682648481287
584,1682648481288
585,1682648481288
586,1682648481288
587,1682648481288
588,1682648481288
589,1682648481289
590,1682648481289
591,1682648481289
592,1682648481289
593,1682648481290
594,1682648481290
595,1682648481290
596,1682648481290
597,1682648481290
598,1682648481291
599,1682648481291
600,1682648481291
601,1682648481291
602,1682648481291
603,1682648481291
604,1682648481292
605,1682648481292
606,1682648481292
607,1682648481292
608,1682648481292
609,1682648481292
610,1682648481292
611,1682648481293
612,1682648481293
613,1682648481293
614,1682648481293
615,1682648481293
616,1682648481293
617,1682648481294
618,1682648481294
619,1682648481294
620,1682648481294
621,1682648481294
622,1682648481294
623,1682648481294
624,1682648481295
625,1682648481295
626,1682648481295
627,1682648481295
628,1682648481295
629,1682648481295
630,1682648481295
631,1682648481296
632,1682648481296
633,1682648481296
634,1682648481296
635,1682648481296
636,1682648481296
637,1682648481296
638,1682648481297
639,1682648481297
640,1682648481297
641,1682648481297
642,1682648481298
643,1682648481298
644,1682648481298
645,1682648481298
646,1682648481299
647,1682648481299
648,1682648481299
649,1682648481300
650,1682648481300
651,1682648481300
652,1682648481300
653,1682648481300
654,1682648481301
655,1682648481301
656,1682648481301
657,1682648481301
658,1682648481301
659,1682648481302
660,1682648481302
661,1682648481302
662,1682648481302
663,1682648481303
664,1682648481303
665,1682648481303
666,1682648481303
667,1682648481303
668,1682648481304
669,1682648481304
670,1682648481304
671,1682648481304
672,1682648481307
673,1682648481307
674,1682648481307
675,1682648481307
676,1682648481308
677,1682648481308
678,1682648481308
679,1682648481308
680,1682648481308
681,1682648481309
682,1682648481309
683,1682648481309
684,1682648481309
685,1682648481309
686,1682648481310
687,1682648481310
688,1682648481310
689,1682648481310
690,1682648481310
691,1682648481311
692,1682648481311
693,1682648481311
694,1682648481311
695,1682648481606
696,1682648481607
697,1682648481607
698,1682648481607
699,1682648481607
700,1682648481607
701,1682648481607
702,1682648481607
703,1682648481608
704,1682648481608
705,1682648481608
706,1682648481608
707,1682648481608
708,1682648481608
709,1682648481608
710,1682648481608
711,1682648481608
712,1682648481608
713,1682648481609
714,1682648481609
715,1682648481609
716,1682648481609
717,1682648481609
718,1682648481609
719,1682648481609
720,1682648481610
721,1682648481610
722,1682648481610
723,1682648481610
724,1682648481610
725,1682648481610
726,1682648481610
727,1682648481611
728,1682648481611
729,1682648481611
730,1682648481611
731,1682648481611
732,1682648481611
733,1682648481611
734,1682648481611
735,1682648481612
736,1682648481612
737,1682648481612
738,1682648481612
739,1682648481612
740,1682648481612
741,1682648481612
742,1682648481613
743,1682648481613
744,1682648481613
745,1682648481613
746,1682648481613
747,1682648481614
748,1682648481614
749,1682648481614
750,1682648481614
751,1682648481615
752,1682648481615
753,1682648481615
754,1682648481615
755,1682648481615
756,1682648481615
757,1682648481615
758,1682648481615
759,1682648481616
760,1682648481616
761,1682648481616
762,1682648481616
763,1682648481616
764,1682648481616
765,1682648481617
766,1682648481617
767,1682648481617
768,1682648481617
769,1682648481617
770,1682648481618
771,1682648481618
772,1682648481618
773,1682648481618
774,1682648481619
775,1682648481619
776,1682648481619
777,1682648481619
778,1682648481620
779,1682648481620
780,1682648481620
781,1682648481620
782,1682648481620
783,1682648481621
784,1682648481621
785,1682648481621
786,1682648481621
787,1682648481622
788,1682648481622
789,1682648481622
790,1682648481622
791,1682648481622
792,1682648481623
793,1682648481623
794,1682648481623
795,1682648481623
796,1682648481623
797,1682648481624
798,1682648481624
799,1682648481624
800,1682648481624
801,1682648481625
802,1682648481625
803,1682648481625
804,1682648481625
805,1682648481625
806,1682648481626
807,1682648481626
808,1682648481626
809,1682648481626
810,1682648481626
811,1682648481627
812,1682648481627
813,1682648481627
814,1682648481627
815,1682648481627
816,1682648481628
817,1682648481628
818,1682648481628
819,1682648481628
820,1682648481628
821,1682648481628
822,1682648481629
823,1682648481629
824,1682648481629
825,1682648481629
826,1682648481629
827,1682648481630
828,1682648481630
829,1682648481630
830,1682648481630
831,1682648481630
832,1682648481630
833,1682648481631
834,1682648481631
835,1682648481631
836,1682648481631
837,1682648481631
838,1682648481631
839,1682648481631
840,1682648481632
841,1682648481632
842,1682648481632
843,1682648481632
844,1682648481632
845,1682648481633
846,1682648481633
847,1682648481633
848,1682648481633
849,1682648481633
850,1682648481634
851,1682648481634
852,1682648481634
853,1682648481634
854,1682648481635
855,1682648481635
856,1682648481635
857,1682648481837
858,1682648481838
859,1682648481838
860,1682648481838
861,1682648481838
862,1682648481839
863,1682648481839
864,1682648481839
865,1682648481839
866,1682648481839
867,1682648481839
868,1682648481840
869,1682648481840
870,1682648481840
871,1682648481840
872,1682648481840
873,1682648481841
874,1682648481841
875,1682648481841
876,1682648481841
877,1682648481842
878,1682648481842
879,1682648481842
880,1682648481842
881,1682648481843
882,1682648481843
883,1682648481843
884,1682648481843
885,1682648481844
886,1682648481844
887,1682648481844
888,1682648481844
889,1682648481845
890,1682648481845
891,1682648481845
892,1682648481846
893,1682648481846
894,1682648481846
895,1682648481849
896,1682648481850
897,1682648481851
898,1682648481851
899,1682648481852
900,1682648481852
901,1682648481852
902,1682648481853
903,1682648481853
904,1682648481853
905,1682648481853
906,1682648481854
907,1682648481854
908,1682648481854
909,1682648481854
910,1682648481854
911,1682648481855
912,1682648481855
913,1682648481855
914,1682648481855
915,1682648481856
916,1682648481856
917,1682648481856
918,1682648481857
919,1682648481857
920,1682648481857
921,1682648481857
922,1682648481858
923,1682648481858
924,1682648481858
925,1682648481858
926,1682648481859
927,1682648481859
928,1682648481859
929,1682648481859
930,1682648481860
931,1682648481860
932,1682648481860
933,1682648481861
934,1682648481861
935,1682648481861
936,1682648481861
937,1682648481862
938,1682648481862
939,1682648481862
940,1682648481863
941,1682648481863
942,1682648481865
943,1682648481865
944,1682648481866
945,1682648481867
946,1682648481868
947,1682648481868
948,1682648481869
949,1682648481870
950,1682648481871
951,1682648481872
952,1682648481872
953,1682648481872
954,1682648481872
955,1682648481872
956,1682648481873
957,1682648481873
958,1682648481873
959,1682648481873
960,1682648481873
961,1682648481873
962,1682648481874
963,1682648481874
964,1682648481874
965,1682648481874
966,1682648481874
967,1682648481875
968,1682648481875
969,1682648481875
970,1682648481923
971,1682648481925
972,1682648481926
973,1682648481926
974,1682648481926
975,1682648481927
976,1682648481927
977,1682648481927
978,1682648481928
979,1682648481928
980,1682648481928
981,1682648481929
982,1682648481929
983,1682648481932
984,1682648481933
985,1682648481934
986,1682648481934
987,1682648481935
988,1682648481935
989,1682648481936
990,1682648481937
991,1682648481937
992,1682648481937
993,1682648481938
994,1682648481938
995,1682648481939
996,1682648481939
997,1682648481941
998,1682648481943
999,1682648481944
1000,1682648481944
1001,1682648481944
1002,1682648481949
1003,1682648481949
1004,1682648481950
1005,1682648481950
1006,1682648481951
1007,1682648481951
1008,1682648481951
1009,1682648481952
1010,1682648481953
1011,1682648481953
1012,1682648481954
1013,1682648481954
1014,1682648481954
1015,1682648481954
1016,1682648481954
1017,1682648481955
1018,1682648481955
1019,1682648481955
1020,1682648481956
1021,1682648481957
1022,1682648481957
1023,1682648481960
1024,1682648481960
