1,1682648588570
2,1682648588576
3,1682648588579
4,1682648588581
5,1682648588584
6,1682648588586
7,1682648588587
8,1682648588589
9,1682648588591
10,1682648588592
11,1682648588593
12,1682648588630
13,1682648588631
14,1682648588632
15,1682648588865
16,1682648588865
17,1682648588866
18,1682648588866
19,1682648588866
20,1682648588867
21,1682648588867
22,1682648588868
23,1682648588868
24,1682648588868
25,1682648588869
26,1682648588869
27,1682648589048
28,1682648589049
29,1682648589049
30,1682648589049
31,1682648589050
32,1682648589050
33,1682648589050
34,1682648589051
35,1682648589051
36,1682648589052
37,1682648589052
38,1682648589052
39,1682648589053
40,1682648589053
41,1682648589054
42,1682648589054
43,1682648589055
44,1682648589055
45,1682648589056
46,1682648589056
47,1682648589057
48,1682648589057
49,1682648589057
50,1682648589058
51,1682648589058
52,1682648589058
53,1682648589058
54,1682648589059
55,1682648589059
56,1682648589059
57,1682648589060
58,1682648589060
59,1682648589060
60,1682648589061
61,1682648589061
62,1682648589259
63,1682648589261
64,1682648589262
65,1682648589263
66,1682648589264
67,1682648589265
68,1682648589266
69,1682648589267
70,1682648589282
71,1682648589310
72,1682648589329
73,1682648589349
74,1682648589351
75,1682648589353
76,1682648589354
77,1682648589355
78,1682648589355
79,1682648589356
80,1682648589357
81,1682648589358
82,1682648589358
83,1682648589364
84,1682648589365
85,1682648589372
86,1682648589375
87,1682648589375
88,1682648589376
89,1682648589377
90,1682648589378
91,1682648589399
92,1682648589400
93,1682648589401
94,1682648589403
95,1682648589404
96,1682648589405
97,1682648589409
98,1682648589410
99,1682648589411
100,1682648589412
101,1682648589413
102,1682648589414
103,1682648589416
104,1682648589416
105,1682648589417
106,1682648589418
107,1682648589418
108,1682648589419
109,1682648589420
110,1682648589421
111,1682648589422
112,1682648589423
113,1682648589424
114,1682648589425
115,1682648589426
116,1682648589426
117,1682648589427
118,1682648589428
119,1682648589428
120,1682648589429
121,1682648589430
122,1682648589431
123,1682648589431
124,1682648589432
125,1682648589432
126,1682648589433
127,1682648589434
128,1682648589434
129,1682648589434
130,1682648589435
131,1682648589435
132,1682648589436
133,1682648589697
134,1682648589698
135,1682648589698
136,1682648589698
137,1682648589699
138,1682648589699
139,1682648589700
140,1682648589700
141,1682648589701
142,1682648589701
143,1682648589702
144,1682648589703
145,1682648589704
146,1682648589706
147,1682648589707
148,1682648589708
149,1682648589709
150,1682648589709
151,1682648589710
152,1682648589710
153,1682648589710
154,1682648589711
155,1682648589711
156,1682648589711
157,1682648589712
158,1682648589712
159,1682648589713
160,1682648589714
161,1682648589714
162,1682648589715
163,1682648589716
164,1682648589717
165,1682648589718
166,1682648589719
167,1682648589724
168,1682648589725
169,1682648589725
170,1682648589726
171,1682648589726
172,1682648589726
173,1682648589727
174,1682648589727
175,1682648589728
176,1682648589728
177,1682648589729
178,1682648589729
179,1682648589730
180,1682648589730
181,1682648589730
182,1682648589731
183,1682648589731
184,1682648589732
185,1682648589732
186,1682648589733
187,1682648589733
188,1682648589734
189,1682648589734
190,1682648589735
191,1682648589735
192,1682648589736
193,1682648589736
194,1682648589739
195,1682648589740
196,1682648589741
197,1682648589742
198,1682648589743
199,1682648589744
200,1682648589745
201,1682648589746
202,1682648589747
203,1682648589748
204,1682648589749
205,1682648589750
206,1682648589751
207,1682648589751
208,1682648589752
209,1682648590094
210,1682648590095
211,1682648590095
212,1682648590096
213,1682648590096
214,1682648590096
215,1682648590096
216,1682648590097
217,1682648590097
218,1682648590098
219,1682648590098
220,1682648590098
221,1682648590099
222,1682648590099
223,1682648590100
224,1682648590100
225,1682648590100
226,1682648590101
227,1682648590101
228,1682648590102
229,1682648590102
230,1682648590103
231,1682648590103
232,1682648590104
233,1682648590104
234,1682648590105
235,1682648590107
236,1682648590108
237,1682648590109
238,1682648590110
239,1682648590111
240,1682648590111
241,1682648590112
242,1682648590112
243,1682648590113
244,1682648590113
245,1682648590113
246,1682648590114
247,1682648590114
248,1682648590114
249,1682648590115
250,1682648590115
251,1682648590116
252,1682648590116
253,1682648590116
254,1682648590117
255,1682648590117
256,1682648590119
257,1682648590120
258,1682648590122
259,1682648590125
260,1682648590125
261,1682648590127
262,1682648590127
263,1682648590128
264,1682648590129
265,1682648590129
266,1682648590129
267,1682648590130
268,1682648590130
269,1682648590131
270,1682648590131
271,1682648590131
272,1682648590132
273,1682648590132
274,1682648590133
275,1682648590134
276,1682648590134
277,1682648590135
278,1682648590135
279,1682648590136
280,1682648590136
281,1682648590137
282,1682648590138
283,1682648590138
284,1682648590139
285,1682648590139
286,1682648590140
287,1682648590140
288,1682648590141
289,1682648590141
290,1682648590142
291,1682648590142
292,1682648590142
293,1682648590143
294,1682648590143
295,1682648590144
296,1682648590144
297,1682648590144
298,1682648590145
299,1682648590145
300,1682648590145
301,1682648590146
302,1682648590146
303,1682648590146
304,1682648590147
305,1682648590147
306,1682648590147
307,1682648590148
308,1682648590148
309,1682648590148
310,1682648590149
311,1682648590149
312,1682648590149
313,1682648590150
314,1682648590150
315,1682648590151
316,1682648590151
317,1682648590151
318,1682648590152
319,1682648590152
320,1682648590152
321,1682648590152
322,1682648590153
323,1682648590153
324,1682648590153
325,1682648590154
326,1682648590154
327,1682648590155
328,1682648590155
329,1682648590156
330,1682648590156
331,1682648590156
332,1682648590156
333,1682648590157
334,1682648590157
335,1682648590389
336,1682648590390
337,1682648590390
338,1682648590390
339,1682648590391
340,1682648590391
341,1682648590391
342,1682648590391
343,1682648590392
344,1682648590392
345,1682648590393
346,1682648590393
347,1682648590393
348,1682648590393
349,1682648590394
350,1682648590394
351,1682648590394
352,1682648590394
353,1682648590394
354,1682648590394
355,1682648590395
356,1682648590395
357,1682648590395
358,1682648590395
359,1682648590395
360,1682648590395
361,1682648590395
362,1682648590396
363,1682648590396
364,1682648590396
365,1682648590396
366,1682648590396
367,1682648590396
368,1682648590396
369,1682648590397
370,1682648590397
371,1682648590397
372,1682648590397
373,1682648590397
374,1682648590397
375,1682648590398
376,1682648590398
377,1682648590398
378,1682648590398
379,1682648590398
380,1682648590398
381,1682648590399
382,1682648590399
383,1682648590399
384,1682648590399
385,1682648590399
386,1682648590399
387,1682648590400
388,1682648590400
389,1682648590400
390,1682648590400
391,1682648590400
392,1682648590400
393,1682648590401
394,1682648590401
395,1682648590401
396,1682648590401
397,1682648590401
398,1682648590402
399,1682648590402
400,1682648590402
401,1682648590402
402,1682648590402
403,1682648590403
404,1682648590403
405,1682648590403
406,1682648590403
407,1682648590403
408,1682648590404
409,1682648590404
410,1682648590404
411,1682648590404
412,1682648590404
413,1682648590405
414,1682648590405
415,1682648590405
416,1682648590405
417,1682648590406
418,1682648590406
419,1682648590406
420,1682648590406
421,1682648590406
422,1682648590407
423,1682648590407
424,1682648590407
425,1682648590407
426,1682648590408
427,1682648590408
428,1682648590408
429,1682648590408
430,1682648590409
431,1682648590409
432,1682648590409
433,1682648590410
434,1682648590410
435,1682648590410
436,1682648590411
437,1682648590411
438,1682648590411
439,1682648590411
440,1682648590411
441,1682648590412
442,1682648590412
443,1682648590412
444,1682648590413
445,1682648590413
446,1682648590413
447,1682648590414
448,1682648590414
449,1682648590414
450,1682648590414
451,1682648590415
452,1682648590415
453,1682648590415
454,1682648590415
455,1682648590415
456,1682648590415
457,1682648590415
458,1682648590416
459,1682648590416
460,1682648590416
461,1682648590416
462,1682648590416
463,1682648590416
464,1682648590416
465,1682648590417
466,1682648590417
467,1682648590417
468,1682648590417
469,1682648590417
470,1682648590417
471,1682648590418
472,1682648590418
473,1682648590418
474,1682648590418
475,1682648590418
476,1682648590418
477,1682648590419
478,1682648590419
479,1682648590419
480,1682648590419
481,1682648590419
482,1682648590419
483,1682648590419
484,1682648590420
485,1682648590420
486,1682648590420
487,1682648590420
488,1682648590420
489,1682648590751
490,1682648590751
491,1682648590751
492,1682648590752
493,1682648590752
494,1682648590752
495,1682648590753
496,1682648590753
497,1682648590753
498,1682648590753
499,1682648590754
500,1682648590754
501,1682648590754
502,1682648590754
503,1682648590754
504,1682648590754
505,1682648590755
506,1682648590755
507,1682648590755
508,1682648590755
509,1682648590755
510,1682648590756
511,1682648590756
512,1682648590756
513,1682648590756
514,1682648590757
515,1682648590757
516,1682648590757
517,1682648590757
518,1682648590758
519,1682648590758
520,1682648590758
521,1682648590758
522,1682648590759
523,1682648590759
524,1682648590759
525,1682648590759
526,1682648590760
527,1682648590760
528,1682648590760
529,1682648590761
530,1682648590761
531,1682648590761
532,1682648590761
533,1682648590762
534,1682648590762
535,1682648590762
536,1682648590763
537,1682648590763
538,1682648590763
539,1682648590763
540,1682648590764
541,1682648590764
542,1682648590764
543,1682648590765
544,1682648590765
545,1682648590765
546,1682648590765
547,1682648590765
548,1682648590765
549,1682648590766
550,1682648590766
551,1682648590766
552,1682648590766
553,1682648590766
554,1682648590767
555,1682648590767
556,1682648590767
557,1682648590767
558,1682648590767
559,1682648590767
560,1682648590768
561,1682648590768
562,1682648590768
563,1682648590768
564,1682648590768
565,1682648590768
566,1682648590768
567,1682648590769
568,1682648590769
569,1682648590769
570,1682648590769
571,1682648590769
572,1682648590769
573,1682648590769
574,1682648590769
575,1682648590770
576,1682648590770
577,1682648590770
578,1682648590770
579,1682648590771
580,1682648590771
581,1682648590771
582,1682648590771
583,1682648590771
584,1682648590772
585,1682648590772
586,1682648590772
587,1682648590772
588,1682648590773
589,1682648590773
590,1682648590773
591,1682648590773
592,1682648590774
593,1682648590774
594,1682648590774
595,1682648590774
596,1682648590775
597,1682648590775
598,1682648590775
599,1682648590775
600,1682648590775
601,1682648590776
602,1682648590776
603,1682648590776
604,1682648590776
605,1682648590776
606,1682648590776
607,1682648590777
608,1682648590777
609,1682648590777
610,1682648590777
611,1682648590777
612,1682648590777
613,1682648590778
614,1682648590778
615,1682648590778
616,1682648590778
617,1682648590778
618,1682648590778
619,1682648590779
620,1682648590779
621,1682648590779
622,1682648590779
623,1682648590779
624,1682648590779
625,1682648590780
626,1682648590780
627,1682648590780
628,1682648590780
629,1682648590780
630,1682648590781
631,1682648590781
632,1682648590781
633,1682648590781
634,1682648590781
635,1682648590781
636,1682648590782
637,1682648590782
638,1682648590782
639,1682648590782
640,1682648590782
641,1682648590782
642,1682648590783
643,1682648590783
644,1682648590783
645,1682648590783
646,1682648590783
647,1682648590784
648,1682648590784
649,1682648590784
650,1682648590784
651,1682648590784
652,1682648590784
653,1682648590784
654,1682648590784
655,1682648590785
656,1682648590785
657,1682648590785
658,1682648590785
659,1682648590785
660,1682648590785
661,1682648590785
662,1682648590785
663,1682648590785
664,1682648590786
665,1682648590786
666,1682648590786
667,1682648590786
668,1682648590786
669,1682648590786
670,1682648590786
671,1682648590787
672,1682648590787
673,1682648590787
674,1682648590787
675,1682648590787
676,1682648590787
677,1682648590788
678,1682648590788
679,1682648590788
680,1682648590788
681,1682648590789
682,1682648590789
683,1682648590789
684,1682648590789
685,1682648590790
686,1682648590790
687,1682648590790
688,1682648590790
689,1682648590790
690,1682648590791
691,1682648590791
692,1682648590791
693,1682648590791
694,1682648590791
695,1682648590792
696,1682648590792
697,1682648590792
698,1682648590792
699,1682648590792
700,1682648590793
701,1682648590793
702,1682648590793
703,1682648590793
704,1682648590793
705,1682648590794
706,1682648590794
707,1682648590794
708,1682648590794
709,1682648590794
710,1682648590794
711,1682648590795
712,1682648590795
713,1682648590795
714,1682648590795
715,1682648590795
716,1682648590796
717,1682648591005
718,1682648591005
719,1682648591005
720,1682648591006
721,1682648591006
722,1682648591006
723,1682648591006
724,1682648591006
725,1682648591006
726,1682648591007
727,1682648591007
728,1682648591007
729,1682648591007
730,1682648591008
731,1682648591008
732,1682648591008
733,1682648591008
734,1682648591008
735,1682648591009
736,1682648591009
737,1682648591009
738,1682648591009
739,1682648591010
740,1682648591010
741,1682648591010
742,1682648591010
743,1682648591010
744,1682648591010
745,1682648591011
746,1682648591011
747,1682648591011
748,1682648591011
749,1682648591012
750,1682648591012
751,1682648591012
752,1682648591012
753,1682648591012
754,1682648591012
755,1682648591012
756,1682648591013
757,1682648591013
758,1682648591013
759,1682648591013
760,1682648591013
761,1682648591013
762,1682648591014
763,1682648591014
764,1682648591014
765,1682648591014
766,1682648591014
767,1682648591014
768,1682648591014
769,1682648591014
770,1682648591015
771,1682648591015
772,1682648591015
773,1682648591015
774,1682648591015
775,1682648591015
776,1682648591015
777,1682648591015
778,1682648591016
779,1682648591016
780,1682648591016
781,1682648591016
782,1682648591016
783,1682648591016
784,1682648591016
785,1682648591016
786,1682648591016
787,1682648591017
788,1682648591017
789,1682648591017
790,1682648591017
791,1682648591017
792,1682648591017
793,1682648591017
794,1682648591017
795,1682648591018
796,1682648591018
797,1682648591018
798,1682648591018
799,1682648591018
800,1682648591018
801,1682648591018
802,1682648591019
803,1682648591019
804,1682648591019
805,1682648591019
806,1682648591019
807,1682648591019
808,1682648591019
809,1682648591019
810,1682648591019
811,1682648591019
812,1682648591020
813,1682648591020
814,1682648591020
815,1682648591020
816,1682648591020
817,1682648591020
818,1682648591020
819,1682648591020
820,1682648591021
821,1682648591021
822,1682648591021
823,1682648591021
824,1682648591021
825,1682648591021
826,1682648591021
827,1682648591022
828,1682648591022
829,1682648591022
830,1682648591022
831,1682648591022
832,1682648591022
833,1682648591022
834,1682648591023
835,1682648591023
836,1682648591023
837,1682648591023
838,1682648591023
839,1682648591023
840,1682648591023
841,1682648591024
842,1682648591024
843,1682648591024
844,1682648591024
845,1682648591024
846,1682648591025
847,1682648591025
848,1682648591025
849,1682648591025
850,1682648591025
851,1682648591025
852,1682648591025
853,1682648591025
854,1682648591026
855,1682648591026
856,1682648591026
857,1682648591026
858,1682648591026
859,1682648591026
860,1682648591026
861,1682648591026
862,1682648591026
863,1682648591026
864,1682648591027
865,1682648591027
866,1682648591027
867,1682648591027
868,1682648591027
869,1682648591027
870,1682648591027
871,1682648591028
872,1682648591028
873,1682648591030
874,1682648591030
875,1682648591030
876,1682648591031
877,1682648591031
878,1682648591031
879,1682648591031
880,1682648591031
881,1682648591031
882,1682648591031
883,1682648591032
884,1682648591032
885,1682648591032
886,1682648591032
887,1682648591032
888,1682648591032
889,1682648591032
890,1682648591032
891,1682648591033
892,1682648591033
893,1682648591033
894,1682648591033
895,1682648591033
896,1682648591033
897,1682648591033
898,1682648591033
899,1682648591034
900,1682648591034
901,1682648591034
902,1682648591034
903,1682648591034
904,1682648591034
905,1682648591034
906,1682648591034
907,1682648591034
908,1682648591035
909,1682648591035
910,1682648591035
911,1682648591035
912,1682648591035
913,1682648591035
914,1682648591035
915,1682648591035
916,1682648591035
917,1682648591036
918,1682648591036
919,1682648591036
920,1682648591036
921,1682648591036
922,1682648591036
923,1682648591036
924,1682648591036
925,1682648591036
926,1682648591037
927,1682648591037
928,1682648591037
929,1682648591037
930,1682648591037
931,1682648591038
932,1682648591038
933,1682648591038
934,1682648591038
935,1682648591038
936,1682648591038
937,1682648591038
938,1682648591039
939,1682648591039
940,1682648591039
941,1682648591039
942,1682648591039
943,1682648591039
944,1682648591040
945,1682648591040
946,1682648591040
947,1682648591040
948,1682648591040
949,1682648591040
950,1682648591040
951,1682648591040
952,1682648591040
953,1682648591041
954,1682648591041
955,1682648591041
956,1682648591041
957,1682648591041
958,1682648591041
959,1682648591041
960,1682648591041
961,1682648591041
962,1682648591041
963,1682648591041
964,1682648591042
965,1682648591042
966,1682648591042
967,1682648591042
968,1682648591042
969,1682648591042
970,1682648591042
971,1682648591042
972,1682648591042
973,1682648591042
974,1682648591042
975,1682648591043
976,1682648591043
977,1682648591043
978,1682648591043
979,1682648591043
980,1682648591043
981,1682648591043
982,1682648591043
983,1682648591043
984,1682648591043
985,1682648591044
986,1682648591044
987,1682648591044
988,1682648591044
989,1682648591044
990,1682648591044
991,1682648591044
992,1682648591045
993,1682648591045
994,1682648591045
995,1682648591045
996,1682648591045
997,1682648591045
998,1682648591045
999,1682648591045
1000,1682648591046
1001,1682648591046
1002,1682648591046
1003,1682648591046
1004,1682648591046
1005,1682648591046
1006,1682648591046
1007,1682648591046
1008,1682648591046
1009,1682648591047
1010,1682648591047
1011,1682648591260
1012,1682648591260
1013,1682648591261
1014,1682648591261
1015,1682648591261
1016,1682648591261
1017,1682648591261
1018,1682648591261
1019,1682648591262
1020,1682648591262
1021,1682648591262
1022,1682648591262
1023,1682648591262
1024,1682648591263
1025,1682648591263
1026,1682648591263
1027,1682648591263
1028,1682648591263
1029,1682648591264
1030,1682648591264
1031,1682648591264
1032,1682648591264
1033,1682648591264
1034,1682648591264
1035,1682648591265
1036,1682648591265
1037,1682648591265
1038,1682648591265
1039,1682648591265
1040,1682648591265
1041,1682648591266
1042,1682648591266
1043,1682648591266
1044,1682648591266
1045,1682648591266
1046,1682648591267
1047,1682648591267
1048,1682648591267
1049,1682648591267
1050,1682648591267
1051,1682648591267
1052,1682648591267
1053,1682648591268
1054,1682648591268
1055,1682648591268
1056,1682648591268
1057,1682648591268
1058,1682648591268
1059,1682648591268
1060,1682648591269
1061,1682648591269
1062,1682648591269
1063,1682648591269
1064,1682648591269
1065,1682648591269
1066,1682648591270
1067,1682648591270
1068,1682648591270
1069,1682648591270
1070,1682648591270
1071,1682648591271
1072,1682648591271
1073,1682648591271
1074,1682648591271
1075,1682648591272
1076,1682648591272
1077,1682648591272
1078,1682648591272
1079,1682648591273
1080,1682648591273
1081,1682648591273
1082,1682648591273
1083,1682648591274
1084,1682648591274
1085,1682648591274
1086,1682648591274
1087,1682648591275
1088,1682648591275
1089,1682648591275
1090,1682648591275
1091,1682648591276
1092,1682648591276
1093,1682648591276
1094,1682648591276
1095,1682648591277
1096,1682648591277
1097,1682648591277
1098,1682648591277
1099,1682648591278
1100,1682648591278
1101,1682648591278
1102,1682648591278
1103,1682648591278
1104,1682648591278
1105,1682648591279
1106,1682648591279
1107,1682648591279
1108,1682648591279
1109,1682648591279
1110,1682648591279
1111,1682648591279
1112,1682648591280
1113,1682648591280
1114,1682648591280
1115,1682648591280
1116,1682648591280
1117,1682648591280
1118,1682648591280
1119,1682648591281
1120,1682648591281
1121,1682648591281
1122,1682648591281
1123,1682648591281
1124,1682648591281
1125,1682648591281
1126,1682648591282
1127,1682648591282
1128,1682648591282
1129,1682648591282
1130,1682648591282
1131,1682648591282
1132,1682648591282
1133,1682648591283
1134,1682648591283
1135,1682648591283
1136,1682648591283
1137,1682648591283
1138,1682648591284
1139,1682648591284
1140,1682648591284
1141,1682648591284
1142,1682648591284
1143,1682648591284
1144,1682648591284
1145,1682648591285
1146,1682648591285
1147,1682648591285
1148,1682648591285
1149,1682648591285
1150,1682648591285
1151,1682648591286
1152,1682648591286
1153,1682648591286
1154,1682648591286
1155,1682648591286
1156,1682648591286
1157,1682648591287
1158,1682648591287
1159,1682648591287
1160,1682648591288
1161,1682648591288
1162,1682648591288
1163,1682648591288
1164,1682648591296
1165,1682648591299
1166,1682648591302
1167,1682648591302
1168,1682648591302
1169,1682648591303
1170,1682648591304
1171,1682648591307
1172,1682648591307
1173,1682648591308
1174,1682648591308
1175,1682648591308
1176,1682648591308
1177,1682648591309
1178,1682648591309
1179,1682648591309
1180,1682648591309
1181,1682648591310
1182,1682648591310
1183,1682648591310
1184,1682648591310
1185,1682648591312
1186,1682648591312
1187,1682648591312
1188,1682648591312
1189,1682648591313
1190,1682648591313
1191,1682648591313
1192,1682648591313
1193,1682648591315
1194,1682648591315
1195,1682648591315
1196,1682648591315
1197,1682648591316
1198,1682648591316
1199,1682648591316
1200,1682648591316
1201,1682648591317
1202,1682648591317
1203,1682648591317
1204,1682648591323
1205,1682648591323
1206,1682648591324
1207,1682648591324
1208,1682648591324
1209,1682648591324
1210,1682648591324
1211,1682648591325
1212,1682648591325
1213,1682648591325
1214,1682648591325
1215,1682648591325
1216,1682648591326
1217,1682648591333
1218,1682648591333
1219,1682648591333
1220,1682648591333
1221,1682648591334
1222,1682648591334
1223,1682648591334
1224,1682648591334
1225,1682648591334
1226,1682648591335
1227,1682648591338
1228,1682648591338
1229,1682648591339
1230,1682648591339
1231,1682648591339
1232,1682648591339
1233,1682648591339
1234,1682648591340
1235,1682648591340
1236,1682648591340
1237,1682648591340
1238,1682648591345
1239,1682648591345
1240,1682648591345
1241,1682648591346
1242,1682648591346
1243,1682648591346
1244,1682648591347
1245,1682648591347
1246,1682648591347
1247,1682648591347
1248,1682648591347
1249,1682648591348
1250,1682648591348
1251,1682648591348
1252,1682648591348
1253,1682648591349
1254,1682648591349
1255,1682648591349
1256,1682648591362
1257,1682648591362
1258,1682648591362
1259,1682648591362
1260,1682648591363
1261,1682648591363
1262,1682648591363
1263,1682648591363
1264,1682648591364
1265,1682648591364
1266,1682648591364
1267,1682648591364
1268,1682648591365
1269,1682648591365
1270,1682648591365
1271,1682648591365
1272,1682648591365
1273,1682648591365
1274,1682648591366
1275,1682648591366
1276,1682648591366
1277,1682648591367
1278,1682648591367
1279,1682648591367
1280,1682648591368
