1,1682648242929
2,1682648242932
3,1682648242934
4,1682648242936
5,1682648242937
6,1682648242939
7,1682648242940
8,1682648242941
9,1682648243025
10,1682648243175
11,1682648243176
12,1682648243177
13,1682648243177
14,1682648243178
15,1682648243178
16,1682648243179
17,1682648243179
18,1682648243180
19,1682648243181
20,1682648243181
21,1682648243182
22,1682648243182
23,1682648243183
24,1682648243183
25,1682648243183
26,1682648243184
27,1682648243184
28,1682648243184
29,1682648243262
30,1682648243262
31,1682648243263
32,1682648243263
33,1682648243263
34,1682648243263
35,1682648243264
36,1682648243264
37,1682648243264
38,1682648243265
39,1682648243265
40,1682648243265
41,1682648243266
42,1682648243266
43,1682648243266
44,1682648243416
45,1682648243416
46,1682648243416
47,1682648243417
48,1682648243417
49,1682648243417
50,1682648243418
51,1682648243418
52,1682648243418
53,1682648243418
54,1682648243419
55,1682648243419
56,1682648243419
57,1682648243419
58,1682648243419
59,1682648243419
60,1682648243420
61,1682648243420
62,1682648243420
63,1682648243420
64,1682648243420
65,1682648243421
66,1682648243421
67,1682648243600
68,1682648243600
69,1682648243601
70,1682648243601
71,1682648243602
72,1682648243602
73,1682648243603
74,1682648243603
75,1682648243603
76,1682648243604
77,1682648243604
78,1682648243605
79,1682648243607
80,1682648243608
81,1682648243609
82,1682648243610
83,1682648243610
84,1682648243611
85,1682648243611
86,1682648243612
87,1682648243612
88,1682648243613
89,1682648243613
90,1682648243729
91,1682648243729
92,1682648243730
93,1682648243731
94,1682648243731
95,1682648243732
96,1682648243733
97,1682648243733
98,1682648243734
99,1682648243734
100,1682648243735
101,1682648243735
102,1682648243736
103,1682648243737
104,1682648243737
105,1682648243738
106,1682648243738
107,1682648243740
108,1682648243741
109,1682648243742
110,1682648243742
111,1682648243743
112,1682648243744
113,1682648243744
114,1682648243745
115,1682648243746
116,1682648243746
117,1682648243747
118,1682648243747
119,1682648243748
120,1682648243902
121,1682648243902
122,1682648243902
123,1682648243903
124,1682648243903
125,1682648243903
126,1682648243903
127,1682648243903
128,1682648243904
129,1682648243904
130,1682648243904
131,1682648243904
132,1682648243905
133,1682648243905
134,1682648243905
135,1682648243906
136,1682648243906
137,1682648243907
138,1682648243907
139,1682648243907
140,1682648243908
141,1682648243908
142,1682648243909
143,1682648243909
144,1682648243909
145,1682648243909
146,1682648243910
147,1682648243910
148,1682648243910
149,1682648243910
150,1682648243910
151,1682648243910
152,1682648243911
153,1682648243911
154,1682648243911
155,1682648243911
156,1682648243911
157,1682648243912
158,1682648243912
159,1682648243912
160,1682648243912
161,1682648243912
162,1682648243912
163,1682648243913
164,1682648243913
165,1682648243913
166,1682648243913
167,1682648243913
168,1682648243914
169,1682648243914
170,1682648243914
171,1682648243914
172,1682648243914
173,1682648244125
174,1682648244126
175,1682648244126
176,1682648244126
177,1682648244127
178,1682648244128
179,1682648244128
180,1682648244129
181,1682648244129
182,1682648244129
183,1682648244130
184,1682648244130
185,1682648244131
186,1682648244131
187,1682648244132
188,1682648244132
189,1682648244133
190,1682648244133
191,1682648244133
192,1682648244134
193,1682648244134
194,1682648244135
195,1682648244135
196,1682648244135
197,1682648244136
198,1682648244136
199,1682648244137
200,1682648244137
201,1682648244138
202,1682648244138
203,1682648244138
204,1682648244139
205,1682648244139
206,1682648244141
207,1682648244141
208,1682648244141
209,1682648244142
210,1682648244142
211,1682648244142
212,1682648244143
213,1682648244143
214,1682648244144
215,1682648244144
216,1682648244144
217,1682648244145
218,1682648244145
219,1682648244145
220,1682648244146
221,1682648244365
222,1682648244365
223,1682648244365
224,1682648244365
225,1682648244366
226,1682648244366
227,1682648244366
228,1682648244366
229,1682648244367
230,1682648244367
231,1682648244367
232,1682648244367
233,1682648244368
234,1682648244368
235,1682648244368
236,1682648244368
237,1682648244369
238,1682648244369
239,1682648244369
240,1682648244370
241,1682648244370
242,1682648244370
243,1682648244370
244,1682648244371
245,1682648244371
246,1682648244371
247,1682648244372
248,1682648244372
249,1682648244372
250,1682648244373
251,1682648244373
252,1682648244374
253,1682648244374
254,1682648244375
255,1682648244375
256,1682648244375
257,1682648244375
258,1682648244376
259,1682648244376
260,1682648244376
261,1682648244377
262,1682648244377
263,1682648244377
264,1682648244378
265,1682648244378
266,1682648244378
267,1682648244378
268,1682648244379
269,1682648244379
270,1682648244379
271,1682648244380
272,1682648244380
273,1682648244380
274,1682648244380
275,1682648244381
276,1682648244381
277,1682648244381
278,1682648244381
279,1682648244382
280,1682648244382
281,1682648244382
282,1682648244382
283,1682648244383
284,1682648244383
285,1682648244383
286,1682648244383
287,1682648244384
288,1682648244384
289,1682648244384
290,1682648244384
291,1682648244385
292,1682648244385
293,1682648244385
294,1682648244385
295,1682648244386
296,1682648244386
297,1682648244386
298,1682648244508
299,1682648244508
300,1682648244509
301,1682648244509
302,1682648244509
303,1682648244510
304,1682648244510
305,1682648244510
306,1682648244510
307,1682648244511
308,1682648244511
309,1682648244511
310,1682648244512
311,1682648244512
312,1682648244512
313,1682648244512
314,1682648244513
315,1682648244513
316,1682648244513
317,1682648244514
318,1682648244514
319,1682648244514
320,1682648244514
321,1682648244515
322,1682648244515
323,1682648244515
324,1682648244516
325,1682648244516
326,1682648244516
327,1682648244517
328,1682648244517
329,1682648244517
330,1682648244618
331,1682648244619
332,1682648244619
333,1682648244619
334,1682648244619
335,1682648244619
336,1682648244619
337,1682648244619
338,1682648244620
339,1682648244620
340,1682648244620
341,1682648244620
342,1682648244620
343,1682648244620
344,1682648244621
345,1682648244621
346,1682648244621
347,1682648244621
348,1682648244621
349,1682648244621
350,1682648244621
351,1682648244621
352,1682648244622
353,1682648244622
354,1682648244622
355,1682648244622
356,1682648244622
357,1682648244622
358,1682648244622
359,1682648244622
360,1682648244622
361,1682648244623
362,1682648244623
363,1682648244623
364,1682648244623
365,1682648244623
366,1682648244623
367,1682648244624
368,1682648244624
369,1682648244624
370,1682648244624
371,1682648244781
372,1682648244781
373,1682648244782
374,1682648244782
375,1682648244782
376,1682648244782
377,1682648244782
378,1682648244783
379,1682648244783
380,1682648244783
381,1682648244784
382,1682648244784
383,1682648244784
384,1682648244784
385,1682648244785
386,1682648244785
387,1682648244786
388,1682648244786
389,1682648244786
390,1682648244786
391,1682648244787
392,1682648244787
393,1682648244787
394,1682648244788
395,1682648244788
396,1682648244788
397,1682648244789
398,1682648244789
399,1682648244789
400,1682648244790
401,1682648244790
402,1682648244790
403,1682648244790
404,1682648244791
405,1682648244791
406,1682648244791
407,1682648244792
408,1682648244792
409,1682648244792
410,1682648244792
411,1682648244792
412,1682648244793
413,1682648244793
414,1682648244793
415,1682648244793
416,1682648244793
417,1682648244793
418,1682648244794
419,1682648244794
420,1682648244794
421,1682648244794
422,1682648244794
423,1682648244794
424,1682648244795
425,1682648244795
426,1682648244795
427,1682648244795
428,1682648244795
429,1682648244796
430,1682648244796
431,1682648244796
432,1682648244796
433,1682648244797
434,1682648244797
435,1682648244797
436,1682648244797
437,1682648244897
438,1682648244897
439,1682648244897
440,1682648244898
441,1682648244898
442,1682648244898
443,1682648244898
444,1682648244898
445,1682648244899
446,1682648244899
447,1682648244899
448,1682648244899
449,1682648244899
450,1682648244900
451,1682648244900
452,1682648244900
453,1682648244901
454,1682648244901
455,1682648244901
456,1682648244901
457,1682648244901
458,1682648244901
459,1682648244902
460,1682648244902
461,1682648244902
462,1682648244902
463,1682648244903
464,1682648244903
465,1682648244903
466,1682648244903
467,1682648244903
468,1682648244904
469,1682648244904
470,1682648244904
471,1682648244904
472,1682648244904
473,1682648244905
474,1682648244905
475,1682648244905
476,1682648244905
477,1682648244905
478,1682648244906
479,1682648244906
480,1682648244906
481,1682648244906
482,1682648244906
483,1682648244907
484,1682648244907
485,1682648244907
486,1682648244907
487,1682648244908
488,1682648244908
489,1682648244908
490,1682648244908
491,1682648244909
492,1682648244909
493,1682648244909
494,1682648244909
495,1682648244910
496,1682648244910
497,1682648244910
498,1682648244910
499,1682648244910
500,1682648244911
501,1682648244911
502,1682648244911
503,1682648244911
504,1682648244911
505,1682648244911
506,1682648244911
507,1682648244912
508,1682648244912
509,1682648244912
510,1682648244912
511,1682648244912
512,1682648244912
513,1682648244912
514,1682648244912
515,1682648244912
516,1682648244913
517,1682648245162
518,1682648245163
519,1682648245163
520,1682648245164
521,1682648245165
522,1682648245165
523,1682648245167
524,1682648245169
525,1682648245170
526,1682648245174
527,1682648245176
528,1682648245178
529,1682648245180
530,1682648245181
531,1682648245181
532,1682648245183
533,1682648245185
534,1682648245187
535,1682648245193
536,1682648245198
537,1682648245199
538,1682648245201
539,1682648245202
540,1682648245203
541,1682648245204
542,1682648245204
543,1682648245204
544,1682648245205
545,1682648245209
546,1682648245210
547,1682648245211
548,1682648245218
549,1682648245223
550,1682648245224
551,1682648245226
552,1682648245227
553,1682648245247
554,1682648245248
555,1682648245249
556,1682648245249
557,1682648245249
558,1682648245250
559,1682648245250
560,1682648245251
561,1682648245252
562,1682648245254
563,1682648245258
564,1682648245259
565,1682648245259
566,1682648245260
567,1682648245260
568,1682648245260
569,1682648245261
570,1682648245261
571,1682648245261
572,1682648245262
573,1682648245262
574,1682648245262
575,1682648245262
576,1682648245271
577,1682648245276
578,1682648245279
579,1682648245284
580,1682648245287
581,1682648245294
582,1682648245303
583,1682648245312
584,1682648245313
585,1682648245317
586,1682648245318
587,1682648245325
588,1682648245335
589,1682648245346
590,1682648245353
591,1682648245354
592,1682648245358
593,1682648245359
594,1682648245359
595,1682648245360
596,1682648245361
597,1682648245364
598,1682648245366
599,1682648245366
600,1682648245367
601,1682648245368
602,1682648245368
603,1682648245368
604,1682648245369
605,1682648245369
606,1682648245374
607,1682648245382
608,1682648245384
609,1682648245386
610,1682648245394
611,1682648245395
612,1682648245400
613,1682648245403
614,1682648245403
615,1682648245403
616,1682648245404
617,1682648245404
618,1682648245404
619,1682648245406
620,1682648245409
621,1682648245410
622,1682648245410
623,1682648245410
624,1682648245411
625,1682648245411
626,1682648245412
627,1682648245412
628,1682648245413
629,1682648245417
630,1682648245420
631,1682648245421
632,1682648245432
633,1682648245433
634,1682648245434
635,1682648245434
636,1682648245435
637,1682648245436
638,1682648245436
639,1682648245437
640,1682648245437
641,1682648245438
642,1682648245444
643,1682648245446
644,1682648245448
645,1682648245448
646,1682648245449
647,1682648245450
648,1682648245451
649,1682648245451
650,1682648245451
651,1682648245452
652,1682648245452
653,1682648245452
654,1682648245453
655,1682648245453
656,1682648245453
657,1682648245454
658,1682648245454
659,1682648245454
660,1682648245455
661,1682648245455
662,1682648245456
663,1682648245456
664,1682648245457
665,1682648245457
666,1682648245458
667,1682648245459
668,1682648245462
669,1682648245462
670,1682648245463
671,1682648245463
672,1682648245463
673,1682648245463
674,1682648245464
675,1682648245464
676,1682648245464
677,1682648245465
678,1682648245465
679,1682648245465
680,1682648245465
681,1682648245465
682,1682648245466
683,1682648245466
684,1682648245466
685,1682648245467
686,1682648245467
687,1682648245467
688,1682648245467
689,1682648245468
690,1682648245468
691,1682648245468
692,1682648245469
693,1682648245469
694,1682648245469
695,1682648245469
696,1682648245470
697,1682648245470
698,1682648245470
699,1682648245471
700,1682648245475
701,1682648245475
702,1682648245477
703,1682648245479
704,1682648245480
705,1682648245480
706,1682648245480
707,1682648245481
708,1682648245481
709,1682648245481
710,1682648245482
711,1682648245482
712,1682648245483
713,1682648245483
714,1682648245483
715,1682648245484
716,1682648245484
717,1682648245485
718,1682648245485
719,1682648245485
720,1682648245486
721,1682648245486
722,1682648245487
723,1682648245487
724,1682648245487
725,1682648245487
726,1682648245488
727,1682648245489
728,1682648245489
729,1682648245489
730,1682648245490
731,1682648245490
732,1682648245491
733,1682648245491
734,1682648245492
735,1682648245492
736,1682648245493
737,1682648245493
738,1682648245494
739,1682648245494
740,1682648245495
741,1682648245495
742,1682648245496
743,1682648245496
744,1682648245497
745,1682648245497
746,1682648245497
747,1682648245498
748,1682648245498
749,1682648245499
750,1682648245499
751,1682648245500
752,1682648245500
753,1682648245500
754,1682648245500
755,1682648245500
756,1682648245501
757,1682648245501
758,1682648245501
759,1682648245502
760,1682648245502
761,1682648245502
762,1682648245503
763,1682648245503
764,1682648245503
765,1682648245504
766,1682648245504
767,1682648245504
768,1682648245509
