1,1682647664085
2,1682647664086
3,1682647664086
4,1682647664087
5,1682647664087
6,1682647664088
7,1682647664089
8,1682647664090
9,1682647664091
10,1682647664092
11,1682647664093
12,1682647664093
13,1682647664094
14,1682647664094
15,1682647664095
16,1682647664095
17,1682647664096
18,1682647664096
19,1682647664097
20,1682647664097
21,1682647664098
22,1682647664098
23,1682647664099
24,1682647664099
25,1682647664099
26,1682647664100
27,1682647664101
28,1682647664102
29,1682647664102
30,1682647664103
31,1682647664103
32,1682647664104
33,1682647664105
34,1682647664183
35,1682647664183
36,1682647664188
37,1682647664189
38,1682647664193
39,1682647664194
40,1682647664200
41,1682647664200
42,1682647664201
43,1682647664204
44,1682647664205
45,1682647664205
46,1682647664205
47,1682647664206
48,1682647664218
49,1682647664218
50,1682647664222
51,1682647664222
52,1682647664223
53,1682647664223
54,1682647664228
55,1682647664229
56,1682647664229
57,1682647664230
58,1682647664230
59,1682647664233
60,1682647664235
61,1682647664235
62,1682647664236
63,1682647664236
64,1682647664237
