1,1682647610403
2,1682647610422
3,1682647610424
4,1682647610429
5,1682647610431
6,1682647610434
7,1682647610437
8,1682647610440
9,1682647610443
10,1682647610450
11,1682647610710
12,1682647610711
13,1682647610712
14,1682647610713
15,1682647610715
16,1682647610715
17,1682647610716
18,1682647610717
19,1682647610718
20,1682647610718
21,1682647610718
22,1682647610719
23,1682647610719
24,1682647610720
25,1682647610720
26,1682647610837
27,1682647610839
28,1682647610840
29,1682647610842
30,1682647610843
31,1682647610847
32,1682647610849
33,1682647610851
34,1682647610852
35,1682647610853
36,1682647610854
37,1682647610854
38,1682647610855
39,1682647610855
40,1682647610856
41,1682647610856
42,1682647610856
43,1682647610857
44,1682647610857
45,1682647610858
46,1682647610865
47,1682647610865
48,1682647610867
49,1682647610868
50,1682647610868
51,1682647610869
52,1682647610869
53,1682647610870
54,1682647610872
55,1682647610874
56,1682647610874
57,1682647610877
58,1682647610879
59,1682647610882
60,1682647610882
61,1682647610883
62,1682647610884
63,1682647610884
64,1682647610884
