1,1682647774250
2,1682647774258
3,1682647774262
4,1682647774263
5,1682647774273
6,1682647774274
7,1682647774276
8,1682647774333
9,1682647774334
10,1682647774335
11,1682647774425
12,1682647774425
13,1682647774426
14,1682647774426
15,1682647774427
16,1682647774427
17,1682647774427
18,1682647774427
19,1682647774428
20,1682647774428
21,1682647774428
22,1682647774429
23,1682647774429
24,1682647774551
25,1682647774552
26,1682647774552
27,1682647774553
28,1682647774553
29,1682647774554
30,1682647774556
31,1682647774564
32,1682647774565
33,1682647774565
34,1682647774565
35,1682647774566
36,1682647774567
37,1682647774567
38,1682647774657
39,1682647774658
40,1682647774658
41,1682647774659
42,1682647774659
43,1682647774660
44,1682647774660
45,1682647774660
46,1682647774661
47,1682647774661
48,1682647774661
49,1682647774662
50,1682647774662
51,1682647774662
52,1682647774663
53,1682647774663
54,1682647774663
55,1682647774664
56,1682647774664
57,1682647774665
58,1682647774665
59,1682647774666
60,1682647774666
61,1682647774668
62,1682647774668
63,1682647774669
64,1682647774669
65,1682647774671
66,1682647774674
67,1682647774674
68,1682647774676
69,1682647774676
70,1682647774679
71,1682647774680
72,1682647774681
73,1682647774681
74,1682647774682
75,1682647774683
76,1682647774684
77,1682647774685
78,1682647774690
79,1682647774691
80,1682647774691
81,1682647774692
82,1682647774693
83,1682647774695
84,1682647774696
85,1682647774697
86,1682647774697
87,1682647774699
88,1682647774699
89,1682647774700
90,1682647774700
91,1682647774701
92,1682647774702
93,1682647774703
94,1682647774703
95,1682647774705
96,1682647774706
97,1682647774707
98,1682647774708
99,1682647774710
100,1682647774710
101,1682647774711
102,1682647774711
103,1682647774711
104,1682647774712
105,1682647774712
106,1682647774713
107,1682647774714
108,1682647774714
109,1682647774715
110,1682647774715
111,1682647774716
112,1682647774725
113,1682647774736
114,1682647774736
115,1682647774739
116,1682647774740
117,1682647774740
118,1682647774741
119,1682647774741
120,1682647774741
121,1682647774742
122,1682647774755
123,1682647774756
124,1682647774765
125,1682647774766
126,1682647774767
127,1682647774767
128,1682647774768
