1,1682648631800
2,1682648631802
3,1682648631804
4,1682648631805
5,1682648631807
6,1682648631808
7,1682648631813
8,1682648631815
9,1682648631818
10,1682648631820
11,1682648631821
12,1682648631823
13,1682648631825
14,1682648631827
15,1682648632067
16,1682648632068
17,1682648632069
18,1682648632069
19,1682648632070
20,1682648632070
21,1682648632071
22,1682648632072
23,1682648632072
24,1682648632073
25,1682648632139
26,1682648632140
27,1682648632140
28,1682648632140
29,1682648632141
30,1682648632141
31,1682648632141
32,1682648632142
33,1682648632142
34,1682648632142
35,1682648632143
36,1682648632143
37,1682648632143
38,1682648632143
39,1682648632144
40,1682648632271
41,1682648632271
42,1682648632271
43,1682648632272
44,1682648632272
45,1682648632273
46,1682648632273
47,1682648632273
48,1682648632274
49,1682648632274
50,1682648632274
51,1682648632274
52,1682648632275
53,1682648632275
54,1682648632275
55,1682648632276
56,1682648632276
57,1682648632276
58,1682648632277
59,1682648632277
60,1682648632277
61,1682648632277
62,1682648632278
63,1682648632278
64,1682648632278
65,1682648632279
66,1682648632279
67,1682648632279
68,1682648632280
69,1682648632280
70,1682648632368
71,1682648632368
72,1682648632369
73,1682648632369
74,1682648632369
75,1682648632370
76,1682648632370
77,1682648632370
78,1682648632371
79,1682648632371
80,1682648632372
81,1682648632373
82,1682648632374
83,1682648632374
84,1682648632375
85,1682648632375
86,1682648632375
87,1682648632376
88,1682648632376
89,1682648632377
90,1682648632377
91,1682648632377
92,1682648632378
93,1682648632378
94,1682648632379
95,1682648632380
96,1682648632380
97,1682648632381
98,1682648632381
99,1682648632382
100,1682648632382
101,1682648632383
102,1682648632383
103,1682648632383
104,1682648632383
105,1682648632653
106,1682648632653
107,1682648632654
108,1682648632655
109,1682648632655
110,1682648632656
111,1682648632656
112,1682648632657
113,1682648632657
114,1682648632658
115,1682648632658
116,1682648632659
117,1682648632661
118,1682648632664
119,1682648632667
120,1682648632669
121,1682648632671
122,1682648632671
123,1682648632672
124,1682648632673
125,1682648632683
126,1682648632684
127,1682648632685
128,1682648632686
129,1682648632687
130,1682648632689
131,1682648632690
132,1682648632691
133,1682648632741
134,1682648632742
135,1682648632742
136,1682648632747
137,1682648632747
138,1682648632749
139,1682648632750
140,1682648632752
141,1682648632753
142,1682648632754
143,1682648632754
144,1682648632755
145,1682648632755
146,1682648632756
147,1682648632756
148,1682648632757
149,1682648632758
150,1682648632758
151,1682648632759
152,1682648632764
153,1682648632764
154,1682648632765
155,1682648632770
156,1682648632771
157,1682648632773
158,1682648632773
159,1682648632774
160,1682648632911
161,1682648632912
162,1682648632913
163,1682648632914
164,1682648632915
165,1682648632915
166,1682648632916
167,1682648632916
168,1682648632917
169,1682648632920
170,1682648632921
171,1682648632923
172,1682648632924
173,1682648632924
174,1682648632927
175,1682648632930
176,1682648632932
177,1682648632933
178,1682648632933
179,1682648632935
180,1682648632935
181,1682648632936
182,1682648632936
183,1682648632937
184,1682648632937
185,1682648632938
186,1682648632939
187,1682648632940
188,1682648632941
189,1682648632942
190,1682648632947
191,1682648632949
192,1682648632950
193,1682648632951
194,1682648632952
195,1682648633250
196,1682648633251
197,1682648633252
198,1682648633252
199,1682648633253
200,1682648633254
201,1682648633254
202,1682648633255
203,1682648633256
204,1682648633257
205,1682648633257
206,1682648633258
207,1682648633258
208,1682648633259
209,1682648633261
210,1682648633262
211,1682648633263
212,1682648633263
213,1682648633264
214,1682648633264
215,1682648633265
216,1682648633266
217,1682648633266
218,1682648633267
219,1682648633268
220,1682648633268
221,1682648633269
222,1682648633270
223,1682648633270
224,1682648633271
225,1682648633271
226,1682648633272
227,1682648633272
228,1682648633273
229,1682648633273
230,1682648633274
231,1682648633274
232,1682648633275
233,1682648633275
234,1682648633277
235,1682648633280
236,1682648633281
237,1682648633282
238,1682648633282
239,1682648633283
240,1682648633283
241,1682648633284
242,1682648633285
243,1682648633286
244,1682648633286
245,1682648633287
246,1682648633288
247,1682648633289
248,1682648633290
249,1682648633290
250,1682648633291
251,1682648633292
252,1682648633292
253,1682648633295
254,1682648633296
255,1682648633296
256,1682648633297
257,1682648633298
258,1682648633299
259,1682648633301
260,1682648633302
261,1682648633303
262,1682648633305
263,1682648633308
264,1682648633311
265,1682648633313
266,1682648633314
267,1682648633316
268,1682648633316
269,1682648633317
270,1682648633317
271,1682648633319
272,1682648633319
273,1682648633320
274,1682648633321
275,1682648633322
276,1682648633323
277,1682648633324
278,1682648633330
279,1682648633331
280,1682648633333
281,1682648633334
282,1682648633335
283,1682648633335
284,1682648633336
285,1682648633337
286,1682648633337
287,1682648633338
288,1682648633339
289,1682648633339
290,1682648633340
291,1682648633341
292,1682648633341
293,1682648633342
294,1682648633342
295,1682648633346
296,1682648633347
297,1682648633347
298,1682648633348
299,1682648633349
300,1682648633349
301,1682648633350
302,1682648633351
303,1682648633351
304,1682648633352
305,1682648633353
306,1682648633356
307,1682648633356
308,1682648633357
309,1682648633358
310,1682648633358
311,1682648633359
312,1682648633360
313,1682648633360
314,1682648633363
315,1682648633364
316,1682648633364
317,1682648633495
318,1682648633495
319,1682648633495
320,1682648633496
321,1682648633496
322,1682648633496
323,1682648633497
324,1682648633497
325,1682648633498
326,1682648633498
327,1682648633498
328,1682648633499
329,1682648633499
330,1682648633499
331,1682648633499
332,1682648633500
333,1682648633500
334,1682648633500
335,1682648633501
336,1682648633501
337,1682648633501
338,1682648633502
339,1682648633502
340,1682648633502
341,1682648633503
342,1682648633503
343,1682648633503
344,1682648633503
345,1682648633504
346,1682648633504
347,1682648633504
348,1682648633504
349,1682648633504
350,1682648633505
351,1682648633505
352,1682648633505
353,1682648633506
354,1682648633506
355,1682648633728
356,1682648633728
357,1682648633729
358,1682648633729
359,1682648633729
360,1682648633729
361,1682648633730
362,1682648633730
363,1682648633730
364,1682648633730
365,1682648633730
366,1682648633731
367,1682648633731
368,1682648633731
369,1682648633731
370,1682648633731
371,1682648633732
372,1682648633732
373,1682648633732
374,1682648633732
375,1682648633732
376,1682648633733
377,1682648633733
378,1682648633733
379,1682648633733
380,1682648633734
381,1682648633734
382,1682648633734
383,1682648633734
384,1682648633735
385,1682648633735
386,1682648633735
387,1682648633735
388,1682648633735
389,1682648633736
390,1682648633736
391,1682648633736
392,1682648633737
393,1682648633737
394,1682648633737
395,1682648633738
396,1682648633738
397,1682648633738
398,1682648633739
399,1682648633739
400,1682648633739
401,1682648633740
402,1682648633740
403,1682648633740
404,1682648633740
405,1682648633740
406,1682648633741
407,1682648633741
408,1682648633741
409,1682648633741
410,1682648633742
411,1682648633742
412,1682648633742
413,1682648633742
414,1682648633742
415,1682648633743
416,1682648633743
417,1682648633743
418,1682648633744
419,1682648633744
420,1682648633744
421,1682648633744
422,1682648633745
423,1682648633745
424,1682648633745
425,1682648633745
426,1682648633745
427,1682648633746
428,1682648633746
429,1682648633746
430,1682648633746
431,1682648633746
432,1682648633747
433,1682648633747
434,1682648633747
435,1682648633747
436,1682648633748
437,1682648633748
438,1682648633748
439,1682648633748
440,1682648633749
441,1682648633749
442,1682648633749
443,1682648633749
444,1682648633750
445,1682648633750
446,1682648633750
447,1682648633751
448,1682648633751
449,1682648633751
450,1682648633751
451,1682648633751
452,1682648633752
453,1682648633752
454,1682648633752
455,1682648633752
456,1682648633752
457,1682648633752
458,1682648633753
459,1682648633753
460,1682648633753
461,1682648633753
462,1682648633753
463,1682648633753
464,1682648633754
465,1682648633754
466,1682648633754
467,1682648633754
468,1682648633755
469,1682648633755
470,1682648633755
471,1682648633755
472,1682648633755
473,1682648633756
474,1682648633756
475,1682648633756
476,1682648633756
477,1682648633756
478,1682648633757
479,1682648633757
480,1682648633757
481,1682648633757
482,1682648633758
483,1682648633758
484,1682648633758
485,1682648633759
486,1682648633761
487,1682648633761
488,1682648633762
489,1682648633763
490,1682648633764
491,1682648633764
492,1682648633764
493,1682648633765
494,1682648633765
495,1682648633766
496,1682648633766
497,1682648633766
498,1682648633767
499,1682648633767
500,1682648633767
501,1682648633768
502,1682648633768
503,1682648633768
504,1682648633768
505,1682648633769
506,1682648633769
507,1682648633769
508,1682648633769
509,1682648633769
510,1682648633769
511,1682648633770
512,1682648633770
513,1682648633770
514,1682648633911
515,1682648633911
516,1682648633911
517,1682648633912
518,1682648633912
519,1682648633912
520,1682648633912
521,1682648633913
522,1682648633913
523,1682648633913
524,1682648633913
525,1682648633914
526,1682648633914
527,1682648633914
528,1682648633914
529,1682648633915
530,1682648633915
531,1682648633915
532,1682648633915
533,1682648633916
534,1682648633916
535,1682648633916
536,1682648633916
537,1682648633916
538,1682648633916
539,1682648633917
540,1682648633917
541,1682648633917
542,1682648633917
543,1682648633917
544,1682648633918
545,1682648633918
546,1682648633918
547,1682648633918
548,1682648633919
549,1682648633919
550,1682648633919
551,1682648633919
552,1682648633919
553,1682648633919
554,1682648633920
555,1682648633920
556,1682648633920
557,1682648633920
558,1682648633920
559,1682648633920
560,1682648633921
561,1682648633921
562,1682648633921
563,1682648633921
564,1682648633921
565,1682648633921
566,1682648633922
567,1682648633922
568,1682648633922
569,1682648633922
570,1682648633922
571,1682648633922
572,1682648633923
573,1682648633923
574,1682648633923
575,1682648633923
576,1682648633923
577,1682648633924
578,1682648633924
579,1682648633924
580,1682648633924
581,1682648633924
582,1682648633925
583,1682648633925
584,1682648633925
585,1682648633925
586,1682648633926
587,1682648633926
588,1682648633927
589,1682648633928
590,1682648633928
591,1682648633929
592,1682648633929
593,1682648633929
594,1682648633929
595,1682648633930
596,1682648633930
597,1682648633930
598,1682648633930
599,1682648633931
600,1682648633931
601,1682648633931
602,1682648633931
603,1682648633931
604,1682648633931
605,1682648633932
606,1682648633932
607,1682648633932
608,1682648633932
609,1682648633932
610,1682648633932
611,1682648633933
612,1682648633933
613,1682648633933
614,1682648633933
615,1682648633934
616,1682648633934
617,1682648633934
618,1682648633934
619,1682648633935
620,1682648633935
621,1682648633935
622,1682648633935
623,1682648633935
624,1682648633935
625,1682648633936
626,1682648633936
627,1682648633936
628,1682648633936
629,1682648633936
630,1682648633937
631,1682648633937
632,1682648633937
633,1682648633937
634,1682648633938
635,1682648633938
636,1682648633938
637,1682648634127
638,1682648634127
639,1682648634127
640,1682648634128
641,1682648634128
642,1682648634129
643,1682648634129
644,1682648634130
645,1682648634130
646,1682648634130
647,1682648634131
648,1682648634131
649,1682648634131
650,1682648634132
651,1682648634132
652,1682648634132
653,1682648634132
654,1682648634132
655,1682648634133
656,1682648634133
657,1682648634133
658,1682648634133
659,1682648634134
660,1682648634134
661,1682648634134
662,1682648634134
663,1682648634134
664,1682648634135
665,1682648634135
666,1682648634135
667,1682648634136
668,1682648634136
669,1682648634136
670,1682648634136
671,1682648634137
672,1682648634137
673,1682648634137
674,1682648634137
675,1682648634138
676,1682648634138
677,1682648634138
678,1682648634138
679,1682648634138
680,1682648634139
681,1682648634139
682,1682648634139
683,1682648634139
684,1682648634140
685,1682648634140
686,1682648634140
687,1682648634140
688,1682648634141
689,1682648634141
690,1682648634141
691,1682648634142
692,1682648634142
693,1682648634144
694,1682648634146
695,1682648634147
696,1682648634148
697,1682648634148
698,1682648634149
699,1682648634149
700,1682648634149
701,1682648634150
702,1682648634150
703,1682648634150
704,1682648634150
705,1682648634151
706,1682648634151
707,1682648634151
708,1682648634151
709,1682648634151
710,1682648634152
711,1682648634152
712,1682648634152
713,1682648634152
714,1682648634152
715,1682648634153
716,1682648634153
717,1682648634153
718,1682648634153
719,1682648634153
720,1682648634154
721,1682648634154
722,1682648634154
723,1682648634155
724,1682648634155
725,1682648634155
726,1682648634155
727,1682648634156
728,1682648634156
729,1682648634156
730,1682648634156
731,1682648634377
732,1682648634378
733,1682648634378
734,1682648634378
735,1682648634379
736,1682648634379
737,1682648634379
738,1682648634380
739,1682648634380
740,1682648634380
741,1682648634381
742,1682648634381
743,1682648634381
744,1682648634381
745,1682648634381
746,1682648634382
747,1682648634382
748,1682648634382
749,1682648634382
750,1682648634382
751,1682648634383
752,1682648634383
753,1682648634383
754,1682648634383
755,1682648634383
756,1682648634383
757,1682648634384
758,1682648634384
759,1682648634384
760,1682648634384
761,1682648634384
762,1682648634384
763,1682648634384
764,1682648634385
765,1682648634385
766,1682648634385
767,1682648634385
768,1682648634385
769,1682648634385
770,1682648634385
771,1682648634386
772,1682648634386
773,1682648634386
774,1682648634386
775,1682648634386
776,1682648634386
777,1682648634386
778,1682648634387
779,1682648634387
780,1682648634387
781,1682648634387
782,1682648634387
783,1682648634387
784,1682648634387
785,1682648634388
786,1682648634388
787,1682648634388
788,1682648634388
789,1682648634388
790,1682648634388
791,1682648634388
792,1682648634389
793,1682648634389
794,1682648634389
795,1682648634389
796,1682648634389
797,1682648634389
798,1682648634389
799,1682648634390
800,1682648634390
801,1682648634390
802,1682648634390
803,1682648634390
804,1682648634390
805,1682648634390
806,1682648634391
807,1682648634391
808,1682648634391
809,1682648634391
810,1682648634391
811,1682648634391
812,1682648634392
813,1682648634392
814,1682648634392
815,1682648634392
816,1682648634392
817,1682648634392
818,1682648634392
819,1682648634393
820,1682648634393
821,1682648634393
822,1682648634393
823,1682648634394
824,1682648634394
825,1682648634394
826,1682648634394
827,1682648634394
828,1682648634394
829,1682648634395
830,1682648634395
831,1682648634395
832,1682648634395
833,1682648634395
834,1682648634396
835,1682648634396
836,1682648634396
837,1682648634396
838,1682648634397
839,1682648634397
840,1682648634397
841,1682648634397
842,1682648634397
843,1682648634397
844,1682648634398
845,1682648634398
846,1682648634398
847,1682648634398
848,1682648634398
849,1682648634399
850,1682648634399
851,1682648634399
852,1682648634399
853,1682648634399
854,1682648634580
855,1682648634580
856,1682648634580
857,1682648634580
858,1682648634580
859,1682648634581
860,1682648634581
861,1682648634581
862,1682648634581
863,1682648634581
864,1682648634581
865,1682648634582
866,1682648634582
867,1682648634582
868,1682648634582
869,1682648634582
870,1682648634583
871,1682648634583
872,1682648634583
873,1682648634583
874,1682648634583
875,1682648634583
876,1682648634584
877,1682648634584
878,1682648634584
879,1682648634584
880,1682648634585
881,1682648634585
882,1682648634585
883,1682648634585
884,1682648634585
885,1682648634586
886,1682648634586
887,1682648634586
888,1682648634586
889,1682648634587
890,1682648634587
891,1682648634587
892,1682648634587
893,1682648634588
894,1682648634588
895,1682648634588
896,1682648634588
897,1682648634589
898,1682648634589
899,1682648634589
900,1682648634589
901,1682648634590
902,1682648634590
903,1682648634590
904,1682648634590
905,1682648634590
906,1682648634590
907,1682648634591
908,1682648634591
909,1682648634591
910,1682648634591
911,1682648634591
912,1682648634591
913,1682648634592
914,1682648634592
915,1682648634592
916,1682648634592
917,1682648634593
918,1682648634593
919,1682648634594
920,1682648634595
921,1682648634596
922,1682648634596
923,1682648634596
924,1682648634597
925,1682648634597
926,1682648634597
927,1682648634598
928,1682648634598
929,1682648634598
930,1682648634598
931,1682648634599
932,1682648634599
933,1682648634599
934,1682648634599
935,1682648634599
936,1682648634600
937,1682648634600
938,1682648634600
939,1682648634600
940,1682648634600
941,1682648634601
942,1682648634601
943,1682648634601
944,1682648634602
945,1682648634602
946,1682648634602
947,1682648634602
948,1682648634602
949,1682648634603
950,1682648634603
951,1682648634603
952,1682648634603
953,1682648634603
954,1682648634604
955,1682648634604
956,1682648634604
957,1682648634604
958,1682648634604
959,1682648634605
960,1682648634605
961,1682648634605
962,1682648634605
963,1682648634605
964,1682648634605
965,1682648634606
966,1682648634606
967,1682648634606
968,1682648634606
969,1682648634606
970,1682648634606
971,1682648634607
972,1682648634607
973,1682648634607
974,1682648634607
975,1682648634607
976,1682648634608
977,1682648634608
978,1682648634608
979,1682648634608
980,1682648634608
981,1682648634609
982,1682648634609
983,1682648634609
984,1682648634609
985,1682648634610
986,1682648634610
987,1682648634610
988,1682648634610
989,1682648634611
990,1682648634611
991,1682648634611
992,1682648634612
993,1682648634612
994,1682648634612
995,1682648634613
996,1682648634613
997,1682648634613
998,1682648634614
999,1682648634614
1000,1682648634614
1001,1682648634615
1002,1682648634616
1003,1682648634616
1004,1682648634616
1005,1682648634616
1006,1682648634617
1007,1682648634617
1008,1682648634741
1009,1682648634742
1010,1682648634742
1011,1682648634742
1012,1682648634742
1013,1682648634742
1014,1682648634743
1015,1682648634743
1016,1682648634743
1017,1682648634743
1018,1682648634743
1019,1682648634743
1020,1682648634743
1021,1682648634744
1022,1682648634744
1023,1682648634744
1024,1682648634744
1025,1682648634744
1026,1682648634744
1027,1682648634745
1028,1682648634745
1029,1682648634745
1030,1682648634745
1031,1682648634745
1032,1682648634746
1033,1682648634746
1034,1682648634746
1035,1682648634746
1036,1682648634746
1037,1682648634747
1038,1682648634747
1039,1682648634747
1040,1682648634747
1041,1682648634747
1042,1682648634748
1043,1682648634748
1044,1682648634748
1045,1682648634748
1046,1682648634749
1047,1682648634749
1048,1682648634749
1049,1682648634749
1050,1682648634749
1051,1682648634750
1052,1682648634750
1053,1682648634750
1054,1682648634750
1055,1682648634750
1056,1682648634751
1057,1682648634751
1058,1682648634751
1059,1682648634751
1060,1682648634751
1061,1682648634752
1062,1682648634752
1063,1682648634752
1064,1682648634752
1065,1682648634752
1066,1682648634753
1067,1682648634753
1068,1682648634753
1069,1682648634753
1070,1682648634753
1071,1682648634754
1072,1682648634754
1073,1682648634754
1074,1682648634754
1075,1682648634754
1076,1682648634755
1077,1682648634755
1078,1682648634755
1079,1682648634755
1080,1682648634755
1081,1682648634756
1082,1682648634756
1083,1682648634756
1084,1682648634756
1085,1682648634756
1086,1682648634757
1087,1682648634757
1088,1682648634757
1089,1682648634757
1090,1682648634758
1091,1682648634758
1092,1682648634758
1093,1682648634758
1094,1682648634758
1095,1682648634759
1096,1682648634759
1097,1682648634759
1098,1682648634759
1099,1682648634759
1100,1682648634760
1101,1682648634760
1102,1682648634760
1103,1682648634760
1104,1682648634761
1105,1682648634761
1106,1682648634761
1107,1682648634761
1108,1682648634761
1109,1682648634761
1110,1682648634762
1111,1682648634762
1112,1682648634762
1113,1682648634762
1114,1682648634762
1115,1682648634762
1116,1682648634763
1117,1682648634763
1118,1682648634763
1119,1682648634763
1120,1682648634763
1121,1682648634764
1122,1682648634764
1123,1682648634764
1124,1682648634764
1125,1682648634765
1126,1682648634765
1127,1682648634765
1128,1682648634765
1129,1682648634766
1130,1682648634898
1131,1682648634898
1132,1682648634898
1133,1682648634899
1134,1682648634899
1135,1682648634899
1136,1682648634900
1137,1682648634900
1138,1682648634900
1139,1682648634901
1140,1682648634901
1141,1682648634901
1142,1682648634902
1143,1682648634902
1144,1682648634903
1145,1682648634903
1146,1682648634903
1147,1682648634903
1148,1682648634904
1149,1682648634904
1150,1682648634904
1151,1682648634905
1152,1682648634905
1153,1682648634905
1154,1682648634905
1155,1682648634905
1156,1682648634906
1157,1682648634906
1158,1682648634906
1159,1682648634906
1160,1682648634907
1161,1682648634907
1162,1682648634907
1163,1682648634908
1164,1682648634908
1165,1682648634908
1166,1682648634908
1167,1682648634909
1168,1682648634909
1169,1682648634909
1170,1682648634910
1171,1682648634910
1172,1682648634911
1173,1682648634911
1174,1682648634912
1175,1682648634912
1176,1682648634912
1177,1682648634913
1178,1682648634913
1179,1682648634913
1180,1682648634914
1181,1682648634914
1182,1682648634914
1183,1682648634915
1184,1682648634915
1185,1682648634915
1186,1682648634915
1187,1682648634916
1188,1682648634916
1189,1682648634916
1190,1682648634917
1191,1682648634917
1192,1682648634917
1193,1682648634918
1194,1682648634918
1195,1682648634918
1196,1682648634919
1197,1682648634919
1198,1682648634919
1199,1682648634920
1200,1682648634920
1201,1682648634921
1202,1682648634922
1203,1682648634922
1204,1682648634923
1205,1682648634923
1206,1682648634924
1207,1682648634924
1208,1682648634924
1209,1682648634925
1210,1682648634925
1211,1682648634926
1212,1682648634926
1213,1682648634927
1214,1682648634927
1215,1682648634928
1216,1682648634928
1217,1682648634929
1218,1682648634929
1219,1682648634932
1220,1682648634933
1221,1682648634934
1222,1682648634934
1223,1682648634935
1224,1682648634935
1225,1682648634937
1226,1682648634938
1227,1682648634939
1228,1682648634939
1229,1682648634940
1230,1682648634941
1231,1682648634941
1232,1682648634942
1233,1682648634944
1234,1682648634945
1235,1682648634946
1236,1682648634947
1237,1682648634948
1238,1682648634948
1239,1682648634948
1240,1682648634949
1241,1682648634950
1242,1682648634951
1243,1682648634953
1244,1682648634953
1245,1682648634955
1246,1682648634955
1247,1682648634956
1248,1682648634956
1249,1682648634957
1250,1682648634958
1251,1682648634959
1252,1682648634962
1253,1682648634963
1254,1682648634966
1255,1682648634968
1256,1682648634969
1257,1682648634970
1258,1682648634971
1259,1682648634971
1260,1682648634972
1261,1682648634972
1262,1682648634972
1263,1682648634973
1264,1682648634973
1265,1682648634973
1266,1682648634974
1267,1682648634975
1268,1682648634975
1269,1682648634976
1270,1682648634978
1271,1682648634978
1272,1682648634979
1273,1682648634979
1274,1682648634980
1275,1682648634980
1276,1682648634981
1277,1682648634981
1278,1682648634981
1279,1682648634982
1280,1682648634982
