1,1682648098143
2,1682648098146
3,1682648098148
4,1682648098149
5,1682648098150
6,1682648098152
7,1682648098153
8,1682648098154
9,1682648098155
10,1682648098737
11,1682648098737
12,1682648098738
13,1682648098739
14,1682648098741
15,1682648098746
16,1682648098749
17,1682648098750
18,1682648098753
19,1682648098756
20,1682648098767
21,1682648098779
22,1682648098785
23,1682648098798
24,1682648098812
25,1682648098822
26,1682648098835
27,1682648098836
28,1682648098837
29,1682648098844
30,1682648098847
31,1682648098849
32,1682648098853
33,1682648098855
34,1682648098860
35,1682648098861
36,1682648098864
37,1682648098866
38,1682648098867
39,1682648098868
40,1682648098873
41,1682648098874
42,1682648098877
43,1682648098878
44,1682648099025
45,1682648099050
46,1682648099069
47,1682648099079
48,1682648099082
49,1682648099083
50,1682648099084
51,1682648099084
52,1682648099085
53,1682648099085
54,1682648099086
55,1682648099086
56,1682648099087
57,1682648099087
58,1682648099088
59,1682648099088
60,1682648099088
61,1682648099089
62,1682648099089
63,1682648099090
64,1682648099090
65,1682648099095
66,1682648099096
67,1682648099096
68,1682648099099
69,1682648099397
70,1682648099398
71,1682648099399
72,1682648099399
73,1682648099400
74,1682648099400
75,1682648099401
76,1682648099402
77,1682648099403
78,1682648099404
79,1682648099406
80,1682648099408
81,1682648099409
82,1682648099410
83,1682648099439
84,1682648099443
85,1682648099444
86,1682648099446
87,1682648099447
88,1682648099448
89,1682648099449
90,1682648099450
91,1682648099450
92,1682648099451
93,1682648099452
94,1682648099453
95,1682648099453
96,1682648099454
97,1682648099457
98,1682648099468
99,1682648099489
100,1682648099497
101,1682648099518
102,1682648099522
103,1682648099538
104,1682648099540
105,1682648099543
106,1682648099545
107,1682648099546
108,1682648099547
109,1682648099548
110,1682648099548
111,1682648099549
112,1682648099550
113,1682648099551
114,1682648099551
115,1682648099552
116,1682648099552
117,1682648099553
118,1682648099554
119,1682648099554
120,1682648099555
121,1682648099556
122,1682648099557
123,1682648099557
124,1682648099559
125,1682648099559
126,1682648099561
127,1682648099565
128,1682648099567
129,1682648099568
130,1682648099569
131,1682648099570
132,1682648099571
133,1682648099571
134,1682648099572
135,1682648099573
136,1682648099573
137,1682648099618
138,1682648099620
139,1682648099621
140,1682648099622
141,1682648099623
142,1682648099628
143,1682648099629
144,1682648099629
145,1682648099630
146,1682648099631
147,1682648099632
148,1682648099632
149,1682648099633
150,1682648099634
151,1682648099634
152,1682648099635
153,1682648099635
154,1682648099636
155,1682648099636
156,1682648099636
157,1682648099637
158,1682648099637
159,1682648099638
160,1682648099638
161,1682648099639
162,1682648099640
163,1682648099640
164,1682648099641
165,1682648099641
166,1682648099642
167,1682648099642
168,1682648099643
169,1682648099643
170,1682648099644
171,1682648099644
172,1682648099646
173,1682648099646
174,1682648099647
175,1682648099648
176,1682648099648
177,1682648099649
178,1682648099649
179,1682648099650
180,1682648099650
181,1682648099651
182,1682648099653
183,1682648099654
184,1682648099654
185,1682648099655
186,1682648099655
187,1682648099656
188,1682648099656
189,1682648099657
190,1682648099658
191,1682648099659
192,1682648099665
193,1682648099667
194,1682648099668
195,1682648099669
196,1682648099669
197,1682648099670
198,1682648099671
199,1682648099671
200,1682648099672
201,1682648099672
202,1682648099673
203,1682648099674
204,1682648099675
205,1682648099675
206,1682648099676
207,1682648099677
208,1682648099678
209,1682648099679
210,1682648099680
211,1682648099682
212,1682648099686
213,1682648099688
214,1682648099689
215,1682648099690
216,1682648099691
217,1682648099692
218,1682648099695
219,1682648099702
220,1682648099703
221,1682648099704
222,1682648099705
223,1682648099706
224,1682648099708
225,1682648099708
226,1682648099709
227,1682648099709
228,1682648099710
229,1682648099710
230,1682648099711
231,1682648099711
232,1682648099712
233,1682648099713
234,1682648099714
235,1682648099714
236,1682648099715
237,1682648099716
238,1682648099716
239,1682648099720
240,1682648099721
241,1682648099722
242,1682648099723
243,1682648099723
244,1682648099729
245,1682648099729
246,1682648099730
247,1682648099730
248,1682648099731
249,1682648099731
250,1682648099732
251,1682648099732
252,1682648099733
253,1682648099733
254,1682648099734
255,1682648099734
256,1682648099735
257,1682648099735
258,1682648099736
259,1682648099737
260,1682648099737
261,1682648099738
262,1682648099738
263,1682648099739
264,1682648099740
265,1682648099744
266,1682648099748
267,1682648099750
268,1682648099751
269,1682648099752
270,1682648099753
271,1682648099754
272,1682648099755
273,1682648099757
274,1682648099759
275,1682648099760
276,1682648099760
277,1682648099764
278,1682648099765
279,1682648099767
280,1682648099768
281,1682648099770
282,1682648099771
283,1682648099772
284,1682648099772
285,1682648099773
286,1682648099773
287,1682648099775
288,1682648099775
289,1682648099776
290,1682648099776
291,1682648099777
292,1682648099777
293,1682648099778
294,1682648099779
295,1682648099780
296,1682648099780
297,1682648099781
298,1682648099782
299,1682648099782
300,1682648099783
301,1682648099784
302,1682648099784
303,1682648099785
304,1682648099785
305,1682648099785
306,1682648099786
307,1682648099786
308,1682648099787
309,1682648099787
310,1682648099788
311,1682648099788
312,1682648099789
313,1682648099790
314,1682648099790
315,1682648099795
316,1682648099796
317,1682648099797
318,1682648099797
319,1682648099798
320,1682648099798
321,1682648099798
322,1682648099799
323,1682648099799
324,1682648099800
325,1682648099802
326,1682648099803
327,1682648099804
328,1682648099806
329,1682648099807
330,1682648099808
331,1682648099808
332,1682648099810
333,1682648099810
334,1682648099811
335,1682648099811
336,1682648099812
337,1682648099813
338,1682648099813
339,1682648099814
340,1682648099814
341,1682648099815
342,1682648099819
343,1682648099821
344,1682648099822
345,1682648099823
346,1682648099823
347,1682648099828
348,1682648099829
349,1682648099830
350,1682648099831
351,1682648099831
352,1682648099832
353,1682648099833
354,1682648099833
355,1682648099834
356,1682648099834
357,1682648099835
358,1682648099836
359,1682648099836
360,1682648099837
361,1682648099868
362,1682648099868
363,1682648099868
364,1682648099869
365,1682648099870
366,1682648099871
367,1682648099872
368,1682648099874
369,1682648099879
370,1682648099880
371,1682648099881
372,1682648099882
373,1682648099883
374,1682648099884
375,1682648099885
376,1682648099886
377,1682648099887
378,1682648099888
379,1682648099888
380,1682648099889
381,1682648099889
382,1682648099889
383,1682648099890
384,1682648099890
385,1682648099890
386,1682648099891
387,1682648099892
388,1682648099893
389,1682648099897
390,1682648099899
391,1682648099900
392,1682648099901
393,1682648099902
394,1682648099902
395,1682648099903
396,1682648099904
397,1682648099904
398,1682648099905
399,1682648099905
400,1682648099906
401,1682648099906
402,1682648099907
403,1682648099912
404,1682648099912
405,1682648099912
406,1682648099913
407,1682648099914
408,1682648099914
409,1682648099915
410,1682648099915
411,1682648099915
412,1682648099915
413,1682648099916
414,1682648099916
415,1682648099916
416,1682648099917
417,1682648099917
418,1682648099917
419,1682648099917
420,1682648099918
421,1682648099918
422,1682648099918
423,1682648099918
424,1682648099919
425,1682648099921
426,1682648099922
427,1682648099923
428,1682648099923
429,1682648099924
430,1682648099929
431,1682648099930
432,1682648099931
433,1682648099932
434,1682648099932
435,1682648099933
436,1682648099933
437,1682648099933
438,1682648099934
439,1682648099934
440,1682648099935
441,1682648099935
442,1682648099935
443,1682648099936
444,1682648099936
445,1682648099936
446,1682648099936
447,1682648099937
448,1682648099937
449,1682648099937
450,1682648099938
451,1682648099938
452,1682648099938
453,1682648099939
454,1682648099939
455,1682648099939
456,1682648099939
457,1682648099940
458,1682648099940
459,1682648099940
460,1682648099940
461,1682648099945
462,1682648099946
463,1682648099946
464,1682648099947
465,1682648099947
466,1682648099948
467,1682648099948
468,1682648099948
469,1682648099948
470,1682648099949
471,1682648099949
472,1682648099949
473,1682648099950
474,1682648099950
475,1682648099950
476,1682648099950
477,1682648099951
478,1682648099951
479,1682648099952
480,1682648099952
481,1682648099953
482,1682648099953
483,1682648099954
484,1682648099954
485,1682648099954
486,1682648099955
487,1682648099956
488,1682648099956
489,1682648099961
490,1682648099963
491,1682648099964
492,1682648099965
493,1682648099966
494,1682648099966
495,1682648099967
496,1682648099968
497,1682648099969
498,1682648099969
499,1682648099970
500,1682648099970
501,1682648099970
502,1682648099971
503,1682648099971
504,1682648099972
505,1682648099972
506,1682648099972
507,1682648099973
508,1682648099973
509,1682648099978
510,1682648099979
511,1682648099980
512,1682648099981
