1,1682647816837
2,1682647816841
3,1682647816849
4,1682647816851
5,1682647816852
6,1682647816853
7,1682647816854
8,1682647816857
9,1682647816858
10,1682647816859
11,1682647816860
12,1682647816864
13,1682647816865
14,1682647816865
15,1682647816866
16,1682647816867
17,1682647816868
18,1682647816868
19,1682647816884
20,1682647816885
21,1682647816886
22,1682647816887
23,1682647816888
24,1682647816889
25,1682647816890
26,1682647816891
27,1682647816892
28,1682647816892
29,1682647816893
30,1682647816894
31,1682647816895
32,1682647816896
33,1682647816898
34,1682647816898
35,1682647816899
36,1682647816901
37,1682647816901
38,1682647816902
39,1682647816903
40,1682647816904
41,1682647816905
42,1682647816906
43,1682647816908
44,1682647816909
45,1682647816909
46,1682647816912
47,1682647816913
48,1682647816914
49,1682647816917
50,1682647816918
51,1682647816918
52,1682647816919
53,1682647816920
54,1682647816920
55,1682647816921
56,1682647816921
57,1682647816922
58,1682647816923
59,1682647816923
60,1682647816925
61,1682647816925
62,1682647816926
63,1682647816926
64,1682647816931
65,1682647816932
66,1682647816933
67,1682647816934
68,1682647816935
69,1682647816936
70,1682647816937
71,1682647816939
72,1682647816940
73,1682647816941
74,1682647816942
75,1682647816948
76,1682647816949
77,1682647816953
78,1682647816956
79,1682647816958
80,1682647816960
81,1682647816962
82,1682647816964
83,1682647816966
84,1682647816967
85,1682647816968
86,1682647816969
87,1682647816969
88,1682647816970
89,1682647816971
90,1682647816972
91,1682647816973
92,1682647816974
93,1682647816974
94,1682647816975
95,1682647816976
96,1682647816977
97,1682647816978
98,1682647816981
99,1682647816982
100,1682647816982
101,1682647816983
102,1682647816984
103,1682647816985
104,1682647816985
105,1682647816986
106,1682647816986
107,1682647816987
108,1682647816987
109,1682647816988
110,1682647816988
111,1682647816989
112,1682647816989
113,1682647816990
114,1682647816991
115,1682647816991
116,1682647816992
117,1682647816993
118,1682647816995
119,1682647816996
120,1682647816997
121,1682647816998
122,1682647816998
123,1682647816998
124,1682647816999
125,1682647816999
126,1682647816999
127,1682647817000
128,1682647817000
