1,1682647863131
2,1682647863145
3,1682647863201
4,1682647863202
5,1682647863202
6,1682647863203
7,1682647863203
8,1682647863203
9,1682647863204
10,1682647863205
11,1682647863274
12,1682647863276
13,1682647863276
14,1682647863277
15,1682647863278
16,1682647863391
17,1682647863391
18,1682647863392
19,1682647863392
20,1682647863393
21,1682647863393
22,1682647863393
23,1682647863482
24,1682647863483
25,1682647863483
26,1682647863483
27,1682647863483
28,1682647863484
29,1682647863484
30,1682647863484
31,1682647863485
32,1682647863485
33,1682647863485
34,1682647863486
35,1682647863486
36,1682647863486
37,1682647863487
38,1682647863487
39,1682647863487
40,1682647863488
41,1682647863492
42,1682647863492
43,1682647863492
44,1682647863493
45,1682647863493
46,1682647863493
47,1682647863554
48,1682647863555
49,1682647863555
50,1682647863555
51,1682647863556
52,1682647863556
53,1682647863556
54,1682647863556
55,1682647863557
56,1682647863557
57,1682647863557
58,1682647863557
59,1682647863558
60,1682647863558
61,1682647863558
62,1682647863713
63,1682647863714
64,1682647863714
65,1682647863715
66,1682647863715
67,1682647863715
68,1682647863717
69,1682647863717
70,1682647863718
71,1682647863719
72,1682647863720
73,1682647863721
74,1682647863722
75,1682647863722
76,1682647863723
77,1682647863723
78,1682647863724
79,1682647863724
80,1682647863725
81,1682647863725
82,1682647863726
83,1682647863726
84,1682647863728
85,1682647863728
86,1682647863729
87,1682647863729
88,1682647863729
89,1682647863730
90,1682647863730
91,1682647863731
92,1682647863732
93,1682647863736
94,1682647863737
95,1682647863738
96,1682647863739
97,1682647863962
98,1682647863965
99,1682647863970
100,1682647863973
101,1682647863977
102,1682647863986
103,1682647863990
104,1682647864003
105,1682647864008
106,1682647864008
107,1682647864009
108,1682647864022
109,1682647864036
110,1682647864041
111,1682647864044
112,1682647864048
113,1682647864054
114,1682647864061
115,1682647864063
116,1682647864070
117,1682647864073
118,1682647864077
119,1682647864211
120,1682647864212
121,1682647864212
122,1682647864213
123,1682647864213
124,1682647864219
125,1682647864220
126,1682647864221
127,1682647864221
128,1682647864225
129,1682647864226
130,1682647864227
131,1682647864228
132,1682647864229
133,1682647864229
134,1682647864230
135,1682647864231
136,1682647864231
137,1682647864235
138,1682647864236
139,1682647864237
140,1682647864239
141,1682647864240
142,1682647864241
143,1682647864242
144,1682647864242
145,1682647864243
146,1682647864243
147,1682647864244
148,1682647864244
149,1682647864245
150,1682647864245
151,1682647864245
152,1682647864246
153,1682647864246
154,1682647864246
155,1682647864247
156,1682647864247
157,1682647864247
158,1682647864248
159,1682647864248
160,1682647864248
161,1682647864251
162,1682647864253
163,1682647864253
164,1682647864254
165,1682647864255
166,1682647864255
167,1682647864255
168,1682647864256
169,1682647864256
170,1682647864257
171,1682647864258
172,1682647864258
173,1682647864259
174,1682647864260
175,1682647864260
176,1682647864261
177,1682647864262
178,1682647864263
179,1682647864264
180,1682647864264
181,1682647864265
182,1682647864267
183,1682647864268
184,1682647864269
185,1682647864271
186,1682647864274
187,1682647864274
188,1682647864275
189,1682647864276
190,1682647864277
191,1682647864277
192,1682647864278
193,1682647864279
194,1682647864279
195,1682647864280
196,1682647864280
197,1682647864280
198,1682647864281
199,1682647864285
200,1682647864286
201,1682647864288
202,1682647864289
203,1682647864293
204,1682647864294
205,1682647864295
206,1682647864296
207,1682647864297
208,1682647864298
209,1682647864298
210,1682647864302
211,1682647864303
212,1682647864303
213,1682647864304
214,1682647864304
215,1682647864304
216,1682647864304
217,1682647864305
218,1682647864305
219,1682647864306
220,1682647864307
221,1682647864307
222,1682647864308
223,1682647864308
224,1682647864308
225,1682647864309
226,1682647864310
227,1682647864311
228,1682647864311
229,1682647864312
230,1682647864312
231,1682647864312
232,1682647864313
233,1682647864313
234,1682647864314
235,1682647864314
236,1682647864314
237,1682647864315
238,1682647864319
239,1682647864321
240,1682647864322
241,1682647864324
242,1682647864325
243,1682647864326
244,1682647864329
245,1682647864331
246,1682647864336
247,1682647864338
248,1682647864340
249,1682647864341
250,1682647864342
251,1682647864343
252,1682647864343
253,1682647864344
254,1682647864344
255,1682647864346
256,1682647864346
