1,1682647967048
2,1682647967056
3,1682647967060
4,1682647967063
5,1682647967072
6,1682647967076
7,1682647967077
8,1682647967084
9,1682647967089
10,1682647967095
11,1682647967353
12,1682647967354
13,1682647967355
14,1682647967355
15,1682647967356
16,1682647967356
17,1682647967358
18,1682647967360
19,1682647967361
20,1682647967361
21,1682647967362
22,1682647967362
23,1682647967363
24,1682647967364
25,1682647967365
26,1682647967365
27,1682647967366
28,1682647967367
29,1682647967368
30,1682647967368
31,1682647967369
32,1682647967369
33,1682647967370
34,1682647967370
35,1682647967371
36,1682647967451
37,1682647967451
38,1682647967452
39,1682647967452
40,1682647967452
41,1682647967453
42,1682647967453
43,1682647967453
44,1682647967454
45,1682647967454
46,1682647967455
47,1682647967455
48,1682647967455
49,1682647967456
50,1682647967456
51,1682647967457
52,1682647967457
53,1682647967458
54,1682647967459
55,1682647967706
56,1682647967706
57,1682647967710
58,1682647967711
59,1682647967714
60,1682647967714
61,1682647967715
62,1682647967715
63,1682647967716
64,1682647967717
65,1682647967717
66,1682647967718
67,1682647967719
68,1682647967720
69,1682647967721
70,1682647967722
71,1682647967722
72,1682647967723
73,1682647967725
74,1682647967726
75,1682647967727
76,1682647967727
77,1682647967730
78,1682647967731
79,1682647967735
80,1682647967736
81,1682647967737
82,1682647967738
83,1682647967739
84,1682647967743
85,1682647967744
86,1682647967746
87,1682647967748
88,1682647967749
89,1682647967750
90,1682647967754
91,1682647967755
92,1682647967756
93,1682647967756
94,1682647967760
95,1682647967764
96,1682647967767
97,1682647967770
98,1682647967771
99,1682647967772
100,1682647967773
101,1682647967777
102,1682647967779
103,1682647967780
104,1682647967781
105,1682647967782
106,1682647967782
107,1682647967783
108,1682647967783
109,1682647967784
110,1682647967785
111,1682647967785
112,1682647967785
113,1682647967786
114,1682647967788
115,1682647967790
116,1682647967794
117,1682647967794
118,1682647967796
119,1682647967798
120,1682647967799
121,1682647967800
122,1682647967800
123,1682647967801
124,1682647967801
125,1682647967802
126,1682647967810
127,1682647967813
128,1682647967815
129,1682647967816
130,1682647967816
131,1682647967817
132,1682647967818
133,1682647967818
134,1682647967819
135,1682647967819
136,1682647967831
137,1682647967831
138,1682647967832
139,1682647967833
140,1682647967833
141,1682647967834
142,1682647967834
143,1682647967835
144,1682647968188
145,1682647968197
146,1682647968200
147,1682647968202
148,1682647968203
149,1682647968205
150,1682647968206
151,1682647968211
152,1682647968214
153,1682647968215
154,1682647968215
155,1682647968216
156,1682647968216
157,1682647968217
158,1682647968217
159,1682647968218
160,1682647968219
161,1682647968220
162,1682647968220
163,1682647968220
164,1682647968221
165,1682647968221
166,1682647968222
167,1682647968222
168,1682647968222
169,1682647968223
170,1682647968227
171,1682647968228
172,1682647968229
173,1682647968229
174,1682647968230
175,1682647968230
176,1682647968231
177,1682647968231
178,1682647968231
179,1682647968232
180,1682647968232
181,1682647968232
182,1682647968233
183,1682647968233
184,1682647968234
185,1682647968234
186,1682647968235
187,1682647968235
188,1682647968236
189,1682647968236
190,1682647968236
191,1682647968237
192,1682647968237
193,1682647968238
194,1682647968238
195,1682647968239
196,1682647968244
197,1682647968245
198,1682647968246
199,1682647968247
200,1682647968247
201,1682647968247
202,1682647968248
203,1682647968248
204,1682647968248
205,1682647968249
206,1682647968250
207,1682647968250
208,1682647968251
209,1682647968251
210,1682647968251
211,1682647968252
212,1682647968252
213,1682647968253
214,1682647968253
215,1682647968253
216,1682647968254
217,1682647968254
218,1682647968255
219,1682647968255
220,1682647968255
221,1682647968256
222,1682647968256
223,1682647968258
224,1682647968260
225,1682647968261
226,1682647968262
227,1682647968263
228,1682647968264
229,1682647968264
230,1682647968265
231,1682647968265
232,1682647968266
233,1682647968266
234,1682647968267
235,1682647968267
236,1682647968267
237,1682647968268
238,1682647968268
239,1682647968269
240,1682647968269
241,1682647968270
242,1682647968270
243,1682647968270
244,1682647968271
245,1682647968272
246,1682647968272
247,1682647968274
248,1682647968277
249,1682647968279
250,1682647968281
251,1682647968281
252,1682647968282
253,1682647968282
254,1682647968282
255,1682647968283
256,1682647968283
