1,1682648013502
2,1682648013507
3,1682648013511
4,1682648013513
5,1682648013584
6,1682648013585
7,1682648013587
8,1682648013588
9,1682648013589
10,1682648013591
11,1682648013694
12,1682648013696
13,1682648013696
14,1682648013697
15,1682648013775
16,1682648013776
17,1682648013777
18,1682648013777
19,1682648013778
20,1682648013778
21,1682648013779
22,1682648013780
23,1682648013781
24,1682648013781
25,1682648013782
26,1682648013893
27,1682648013895
28,1682648013899
29,1682648013900
30,1682648013904
31,1682648013906
32,1682648013941
33,1682648013942
34,1682648013943
35,1682648013943
36,1682648013944
37,1682648013949
38,1682648013954
39,1682648013954
40,1682648013955
41,1682648013956
42,1682648013956
43,1682648013957
44,1682648013958
45,1682648014066
46,1682648014067
47,1682648014067
48,1682648014068
49,1682648014069
50,1682648014069
51,1682648014070
52,1682648014070
53,1682648014071
54,1682648014071
55,1682648014072
56,1682648014072
57,1682648014072
58,1682648014073
59,1682648014073
60,1682648014074
61,1682648014075
62,1682648014075
63,1682648014075
64,1682648014076
65,1682648014076
66,1682648014076
67,1682648014076
68,1682648014077
69,1682648014077
70,1682648014077
71,1682648014078
72,1682648014078
73,1682648014080
74,1682648014439
75,1682648014440
76,1682648014441
77,1682648014443
78,1682648014449
79,1682648014450
80,1682648014453
81,1682648014454
82,1682648014454
83,1682648014455
84,1682648014456
85,1682648014458
86,1682648014471
87,1682648014475
88,1682648014494
89,1682648014499
90,1682648014501
91,1682648014505
92,1682648014505
93,1682648014506
94,1682648014507
95,1682648014507
96,1682648014509
97,1682648014511
98,1682648014511
99,1682648014516
100,1682648014517
101,1682648014518
102,1682648014519
103,1682648014520
104,1682648014521
105,1682648014521
106,1682648014523
107,1682648014557
108,1682648014558
109,1682648014558
110,1682648014558
111,1682648014558
112,1682648014559
113,1682648014559
114,1682648014559
115,1682648014560
116,1682648014560
117,1682648014561
118,1682648014563
119,1682648014564
120,1682648014565
121,1682648014576
122,1682648014592
123,1682648014594
124,1682648014594
125,1682648014594
126,1682648014595
127,1682648014599
128,1682648014599
129,1682648014600
130,1682648014601
131,1682648014610
132,1682648014620
133,1682648014621
134,1682648014622
135,1682648014623
136,1682648014624
137,1682648014625
138,1682648014626
139,1682648014627
140,1682648014631
141,1682648014636
142,1682648014639
143,1682648014640
144,1682648014642
145,1682648014649
146,1682648014653
147,1682648014656
148,1682648014656
149,1682648014657
150,1682648014658
151,1682648014658
152,1682648014658
153,1682648014659
154,1682648014659
155,1682648014660
156,1682648014660
157,1682648014660
158,1682648014661
159,1682648014661
160,1682648014665
161,1682648014666
162,1682648014667
163,1682648014667
164,1682648014668
165,1682648014668
166,1682648014669
167,1682648014669
168,1682648014669
169,1682648014904
170,1682648014907
171,1682648014908
172,1682648014909
173,1682648014911
174,1682648014913
175,1682648014914
176,1682648014917
177,1682648014917
178,1682648014918
179,1682648014918
180,1682648014919
181,1682648014920
182,1682648014921
183,1682648014921
184,1682648014923
185,1682648014924
186,1682648014925
187,1682648014925
188,1682648014926
189,1682648014926
190,1682648014927
191,1682648014927
192,1682648014928
193,1682648014929
194,1682648014930
195,1682648014931
196,1682648014931
197,1682648014934
198,1682648014934
199,1682648014937
200,1682648014940
201,1682648014940
202,1682648014941
203,1682648014943
204,1682648014945
205,1682648014948
206,1682648014948
207,1682648014949
208,1682648014951
209,1682648014953
210,1682648014954
211,1682648014955
212,1682648014956
213,1682648014957
214,1682648014958
215,1682648014958
216,1682648014959
217,1682648014959
218,1682648014960
219,1682648014961
220,1682648014961
221,1682648014964
222,1682648014965
223,1682648014967
224,1682648014968
225,1682648014970
226,1682648014971
227,1682648014971
228,1682648014972
229,1682648014973
230,1682648014975
231,1682648014975
232,1682648014976
233,1682648014976
234,1682648014976
235,1682648014977
236,1682648014977
237,1682648014978
238,1682648014980
239,1682648014982
240,1682648014983
241,1682648014983
242,1682648014984
243,1682648014984
244,1682648014985
245,1682648014986
246,1682648014987
247,1682648014989
248,1682648014990
249,1682648014991
250,1682648014991
251,1682648014992
252,1682648014993
253,1682648014993
254,1682648014993
255,1682648015001
256,1682648015002
257,1682648015003
258,1682648015007
259,1682648015010
260,1682648015017
261,1682648015020
262,1682648015026
263,1682648015053
264,1682648015065
265,1682648015104
266,1682648015134
267,1682648015149
268,1682648015174
269,1682648015191
270,1682648015204
271,1682648015226
272,1682648015228
273,1682648015243
274,1682648015250
275,1682648015267
276,1682648015269
277,1682648015270
278,1682648015273
279,1682648015275
280,1682648015276
281,1682648015277
282,1682648015278
283,1682648015282
284,1682648015283
285,1682648015285
286,1682648015286
287,1682648015287
288,1682648015288
289,1682648015289
290,1682648015289
291,1682648015290
292,1682648015290
293,1682648015291
294,1682648015293
295,1682648015293
296,1682648015294
297,1682648015296
298,1682648015297
299,1682648015298
300,1682648015299
301,1682648015299
302,1682648015300
303,1682648015300
304,1682648015301
305,1682648015301
306,1682648015302
307,1682648015302
308,1682648015303
309,1682648015303
310,1682648015304
311,1682648015305
312,1682648015305
313,1682648015306
314,1682648015307
315,1682648015307
316,1682648015308
317,1682648015308
318,1682648015308
319,1682648015309
320,1682648015310
321,1682648015313
322,1682648015315
323,1682648015318
324,1682648015320
325,1682648015322
326,1682648015323
327,1682648015323
328,1682648015328
329,1682648015330
330,1682648015332
331,1682648015333
332,1682648015333
333,1682648015334
334,1682648015335
335,1682648015338
336,1682648015343
337,1682648015353
338,1682648015356
339,1682648015358
340,1682648015368
341,1682648015374
342,1682648015375
343,1682648015376
344,1682648015377
345,1682648015382
346,1682648015384
347,1682648015386
348,1682648015387
349,1682648015388
350,1682648015389
351,1682648015390
352,1682648015391
353,1682648015392
354,1682648015393
355,1682648015400
356,1682648015403
357,1682648015404
358,1682648015405
359,1682648015406
360,1682648015407
361,1682648015408
362,1682648015409
363,1682648015417
364,1682648015419
365,1682648015420
366,1682648015422
367,1682648015453
368,1682648015456
369,1682648015457
370,1682648015458
371,1682648015458
372,1682648015459
373,1682648015459
374,1682648015459
375,1682648015460
376,1682648015460
377,1682648015460
378,1682648015461
379,1682648015461
380,1682648015463
381,1682648015464
382,1682648015465
383,1682648015466
384,1682648015466
385,1682648015467
386,1682648015468
387,1682648015469
388,1682648015469
389,1682648015470
390,1682648015470
391,1682648015471
392,1682648015472
393,1682648015472
394,1682648015472
395,1682648015473
396,1682648015479
397,1682648015501
398,1682648015518
399,1682648015525
400,1682648015537
401,1682648015545
402,1682648015547
403,1682648015549
404,1682648015556
405,1682648015575
406,1682648015588
407,1682648015597
408,1682648015599
409,1682648015602
410,1682648015603
411,1682648015604
412,1682648015605
413,1682648015606
414,1682648015606
415,1682648015606
416,1682648015606
417,1682648015607
418,1682648015607
419,1682648015607
420,1682648015607
421,1682648015608
422,1682648015608
423,1682648015608
424,1682648015608
425,1682648015609
426,1682648015609
427,1682648015609
428,1682648015609
429,1682648015610
430,1682648015610
431,1682648015610
432,1682648015611
433,1682648015611
434,1682648015611
435,1682648015616
436,1682648015617
437,1682648015617
438,1682648015617
439,1682648015618
440,1682648015618
441,1682648015618
442,1682648015618
443,1682648015619
444,1682648015619
445,1682648015619
446,1682648015620
447,1682648015620
448,1682648015621
449,1682648015621
450,1682648015621
451,1682648015621
452,1682648015622
453,1682648015622
454,1682648015622
455,1682648015623
456,1682648015624
457,1682648015624
458,1682648015625
459,1682648015625
460,1682648015625
461,1682648015626
462,1682648015627
463,1682648015627
464,1682648015632
465,1682648015633
466,1682648015633
467,1682648015633
468,1682648015634
469,1682648015635
470,1682648015635
471,1682648015636
472,1682648015637
473,1682648015639
474,1682648015642
475,1682648015643
476,1682648015643
477,1682648015643
478,1682648015644
479,1682648015644
480,1682648015644
481,1682648015644
482,1682648015649
483,1682648015650
484,1682648015650
485,1682648015650
486,1682648015651
487,1682648015651
488,1682648015651
489,1682648015652
490,1682648015652
491,1682648015652
492,1682648015653
493,1682648015653
494,1682648015653
495,1682648015654
496,1682648015654
497,1682648015654
498,1682648015655
499,1682648015655
500,1682648015655
501,1682648015656
502,1682648015656
503,1682648015656
504,1682648015656
505,1682648015657
506,1682648015657
507,1682648015657
508,1682648015657
509,1682648015658
510,1682648015658
511,1682648015658
512,1682648015658
