1,1682648424444
2,1682648424447
3,1682648424448
4,1682648424449
5,1682648424450
6,1682648424451
7,1682648424452
8,1682648424453
9,1682648424454
10,1682648424509
11,1682648424509
12,1682648424585
13,1682648424586
14,1682648424586
15,1682648424586
16,1682648424587
17,1682648424587
18,1682648424587
19,1682648424588
20,1682648424588
21,1682648424588
22,1682648424647
23,1682648424648
24,1682648424648
25,1682648424648
26,1682648424649
27,1682648424649
28,1682648424802
29,1682648424803
30,1682648424803
31,1682648424804
32,1682648424804
33,1682648424805
34,1682648424805
35,1682648424805
36,1682648424806
37,1682648424806
38,1682648424807
39,1682648424807
40,1682648424807
41,1682648424808
42,1682648424808
43,1682648424809
44,1682648424809
45,1682648424810
46,1682648424810
47,1682648424814
48,1682648424815
49,1682648424815
50,1682648424816
51,1682648424817
52,1682648424817
53,1682648424899
54,1682648424900
55,1682648424900
56,1682648424900
57,1682648424900
58,1682648424901
59,1682648424901
60,1682648424901
61,1682648424901
62,1682648424902
63,1682648424902
64,1682648424902
65,1682648424902
66,1682648424903
67,1682648424903
68,1682648424903
69,1682648424903
70,1682648424904
71,1682648424904
72,1682648424904
73,1682648424905
74,1682648424905
75,1682648424905
76,1682648424906
77,1682648424906
78,1682648424906
79,1682648424907
80,1682648425038
81,1682648425038
82,1682648425039
83,1682648425039
84,1682648425039
85,1682648425040
86,1682648425040
87,1682648425041
88,1682648425041
89,1682648425042
90,1682648425042
91,1682648425043
92,1682648425043
93,1682648425043
94,1682648425044
95,1682648425044
96,1682648425045
97,1682648425045
98,1682648425046
99,1682648425046
100,1682648425047
101,1682648425047
102,1682648425048
103,1682648425048
104,1682648425048
105,1682648425048
106,1682648425049
107,1682648425049
108,1682648425050
109,1682648425050
110,1682648425050
111,1682648425050
112,1682648425051
113,1682648425051
114,1682648425051
115,1682648425052
116,1682648425053
117,1682648425179
118,1682648425180
119,1682648425180
120,1682648425181
121,1682648425181
122,1682648425182
123,1682648425182
124,1682648425183
125,1682648425183
126,1682648425183
127,1682648425184
128,1682648425184
129,1682648425185
130,1682648425185
131,1682648425186
132,1682648425186
133,1682648425196
134,1682648425197
135,1682648425198
136,1682648425198
137,1682648425199
138,1682648425199
139,1682648425200
140,1682648425200
141,1682648425201
142,1682648425201
143,1682648425202
144,1682648425202
145,1682648425202
146,1682648425203
147,1682648425203
148,1682648425203
149,1682648425204
150,1682648425204
151,1682648425205
152,1682648425205
153,1682648425205
154,1682648425353
155,1682648425354
156,1682648425354
157,1682648425354
158,1682648425355
159,1682648425355
160,1682648425355
161,1682648425356
162,1682648425356
163,1682648425356
164,1682648425356
165,1682648425357
166,1682648425357
167,1682648425357
168,1682648425358
169,1682648425358
170,1682648425358
171,1682648425359
172,1682648425359
173,1682648425360
174,1682648425360
175,1682648425362
176,1682648425363
177,1682648425364
178,1682648425365
179,1682648425366
180,1682648425367
181,1682648425367
182,1682648425367
183,1682648425368
184,1682648425369
185,1682648425370
186,1682648425487
187,1682648425488
188,1682648425488
189,1682648425489
190,1682648425491
191,1682648425491
192,1682648425492
193,1682648425493
194,1682648425498
195,1682648425501
196,1682648425505
197,1682648425506
198,1682648425508
199,1682648425516
200,1682648425518
201,1682648425520
202,1682648425520
203,1682648425521
204,1682648425521
205,1682648425522
206,1682648425522
207,1682648425522
208,1682648425523
209,1682648425523
210,1682648425523
211,1682648425524
212,1682648425525
213,1682648425525
214,1682648425526
215,1682648425526
216,1682648425527
217,1682648425532
218,1682648425532
219,1682648425533
220,1682648425534
221,1682648425535
222,1682648425536
223,1682648425538
224,1682648425540
225,1682648425541
226,1682648425541
227,1682648425542
228,1682648425543
229,1682648425543
230,1682648425547
231,1682648425549
232,1682648425550
233,1682648425662
234,1682648425663
235,1682648425664
236,1682648425665
237,1682648425666
238,1682648425666
239,1682648425667
240,1682648425667
241,1682648425668
242,1682648425668
243,1682648425668
244,1682648425669
245,1682648425669
246,1682648425671
247,1682648425671
248,1682648425672
249,1682648425672
250,1682648425673
251,1682648425673
252,1682648425674
253,1682648425674
254,1682648425675
255,1682648425675
256,1682648425676
257,1682648425677
258,1682648425681
259,1682648425682
260,1682648425682
261,1682648425683
262,1682648425684
263,1682648425684
264,1682648425685
265,1682648425685
266,1682648425686
267,1682648425686
268,1682648425686
269,1682648425686
270,1682648425687
271,1682648425872
272,1682648425872
273,1682648425872
274,1682648425872
275,1682648425872
276,1682648425873
277,1682648425873
278,1682648425873
279,1682648425873
280,1682648425873
281,1682648425873
282,1682648425874
283,1682648425874
284,1682648425874
285,1682648425874
286,1682648425874
287,1682648425874
288,1682648425875
289,1682648425875
290,1682648425875
291,1682648425875
292,1682648425875
293,1682648425875
294,1682648425876
295,1682648425876
296,1682648425876
297,1682648425876
298,1682648425876
299,1682648425877
300,1682648425877
301,1682648425877
302,1682648425877
303,1682648425878
304,1682648425878
305,1682648425878
306,1682648425878
307,1682648425878
308,1682648425879
309,1682648425879
310,1682648425879
311,1682648425879
312,1682648425879
313,1682648425880
314,1682648425880
315,1682648425880
316,1682648425880
317,1682648425880
318,1682648425880
319,1682648425880
320,1682648425881
321,1682648425881
322,1682648425881
323,1682648425881
324,1682648425881
325,1682648425881
326,1682648425881
327,1682648425881
328,1682648425882
329,1682648425882
330,1682648425882
331,1682648425882
332,1682648425882
333,1682648425882
334,1682648425883
335,1682648425883
336,1682648425883
337,1682648425883
338,1682648425883
339,1682648425883
340,1682648425884
341,1682648425884
342,1682648425884
343,1682648425884
344,1682648425884
345,1682648425884
346,1682648425885
347,1682648425885
348,1682648425885
349,1682648425885
350,1682648425885
351,1682648425885
352,1682648425885
353,1682648425886
354,1682648425886
355,1682648425886
356,1682648425886
357,1682648425886
358,1682648426035
359,1682648426035
360,1682648426035
361,1682648426036
362,1682648426036
363,1682648426036
364,1682648426036
365,1682648426036
366,1682648426036
367,1682648426037
368,1682648426037
369,1682648426037
370,1682648426037
371,1682648426037
372,1682648426038
373,1682648426038
374,1682648426038
375,1682648426038
376,1682648426039
377,1682648426039
378,1682648426039
379,1682648426039
380,1682648426039
381,1682648426039
382,1682648426040
383,1682648426040
384,1682648426040
385,1682648426040
386,1682648426040
387,1682648426041
388,1682648426041
389,1682648426041
390,1682648426041
391,1682648426041
392,1682648426041
393,1682648426042
394,1682648426042
395,1682648426042
396,1682648426042
397,1682648426042
398,1682648426042
399,1682648426042
400,1682648426043
401,1682648426043
402,1682648426043
403,1682648426043
404,1682648426043
405,1682648426043
406,1682648426044
407,1682648426044
408,1682648426044
409,1682648426044
410,1682648426045
411,1682648426045
412,1682648426045
413,1682648426045
414,1682648426045
415,1682648426046
416,1682648426046
417,1682648426046
418,1682648426046
419,1682648426047
420,1682648426047
421,1682648426047
422,1682648426047
423,1682648426048
424,1682648426048
425,1682648426048
426,1682648426048
427,1682648426048
428,1682648426049
429,1682648426049
430,1682648426049
431,1682648426049
432,1682648426049
433,1682648426049
434,1682648426050
435,1682648426050
436,1682648426050
437,1682648426050
438,1682648426050
439,1682648426050
440,1682648426050
441,1682648426051
442,1682648426051
443,1682648426051
444,1682648426051
445,1682648426051
446,1682648426051
447,1682648426052
448,1682648426052
449,1682648426052
450,1682648426052
451,1682648426052
452,1682648426052
453,1682648426053
454,1682648426282
455,1682648426283
456,1682648426283
457,1682648426283
458,1682648426283
459,1682648426283
460,1682648426284
461,1682648426284
462,1682648426284
463,1682648426284
464,1682648426284
465,1682648426284
466,1682648426285
467,1682648426285
468,1682648426285
469,1682648426285
470,1682648426286
471,1682648426286
472,1682648426286
473,1682648426287
474,1682648426287
475,1682648426287
476,1682648426287
477,1682648426287
478,1682648426288
479,1682648426288
480,1682648426288
481,1682648426288
482,1682648426288
483,1682648426289
484,1682648426289
485,1682648426289
486,1682648426289
487,1682648426289
488,1682648426290
489,1682648426290
490,1682648426290
491,1682648426291
492,1682648426291
493,1682648426291
494,1682648426292
495,1682648426292
496,1682648426292
497,1682648426292
498,1682648426292
499,1682648426293
500,1682648426293
501,1682648426293
502,1682648426297
503,1682648426298
504,1682648426298
505,1682648426298
506,1682648426299
507,1682648426299
508,1682648426299
509,1682648426299
510,1682648426299
511,1682648426299
512,1682648426300
513,1682648426300
514,1682648426300
515,1682648426300
516,1682648426300
517,1682648426300
518,1682648426300
519,1682648426301
520,1682648426301
521,1682648426301
522,1682648426301
523,1682648426302
524,1682648426302
525,1682648426302
526,1682648426302
527,1682648426302
528,1682648426303
529,1682648426303
530,1682648426303
531,1682648426303
532,1682648426304
533,1682648426304
534,1682648426304
535,1682648426304
536,1682648426304
537,1682648426305
538,1682648426305
539,1682648426305
540,1682648426305
541,1682648426306
542,1682648426306
543,1682648426306
544,1682648426306
545,1682648426306
546,1682648426307
547,1682648426307
548,1682648426307
549,1682648426307
550,1682648426307
551,1682648426307
552,1682648426308
553,1682648426308
554,1682648426308
555,1682648426308
556,1682648426308
557,1682648426308
558,1682648426308
559,1682648426309
560,1682648426309
561,1682648426309
562,1682648426309
563,1682648426309
564,1682648426310
565,1682648426310
566,1682648426310
567,1682648426310
568,1682648426310
569,1682648426311
570,1682648426311
571,1682648426311
572,1682648426311
573,1682648426312
574,1682648426312
575,1682648426312
576,1682648426313
577,1682648426313
578,1682648426314
579,1682648426314
580,1682648426314
581,1682648426314
582,1682648426315
583,1682648426315
584,1682648426315
585,1682648426315
586,1682648426315
587,1682648426315
588,1682648426316
589,1682648426316
590,1682648426316
591,1682648426316
592,1682648426316
593,1682648426520
594,1682648426520
595,1682648426520
596,1682648426520
597,1682648426521
598,1682648426521
599,1682648426521
600,1682648426521
601,1682648426521
602,1682648426521
603,1682648426521
604,1682648426521
605,1682648426522
606,1682648426522
607,1682648426522
608,1682648426522
609,1682648426522
610,1682648426522
611,1682648426522
612,1682648426522
613,1682648426522
614,1682648426523
615,1682648426523
616,1682648426523
617,1682648426523
618,1682648426523
619,1682648426523
620,1682648426523
621,1682648426523
622,1682648426523
623,1682648426524
624,1682648426524
625,1682648426524
626,1682648426524
627,1682648426524
628,1682648426524
629,1682648426524
630,1682648426524
631,1682648426525
632,1682648426525
633,1682648426525
634,1682648426525
635,1682648426525
636,1682648426525
637,1682648426525
638,1682648426525
639,1682648426526
640,1682648426526
641,1682648426526
642,1682648426526
643,1682648426526
644,1682648426526
645,1682648426526
646,1682648426526
647,1682648426527
648,1682648426527
649,1682648426527
650,1682648426527
651,1682648426527
652,1682648426527
653,1682648426528
654,1682648426528
655,1682648426528
656,1682648426528
657,1682648426528
658,1682648426528
659,1682648426528
660,1682648426528
661,1682648426528
662,1682648426529
663,1682648426529
664,1682648426529
665,1682648426529
666,1682648426529
667,1682648426529
668,1682648426529
669,1682648426529
670,1682648426530
671,1682648426530
672,1682648426530
673,1682648426530
674,1682648426530
675,1682648426530
676,1682648426530
677,1682648426531
678,1682648426531
679,1682648426531
680,1682648426531
681,1682648426531
682,1682648426531
683,1682648426531
684,1682648426531
685,1682648426532
686,1682648426532
687,1682648426532
688,1682648426532
689,1682648426532
690,1682648426532
691,1682648426679
692,1682648426680
693,1682648426680
694,1682648426680
695,1682648426681
696,1682648426681
697,1682648426681
698,1682648426681
699,1682648426682
700,1682648426682
701,1682648426682
702,1682648426682
703,1682648426682
704,1682648426683
705,1682648426683
706,1682648426683
707,1682648426683
708,1682648426683
709,1682648426684
710,1682648426684
711,1682648426684
712,1682648426684
713,1682648426684
714,1682648426685
715,1682648426685
716,1682648426685
717,1682648426685
718,1682648426685
719,1682648426686
720,1682648426686
721,1682648426686
722,1682648426686
723,1682648426686
724,1682648426687
725,1682648426687
726,1682648426687
727,1682648426687
728,1682648426687
729,1682648426688
730,1682648426688
731,1682648426688
732,1682648426688
733,1682648426689
734,1682648426689
735,1682648426689
736,1682648426689
737,1682648426689
738,1682648426690
739,1682648426690
740,1682648426690
741,1682648426690
742,1682648426690
743,1682648426691
744,1682648426691
745,1682648426691
746,1682648426691
747,1682648426691
748,1682648426692
749,1682648426692
750,1682648426692
751,1682648426692
752,1682648426693
753,1682648426693
754,1682648426693
755,1682648426693
756,1682648426693
757,1682648426694
758,1682648426694
759,1682648426694
760,1682648426694
761,1682648426694
762,1682648426694
763,1682648426695
764,1682648426695
765,1682648426695
766,1682648426695
767,1682648426695
768,1682648426695
769,1682648426695
770,1682648426696
771,1682648426696
772,1682648426696
773,1682648426696
774,1682648426696
775,1682648426858
776,1682648426858
777,1682648426858
778,1682648426859
779,1682648426859
780,1682648426859
781,1682648426859
782,1682648426859
783,1682648426860
784,1682648426860
785,1682648426860
786,1682648426861
787,1682648426861
788,1682648426862
789,1682648426862
790,1682648426862
791,1682648426863
792,1682648426863
793,1682648426863
794,1682648426863
795,1682648426864
796,1682648426864
797,1682648426864
798,1682648426864
799,1682648426865
800,1682648426865
801,1682648426865
802,1682648426866
803,1682648426866
804,1682648426866
805,1682648426866
806,1682648426866
807,1682648426867
808,1682648426867
809,1682648426867
810,1682648426867
811,1682648426868
812,1682648426868
813,1682648426868
814,1682648426868
815,1682648426868
816,1682648426869
817,1682648426869
818,1682648426869
819,1682648426869
820,1682648426869
821,1682648426870
822,1682648426870
823,1682648426870
824,1682648426870
825,1682648426870
826,1682648426871
827,1682648426871
828,1682648426871
829,1682648426871
830,1682648426871
831,1682648426871
832,1682648426872
833,1682648426872
834,1682648426872
835,1682648426872
836,1682648426872
837,1682648426873
838,1682648426873
839,1682648426873
840,1682648426873
841,1682648426873
842,1682648426874
843,1682648426874
844,1682648426874
845,1682648426874
846,1682648426874
847,1682648426875
848,1682648426875
849,1682648426875
850,1682648426875
851,1682648426875
852,1682648426875
853,1682648426876
854,1682648427079
855,1682648427080
856,1682648427080
857,1682648427080
858,1682648427080
859,1682648427080
860,1682648427080
861,1682648427080
862,1682648427080
863,1682648427081
864,1682648427081
865,1682648427081
866,1682648427081
867,1682648427081
868,1682648427081
869,1682648427081
870,1682648427082
871,1682648427082
872,1682648427082
873,1682648427082
874,1682648427082
875,1682648427082
876,1682648427082
877,1682648427082
878,1682648427083
879,1682648427083
880,1682648427083
881,1682648427083
882,1682648427083
883,1682648427083
884,1682648427083
885,1682648427083
886,1682648427084
887,1682648427084
888,1682648427084
889,1682648427084
890,1682648427084
891,1682648427084
892,1682648427084
893,1682648427084
894,1682648427085
895,1682648427085
896,1682648427085
897,1682648427085
898,1682648427085
899,1682648427085
900,1682648427086
901,1682648427086
902,1682648427086
903,1682648427086
904,1682648427086
905,1682648427086
906,1682648427086
907,1682648427087
908,1682648427087
909,1682648427087
910,1682648427087
911,1682648427087
912,1682648427087
913,1682648427088
914,1682648427088
915,1682648427088
916,1682648427088
917,1682648427088
918,1682648427088
919,1682648427089
920,1682648427089
921,1682648427089
922,1682648427089
923,1682648427089
924,1682648427090
925,1682648427090
926,1682648427090
927,1682648427090
928,1682648427090
929,1682648427091
930,1682648427091
931,1682648427091
932,1682648427091
933,1682648427092
934,1682648427092
935,1682648427092
936,1682648427092
937,1682648427093
938,1682648427093
939,1682648427094
940,1682648427095
941,1682648427097
942,1682648427097
943,1682648427098
944,1682648427098
945,1682648427099
946,1682648427099
947,1682648427099
948,1682648427099
949,1682648427100
950,1682648427100
951,1682648427100
952,1682648427100
953,1682648427101
954,1682648427102
955,1682648427102
956,1682648427102
957,1682648427103
958,1682648427103
959,1682648427103
960,1682648427103
961,1682648427103
962,1682648427104
963,1682648427104
964,1682648427105
965,1682648427105
966,1682648427105
967,1682648427110
968,1682648427110
969,1682648427111
970,1682648427112
971,1682648427113
972,1682648427113
973,1682648427114
974,1682648427115
975,1682648427115
976,1682648427115
977,1682648427115
978,1682648427116
979,1682648427116
980,1682648427116
981,1682648427116
982,1682648427117
983,1682648427117
984,1682648427118
985,1682648427118
986,1682648427119
987,1682648427119
988,1682648427119
989,1682648427119
990,1682648427120
991,1682648427120
992,1682648427120
993,1682648427120
994,1682648427121
995,1682648427122
996,1682648427123
997,1682648427124
998,1682648427125
999,1682648427125
1000,1682648427127
1001,1682648427130
1002,1682648427130
1003,1682648427130
1004,1682648427131
1005,1682648427132
1006,1682648427132
1007,1682648427133
1008,1682648427134
1009,1682648427134
1010,1682648427135
1011,1682648427137
1012,1682648427139
1013,1682648427140
1014,1682648427141
1015,1682648427146
1016,1682648427147
1017,1682648427148
1018,1682648427150
1019,1682648427150
1020,1682648427156
1021,1682648427156
1022,1682648427162
1023,1682648427164
1024,1682648427164
