1,1682648424555
2,1682648424556
3,1682648424558
4,1682648424558
5,1682648424560
6,1682648424561
7,1682648424562
8,1682648424563
9,1682648424564
10,1682648424565
11,1682648424793
12,1682648424794
13,1682648424794
14,1682648424795
15,1682648424796
16,1682648424797
17,1682648424798
18,1682648424799
19,1682648424800
20,1682648424801
21,1682648424801
22,1682648425321
23,1682648425322
24,1682648425322
25,1682648425326
26,1682648425327
27,1682648425328
28,1682648425329
29,1682648425331
30,1682648425333
31,1682648425333
32,1682648425334
33,1682648425334
34,1682648425335
35,1682648425335
36,1682648425336
37,1682648425337
38,1682648425337
39,1682648425338
40,1682648425339
41,1682648425339
42,1682648425340
43,1682648425340
44,1682648425341
45,1682648425342
46,1682648425343
47,1682648425349
48,1682648425350
49,1682648425351
50,1682648425352
51,1682648425353
52,1682648425353
53,1682648425354
54,1682648425354
55,1682648425354
56,1682648425355
57,1682648425355
58,1682648425355
59,1682648425356
60,1682648425356
61,1682648425356
62,1682648425357
63,1682648425357
64,1682648425358
65,1682648425358
66,1682648425358
67,1682648425359
68,1682648425360
69,1682648425360
70,1682648425361
71,1682648425363
72,1682648425364
73,1682648425364
74,1682648425366
75,1682648425366
76,1682648425367
77,1682648425367
78,1682648425369
79,1682648425370
80,1682648425370
81,1682648425372
82,1682648425372
83,1682648425373
84,1682648425374
85,1682648425375
86,1682648425375
87,1682648425376
88,1682648426237
89,1682648426237
90,1682648426238
91,1682648426238
92,1682648426239
93,1682648426239
94,1682648426240
95,1682648426240
96,1682648426241
97,1682648426241
98,1682648426241
99,1682648426241
100,1682648426242
101,1682648426242
102,1682648426243
103,1682648426243
104,1682648426243
105,1682648426245
106,1682648426246
107,1682648426246
108,1682648426247
109,1682648426247
110,1682648426248
111,1682648426248
112,1682648426249
113,1682648426249
114,1682648426249
115,1682648426249
116,1682648426249
117,1682648426250
118,1682648426250
119,1682648426251
120,1682648426251
121,1682648426252
122,1682648426252
123,1682648426252
124,1682648426252
125,1682648426253
126,1682648426253
127,1682648426253
128,1682648426253
129,1682648426254
130,1682648426254
131,1682648426254
132,1682648426254
133,1682648426255
134,1682648426255
135,1682648426256
136,1682648426256
137,1682648426256
138,1682648426257
139,1682648426257
140,1682648426257
141,1682648426257
142,1682648426258
143,1682648426258
144,1682648426258
145,1682648426258
146,1682648426259
147,1682648426259
148,1682648426259
149,1682648426260
150,1682648426260
151,1682648426260
152,1682648426260
153,1682648426261
154,1682648426261
155,1682648426261
156,1682648426262
157,1682648426262
158,1682648426263
159,1682648426264
160,1682648426264
161,1682648426265
162,1682648426265
163,1682648426266
164,1682648426267
165,1682648426267
166,1682648426267
167,1682648426268
168,1682648426268
169,1682648426268
170,1682648426269
171,1682648426269
172,1682648426270
173,1682648426270
174,1682648426271
175,1682648426271
176,1682648426272
177,1682648426272
178,1682648426273
179,1682648426273
180,1682648426274
181,1682648426274
182,1682648426274
183,1682648426275
184,1682648426276
185,1682648426276
186,1682648426276
187,1682648426277
188,1682648426277
189,1682648426277
190,1682648426278
191,1682648426278
192,1682648426278
193,1682648426279
194,1682648426279
195,1682648426280
196,1682648426280
197,1682648426281
198,1682648426281
199,1682648426281
200,1682648426282
201,1682648426282
202,1682648426282
203,1682648426282
204,1682648426283
205,1682648426283
206,1682648426283
207,1682648426283
208,1682648426284
209,1682648426284
210,1682648426284
211,1682648426284
212,1682648426285
213,1682648426285
214,1682648426285
215,1682648426286
216,1682648426286
217,1682648426286
218,1682648426287
219,1682648426287
220,1682648426287
221,1682648426287
222,1682648426287
223,1682648426288
224,1682648426288
225,1682648426288
226,1682648426724
227,1682648426724
228,1682648426725
229,1682648426725
230,1682648426725
231,1682648426726
232,1682648426726
233,1682648426726
234,1682648426727
235,1682648426727
236,1682648426727
237,1682648426728
238,1682648426728
239,1682648426728
240,1682648426729
241,1682648426729
242,1682648426729
243,1682648426730
244,1682648426730
245,1682648426730
246,1682648426731
247,1682648426731
248,1682648426731
249,1682648426732
250,1682648426732
251,1682648426732
252,1682648426733
253,1682648426733
254,1682648426733
255,1682648426733
256,1682648426734
257,1682648426734
258,1682648426734
259,1682648426734
260,1682648426735
261,1682648426735
262,1682648426735
263,1682648426736
264,1682648426736
265,1682648426736
266,1682648426736
267,1682648426737
268,1682648426737
269,1682648426737
270,1682648426737
271,1682648426738
272,1682648426738
273,1682648426738
274,1682648426739
275,1682648426739
276,1682648426739
277,1682648426739
278,1682648426740
279,1682648426740
280,1682648426740
281,1682648426740
282,1682648426741
283,1682648426741
284,1682648426741
285,1682648426741
286,1682648426742
287,1682648426742
288,1682648426742
289,1682648426742
290,1682648426743
291,1682648426743
292,1682648426743
293,1682648426743
294,1682648426744
295,1682648426744
296,1682648426744
297,1682648426745
298,1682648426745
299,1682648426745
300,1682648426745
301,1682648426746
302,1682648426746
303,1682648426746
304,1682648426746
305,1682648426747
306,1682648426747
307,1682648426747
308,1682648426748
309,1682648426748
310,1682648426748
311,1682648426748
312,1682648426749
313,1682648426749
314,1682648426749
315,1682648426749
316,1682648426749
317,1682648426750
318,1682648426750
319,1682648426750
320,1682648426750
321,1682648426751
322,1682648426751
323,1682648426754
324,1682648426754
325,1682648426755
326,1682648426755
327,1682648426755
328,1682648426755
329,1682648426756
330,1682648426756
331,1682648426756
332,1682648426756
333,1682648426757
334,1682648426757
335,1682648426757
336,1682648426757
337,1682648426758
338,1682648426758
339,1682648426758
340,1682648426758
341,1682648426759
342,1682648426759
343,1682648426759
344,1682648426759
345,1682648426760
346,1682648426760
347,1682648426760
348,1682648426760
349,1682648426761
350,1682648426761
351,1682648426761
352,1682648426761
353,1682648426762
354,1682648426762
355,1682648426762
356,1682648426762
357,1682648426762
358,1682648426763
359,1682648426763
360,1682648426763
361,1682648426763
362,1682648426763
363,1682648426764
364,1682648426764
365,1682648426764
366,1682648426764
367,1682648426765
368,1682648426765
369,1682648426765
370,1682648426766
371,1682648426766
372,1682648426766
373,1682648426766
374,1682648426766
375,1682648426767
376,1682648426767
377,1682648426767
378,1682648426767
379,1682648426767
380,1682648426767
381,1682648426768
382,1682648426768
383,1682648426768
384,1682648426768
385,1682648426769
386,1682648426769
387,1682648426769
388,1682648426770
389,1682648426770
390,1682648426770
391,1682648426770
392,1682648426771
393,1682648426771
394,1682648426771
395,1682648426771
396,1682648426771
397,1682648426771
398,1682648426772
399,1682648426772
400,1682648426772
401,1682648426772
402,1682648426772
403,1682648426772
404,1682648426773
405,1682648426773
406,1682648426773
407,1682648426773
408,1682648426773
409,1682648426774
410,1682648426774
411,1682648426774
412,1682648426774
413,1682648426774
414,1682648426775
415,1682648426775
416,1682648426775
417,1682648426775
418,1682648426775
419,1682648426775
420,1682648426776
421,1682648426776
422,1682648426776
423,1682648426776
424,1682648426777
425,1682648426777
426,1682648426777
427,1682648426778
428,1682648426778
429,1682648426778
430,1682648426778
431,1682648426779
432,1682648426779
433,1682648426779
434,1682648426780
435,1682648426780
436,1682648426780
437,1682648426781
438,1682648426781
439,1682648426781
440,1682648426781
441,1682648426782
442,1682648426782
443,1682648426782
444,1682648426782
445,1682648426783
446,1682648426783
447,1682648426783
448,1682648426783
449,1682648426784
450,1682648426784
451,1682648426784
452,1682648426784
453,1682648426785
454,1682648426785
455,1682648426785
456,1682648426785
457,1682648426785
458,1682648426786
459,1682648426786
460,1682648426786
461,1682648426786
462,1682648426786
463,1682648426787
464,1682648426787
465,1682648426787
466,1682648426787
467,1682648426788
468,1682648426788
469,1682648426788
470,1682648426788
471,1682648426788
472,1682648426789
473,1682648426789
474,1682648426789
475,1682648426789
476,1682648426789
477,1682648426790
478,1682648426790
479,1682648426790
480,1682648426790
481,1682648426790
482,1682648426791
483,1682648426791
484,1682648426791
485,1682648426791
486,1682648426792
487,1682648426792
488,1682648426792
489,1682648426792
490,1682648426792
491,1682648426793
492,1682648426793
493,1682648426793
494,1682648426793
495,1682648426794
496,1682648426794
497,1682648426794
498,1682648426794
499,1682648426795
500,1682648426796
501,1682648426797
502,1682648426797
503,1682648426797
504,1682648426798
505,1682648426798
506,1682648426798
507,1682648426799
508,1682648426799
509,1682648426800
510,1682648426800
511,1682648426800
512,1682648426800
513,1682648426801
514,1682648426801
515,1682648426801
516,1682648426801
517,1682648426802
518,1682648426802
519,1682648426802
520,1682648426802
521,1682648426803
522,1682648426803
523,1682648426803
524,1682648426803
525,1682648426804
526,1682648426804
527,1682648426804
528,1682648426804
529,1682648426805
530,1682648426805
531,1682648426805
532,1682648426805
533,1682648426806
534,1682648426806
535,1682648426806
536,1682648426806
537,1682648426806
538,1682648426806
539,1682648426806
540,1682648426807
541,1682648426807
542,1682648426807
543,1682648426808
544,1682648426808
545,1682648426808
546,1682648426808
547,1682648426809
548,1682648426809
549,1682648426809
550,1682648426809
551,1682648426810
552,1682648426810
553,1682648426810
554,1682648426810
555,1682648426810
556,1682648426811
557,1682648426811
558,1682648426811
559,1682648426812
560,1682648426812
561,1682648426812
562,1682648426813
563,1682648426813
564,1682648426814
565,1682648426814
566,1682648426814
567,1682648426814
568,1682648426814
569,1682648426815
570,1682648426815
571,1682648426815
572,1682648426815
573,1682648426815
574,1682648426815
575,1682648426816
576,1682648426816
577,1682648426816
578,1682648426816
579,1682648426816
580,1682648426816
581,1682648426817
582,1682648426817
583,1682648426817
584,1682648426817
585,1682648426817
586,1682648426818
587,1682648426818
588,1682648426818
589,1682648426818
590,1682648426819
591,1682648426819
592,1682648426819
593,1682648426819
594,1682648426819
595,1682648426819
596,1682648426820
597,1682648426820
598,1682648426820
599,1682648426820
600,1682648426821
601,1682648426821
602,1682648426821
603,1682648426821
604,1682648426821
605,1682648426821
606,1682648426822
607,1682648426822
608,1682648426822
609,1682648426822
610,1682648426822
611,1682648426822
612,1682648426822
613,1682648426823
614,1682648426823
615,1682648426823
616,1682648426823
617,1682648426823
618,1682648426823
619,1682648426824
620,1682648426824
621,1682648426824
622,1682648426824
623,1682648426825
624,1682648426825
625,1682648426825
626,1682648426825
627,1682648426826
628,1682648426826
629,1682648426826
630,1682648426826
631,1682648426827
632,1682648426827
633,1682648426827
634,1682648426827
635,1682648426828
636,1682648426828
637,1682648426828
638,1682648426828
639,1682648426829
640,1682648426829
641,1682648426829
642,1682648426830
643,1682648426830
644,1682648426830
645,1682648426831
646,1682648426831
647,1682648426831
648,1682648426831
649,1682648426832
650,1682648426832
651,1682648426832
652,1682648426833
653,1682648426833
654,1682648426833
655,1682648426833
656,1682648426833
657,1682648426834
658,1682648426834
659,1682648426834
660,1682648426835
661,1682648426835
662,1682648426835
663,1682648426836
664,1682648426836
665,1682648426836
666,1682648426837
667,1682648426837
668,1682648426837
669,1682648426837
670,1682648426838
671,1682648426838
672,1682648426839
673,1682648426839
674,1682648426840
675,1682648426840
676,1682648426841
677,1682648426841
678,1682648426842
679,1682648426842
680,1682648426842
681,1682648426843
682,1682648426843
683,1682648426843
684,1682648426844
685,1682648426845
686,1682648426847
687,1682648426847
688,1682648426847
689,1682648426848
690,1682648426848
691,1682648426848
692,1682648426849
693,1682648426849
694,1682648426849
695,1682648426850
696,1682648426850
697,1682648426850
698,1682648426850
699,1682648426851
700,1682648426851
701,1682648426851
702,1682648426852
703,1682648426852
704,1682648426852
705,1682648426852
706,1682648426852
707,1682648426853
708,1682648426853
709,1682648426853
710,1682648426853
711,1682648426853
712,1682648426854
713,1682648426854
714,1682648426854
715,1682648426854
716,1682648426854
717,1682648426855
718,1682648426855
719,1682648426855
720,1682648426855
721,1682648426855
722,1682648426856
723,1682648426856
724,1682648426856
725,1682648426856
726,1682648426857
727,1682648426857
728,1682648426857
729,1682648426857
730,1682648426858
731,1682648426858
732,1682648426858
733,1682648426858
734,1682648426858
735,1682648426859
736,1682648426859
737,1682648426859
738,1682648426859
739,1682648426859
740,1682648426860
741,1682648426860
742,1682648426860
743,1682648426860
744,1682648426861
745,1682648426861
746,1682648426862
747,1682648426862
748,1682648426862
749,1682648426863
750,1682648426863
751,1682648426863
752,1682648426863
753,1682648426864
754,1682648426864
755,1682648426864
756,1682648426864
757,1682648426864
758,1682648426865
759,1682648426865
760,1682648426865
761,1682648426865
762,1682648426866
763,1682648426866
764,1682648426866
765,1682648426866
766,1682648426866
767,1682648426867
768,1682648426867
769,1682648426867
770,1682648426867
771,1682648426868
772,1682648426868
773,1682648426868
774,1682648426868
775,1682648426869
776,1682648426869
777,1682648426869
778,1682648426869
779,1682648426870
780,1682648426870
781,1682648426870
782,1682648426870
783,1682648426870
784,1682648426870
785,1682648426871
786,1682648426871
787,1682648426871
788,1682648426871
789,1682648426871
790,1682648426872
791,1682648426872
792,1682648426872
793,1682648426872
794,1682648426872
795,1682648426873
796,1682648426873
797,1682648426873
798,1682648426873
799,1682648426873
800,1682648426874
801,1682648426874
802,1682648426874
803,1682648426874
804,1682648426874
805,1682648426875
806,1682648426875
807,1682648426875
808,1682648426875
809,1682648426875
810,1682648426875
811,1682648426875
812,1682648426876
813,1682648426876
814,1682648426876
815,1682648426876
816,1682648426876
817,1682648426876
818,1682648426876
819,1682648426877
820,1682648426877
821,1682648426877
822,1682648426877
823,1682648426878
824,1682648426879
825,1682648426879
826,1682648426879
827,1682648426879
828,1682648426879
829,1682648426880
830,1682648426880
831,1682648426880
832,1682648426880
833,1682648426880
834,1682648426881
835,1682648426881
836,1682648426881
837,1682648426881
838,1682648426881
839,1682648426882
840,1682648426882
841,1682648426882
842,1682648426882
843,1682648426882
844,1682648426882
845,1682648426882
846,1682648426883
847,1682648426883
848,1682648426883
849,1682648426883
850,1682648426883
851,1682648426884
852,1682648426884
853,1682648426884
854,1682648426884
855,1682648426884
856,1682648426884
857,1682648426885
858,1682648426885
859,1682648426885
860,1682648426885
861,1682648426885
862,1682648426885
863,1682648426885
864,1682648426886
865,1682648426886
866,1682648426886
867,1682648426886
868,1682648426886
869,1682648426886
870,1682648426886
871,1682648426887
872,1682648426887
873,1682648426887
874,1682648426887
875,1682648426887
876,1682648426887
877,1682648426887
878,1682648426888
879,1682648426888
880,1682648426888
881,1682648426888
882,1682648426888
883,1682648426888
884,1682648426888
885,1682648426889
886,1682648426889
887,1682648426889
888,1682648426889
889,1682648426889
890,1682648426889
891,1682648426890
892,1682648426890
893,1682648426890
894,1682648426890
895,1682648426890
896,1682648426891
897,1682648426891
898,1682648426891
899,1682648426891
900,1682648426891
901,1682648426892
902,1682648426892
903,1682648426892
904,1682648426892
905,1682648426892
906,1682648426892
907,1682648426892
908,1682648426892
909,1682648426892
910,1682648426893
911,1682648426893
912,1682648426893
913,1682648426893
914,1682648426893
915,1682648426893
916,1682648426893
917,1682648426894
918,1682648426894
919,1682648426894
920,1682648426894
921,1682648426894
922,1682648426894
923,1682648426894
924,1682648426895
925,1682648426895
926,1682648426895
927,1682648426895
928,1682648426895
929,1682648426896
930,1682648426897
931,1682648426897
932,1682648426897
933,1682648426897
934,1682648426897
935,1682648426898
936,1682648426898
937,1682648426898
938,1682648426898
939,1682648426898
940,1682648426898
941,1682648426898
942,1682648426899
943,1682648426899
944,1682648426899
945,1682648426899
946,1682648426899
947,1682648426899
948,1682648426899
949,1682648426900
950,1682648426900
951,1682648426900
952,1682648426900
953,1682648426900
954,1682648426900
955,1682648426900
956,1682648426901
957,1682648426901
958,1682648426901
959,1682648426901
960,1682648426901
961,1682648426901
962,1682648426901
963,1682648426902
964,1682648426902
965,1682648426902
966,1682648426902
967,1682648426902
968,1682648426902
969,1682648426902
970,1682648426903
971,1682648426903
972,1682648426903
973,1682648426903
974,1682648426903
975,1682648426904
976,1682648426904
977,1682648426904
978,1682648426904
979,1682648426904
980,1682648426904
981,1682648426904
982,1682648426905
983,1682648426905
984,1682648426905
985,1682648426905
986,1682648426905
987,1682648426905
988,1682648426905
989,1682648426906
990,1682648426906
991,1682648426906
992,1682648426906
993,1682648426906
994,1682648426906
995,1682648426906
996,1682648426907
997,1682648426907
998,1682648426907
999,1682648426907
1000,1682648426907
1001,1682648426907
1002,1682648426908
1003,1682648426908
1004,1682648426908
1005,1682648426908
1006,1682648426908
1007,1682648426908
1008,1682648426908
1009,1682648426908
1010,1682648426908
1011,1682648426914
1012,1682648426915
1013,1682648426917
1014,1682648426917
1015,1682648426917
1016,1682648426917
1017,1682648426917
1018,1682648426918
1019,1682648426918
1020,1682648426918
1021,1682648426918
1022,1682648426918
1023,1682648426918
1024,1682648426919
