1,1682648479235
2,1682648479240
3,1682648479245
4,1682648479424
5,1682648479425
6,1682648479426
7,1682648479427
8,1682648479428
9,1682648479428
10,1682648479429
11,1682648479430
12,1682648479434
13,1682648479436
14,1682648479437
15,1682648479438
16,1682648479440
17,1682648479440
18,1682648479441
19,1682648479705
20,1682648479706
21,1682648479706
22,1682648479706
23,1682648479706
24,1682648479707
25,1682648479707
26,1682648479707
27,1682648479708
28,1682648479708
29,1682648479708
30,1682648479709
31,1682648479709
32,1682648479710
33,1682648479710
34,1682648479710
35,1682648479711
36,1682648479711
37,1682648479712
38,1682648479712
39,1682648479712
40,1682648479713
41,1682648479713
42,1682648479713
43,1682648479716
44,1682648479717
45,1682648479717
46,1682648479718
47,1682648479719
48,1682648479720
49,1682648479720
50,1682648479721
51,1682648479721
52,1682648479721
53,1682648479721
54,1682648479722
55,1682648479722
56,1682648480095
57,1682648480095
58,1682648480096
59,1682648480096
60,1682648480097
61,1682648480098
62,1682648480100
63,1682648480103
64,1682648480104
65,1682648480104
66,1682648480106
67,1682648480106
68,1682648480107
69,1682648480108
70,1682648480108
71,1682648480109
72,1682648480109
73,1682648480110
74,1682648480110
75,1682648480111
76,1682648480112
77,1682648480112
78,1682648480113
79,1682648480113
80,1682648480113
81,1682648480116
82,1682648480117
83,1682648480117
84,1682648480118
85,1682648480119
86,1682648480120
87,1682648480120
88,1682648480122
89,1682648480123
90,1682648480124
91,1682648480125
92,1682648480126
93,1682648480127
94,1682648480128
95,1682648480129
96,1682648480129
97,1682648480129
98,1682648480130
99,1682648480130
100,1682648480131
101,1682648480132
102,1682648480133
103,1682648480133
104,1682648480134
105,1682648480135
106,1682648480135
107,1682648480135
108,1682648480136
109,1682648480136
110,1682648480136
111,1682648480137
112,1682648480137
113,1682648480137
114,1682648480137
115,1682648480138
116,1682648480139
117,1682648480140
118,1682648480140
119,1682648480141
120,1682648480141
121,1682648480142
122,1682648480142
123,1682648480142
124,1682648480143
125,1682648480143
126,1682648480143
127,1682648480144
128,1682648480145
129,1682648480145
130,1682648480145
131,1682648480146
132,1682648480146
133,1682648480146
134,1682648480147
135,1682648480148
136,1682648480149
137,1682648480150
138,1682648480150
139,1682648480151
140,1682648480151
141,1682648480152
142,1682648480152
143,1682648480153
144,1682648480153
145,1682648480154
146,1682648480154
147,1682648480155
148,1682648480155
149,1682648480156
150,1682648480636
151,1682648480637
152,1682648480638
153,1682648480639
154,1682648480640
155,1682648480641
156,1682648480641
157,1682648480642
158,1682648480643
159,1682648480645
160,1682648480646
161,1682648480651
162,1682648480655
163,1682648480656
164,1682648480657
165,1682648480659
166,1682648480661
167,1682648480661
168,1682648480662
169,1682648480662
170,1682648480663
171,1682648480668
172,1682648480668
173,1682648480669
174,1682648480670
175,1682648480671
176,1682648480672
177,1682648480672
178,1682648480673
179,1682648480675
180,1682648480677
181,1682648480678
182,1682648480679
183,1682648480679
184,1682648480680
185,1682648480682
186,1682648480683
187,1682648480685
188,1682648480686
189,1682648480687
190,1682648480688
191,1682648480689
192,1682648480689
193,1682648480690
194,1682648480691
195,1682648480691
196,1682648480692
197,1682648480693
198,1682648480693
199,1682648480694
200,1682648480694
201,1682648480695
202,1682648480695
203,1682648480696
204,1682648480696
205,1682648480700
206,1682648480701
207,1682648480702
208,1682648480703
209,1682648480703
210,1682648480704
211,1682648480704
212,1682648480705
213,1682648480705
214,1682648480706
215,1682648480706
216,1682648480707
217,1682648480707
218,1682648480708
219,1682648480709
220,1682648480710
221,1682648480710
222,1682648480711
223,1682648480711
224,1682648480712
225,1682648480712
226,1682648480713
227,1682648480713
228,1682648480715
229,1682648480716
230,1682648480717
231,1682648480718
232,1682648480718
233,1682648480719
234,1682648480719
235,1682648480720
236,1682648480721
237,1682648480721
238,1682648480721
239,1682648480722
240,1682648480723
241,1682648480723
242,1682648480723
243,1682648480724
244,1682648480725
245,1682648480725
246,1682648480726
247,1682648480726
248,1682648480727
249,1682648480727
250,1682648480728
251,1682648480728
252,1682648480729
253,1682648480729
254,1682648480729
255,1682648480730
256,1682648480731
257,1682648480731
258,1682648480732
259,1682648480733
260,1682648480734
261,1682648480736
262,1682648480736
263,1682648480737
264,1682648480737
265,1682648480737
266,1682648480738
267,1682648480738
268,1682648480738
269,1682648480739
270,1682648480739
271,1682648480739
272,1682648480740
273,1682648480740
274,1682648480740
275,1682648480741
276,1682648480741
277,1682648480741
278,1682648480741
279,1682648480742
280,1682648480742
281,1682648480742
282,1682648480743
283,1682648480743
284,1682648480743
285,1682648480744
286,1682648480744
287,1682648480744
288,1682648480745
289,1682648480745
290,1682648480745
291,1682648480745
292,1682648480746
293,1682648480746
294,1682648480746
295,1682648480747
296,1682648480748
297,1682648480749
298,1682648480749
299,1682648480750
300,1682648480750
301,1682648480752
302,1682648480752
303,1682648480753
304,1682648480753
305,1682648480754
306,1682648480754
307,1682648480754
308,1682648480755
309,1682648480755
310,1682648480755
311,1682648480756
312,1682648480756
313,1682648480757
314,1682648480757
315,1682648480758
316,1682648480758
317,1682648480758
318,1682648480759
319,1682648480759
320,1682648480760
321,1682648480760
322,1682648480760
323,1682648480761
324,1682648480761
325,1682648480762
326,1682648480762
327,1682648480763
328,1682648480765
329,1682648480767
330,1682648480768
331,1682648480768
332,1682648480769
333,1682648480770
334,1682648480771
335,1682648480771
336,1682648480772
337,1682648480772
338,1682648480773
339,1682648480773
340,1682648480774
341,1682648480774
342,1682648480774
343,1682648480775
344,1682648480775
345,1682648480775
346,1682648481065
347,1682648481065
348,1682648481065
349,1682648481065
350,1682648481066
351,1682648481066
352,1682648481066
353,1682648481066
354,1682648481066
355,1682648481066
356,1682648481067
357,1682648481067
358,1682648481067
359,1682648481067
360,1682648481067
361,1682648481068
362,1682648481068
363,1682648481068
364,1682648481068
365,1682648481069
366,1682648481069
367,1682648481069
368,1682648481070
369,1682648481070
370,1682648481070
371,1682648481071
372,1682648481072
373,1682648481072
374,1682648481072
375,1682648481072
376,1682648481073
377,1682648481073
378,1682648481073
379,1682648481073
380,1682648481074
381,1682648481074
382,1682648481074
383,1682648481074
384,1682648481074
385,1682648481075
386,1682648481075
387,1682648481075
388,1682648481075
389,1682648481075
390,1682648481076
391,1682648481076
392,1682648481076
393,1682648481076
394,1682648481077
395,1682648481077
396,1682648481077
397,1682648481077
398,1682648481077
399,1682648481078
400,1682648481078
401,1682648481078
402,1682648481079
403,1682648481079
404,1682648481079
405,1682648481079
406,1682648481080
407,1682648481080
408,1682648481080
409,1682648481080
410,1682648481080
411,1682648481080
412,1682648481081
413,1682648481081
414,1682648481081
415,1682648481081
416,1682648481082
417,1682648481082
418,1682648481082
419,1682648481082
420,1682648481083
421,1682648481083
422,1682648481083
423,1682648481083
424,1682648481084
425,1682648481084
426,1682648481084
427,1682648481085
428,1682648481085
429,1682648481085
430,1682648481085
431,1682648481086
432,1682648481089
433,1682648481090
434,1682648481090
435,1682648481090
436,1682648481091
437,1682648481091
438,1682648481091
439,1682648481091
440,1682648481092
441,1682648481092
442,1682648481092
443,1682648481092
444,1682648481093
445,1682648481093
446,1682648481093
447,1682648481093
448,1682648481093
449,1682648481094
450,1682648481094
451,1682648481094
452,1682648481095
453,1682648481095
454,1682648481095
455,1682648481095
456,1682648481096
457,1682648481096
458,1682648481096
459,1682648481096
460,1682648481096
461,1682648481096
462,1682648481096
463,1682648481097
464,1682648481098
465,1682648481098
466,1682648481099
467,1682648481099
468,1682648481099
469,1682648481100
470,1682648481100
471,1682648481100
472,1682648481101
473,1682648481101
474,1682648481101
475,1682648481101
476,1682648481102
477,1682648481102
478,1682648481102
479,1682648481102
480,1682648481102
481,1682648481103
482,1682648481103
483,1682648481103
484,1682648481104
485,1682648481104
486,1682648481104
487,1682648481105
488,1682648481105
489,1682648481105
490,1682648481105
491,1682648481107
492,1682648481108
493,1682648481108
494,1682648481108
495,1682648481109
496,1682648481109
497,1682648481109
498,1682648481109
499,1682648481110
500,1682648481110
501,1682648481110
502,1682648481111
503,1682648481111
504,1682648481111
505,1682648481111
506,1682648481112
507,1682648481112
508,1682648481112
509,1682648481112
510,1682648481112
511,1682648481113
512,1682648481113
513,1682648481113
514,1682648481114
515,1682648481115
516,1682648481115
517,1682648481116
518,1682648481117
519,1682648481117
520,1682648481118
521,1682648481118
522,1682648481118
523,1682648481118
524,1682648481119
525,1682648481120
526,1682648481120
527,1682648481120
528,1682648481121
529,1682648481121
530,1682648481121
531,1682648481122
532,1682648481122
533,1682648481122
534,1682648481123
535,1682648481123
536,1682648481123
537,1682648481123
538,1682648481124
539,1682648481124
540,1682648481124
541,1682648481125
542,1682648481125
543,1682648481125
544,1682648481125
545,1682648481126
546,1682648481126
547,1682648481126
548,1682648481127
549,1682648481127
550,1682648481127
551,1682648481127
552,1682648481128
553,1682648481128
554,1682648481128
555,1682648481128
556,1682648481128
557,1682648481129
558,1682648481129
559,1682648481129
560,1682648481129
561,1682648481129
562,1682648481130
563,1682648481130
564,1682648481131
565,1682648481131
566,1682648481132
567,1682648481132
568,1682648481132
569,1682648481133
570,1682648481133
571,1682648481134
572,1682648481134
573,1682648481135
574,1682648481135
575,1682648481135
576,1682648481135
577,1682648481136
578,1682648481136
579,1682648481136
580,1682648481136
581,1682648481136
582,1682648481137
583,1682648481137
584,1682648481137
585,1682648481137
586,1682648481137
587,1682648481138
588,1682648481138
589,1682648481138
590,1682648481138
591,1682648481139
592,1682648481139
593,1682648481139
594,1682648481139
595,1682648481140
596,1682648481140
597,1682648481140
598,1682648481141
599,1682648481141
600,1682648481141
601,1682648481141
602,1682648481142
603,1682648481142
604,1682648481142
605,1682648481142
606,1682648481142
607,1682648481143
608,1682648481143
609,1682648481143
610,1682648481143
611,1682648481143
612,1682648481144
613,1682648481144
614,1682648481144
615,1682648481144
616,1682648481145
617,1682648481145
618,1682648481145
619,1682648481145
620,1682648481146
621,1682648481146
622,1682648481146
623,1682648481146
624,1682648481146
625,1682648481147
626,1682648481147
627,1682648481147
628,1682648481148
629,1682648481148
630,1682648481148
631,1682648481149
632,1682648481150
633,1682648481150
634,1682648481151
635,1682648481151
636,1682648481151
637,1682648481152
638,1682648481152
639,1682648481152
640,1682648481152
641,1682648481153
642,1682648481153
643,1682648481153
644,1682648481153
645,1682648481154
646,1682648481154
647,1682648481154
648,1682648481155
649,1682648481155
650,1682648481155
651,1682648481155
652,1682648481156
653,1682648481156
654,1682648481156
655,1682648481156
656,1682648481156
657,1682648481156
658,1682648481157
659,1682648481157
660,1682648481157
661,1682648481157
662,1682648481157
663,1682648481158
664,1682648481158
665,1682648481158
666,1682648481158
667,1682648481158
668,1682648481159
669,1682648481159
670,1682648481159
671,1682648481159
672,1682648481159
673,1682648481160
674,1682648481160
675,1682648481160
676,1682648481160
677,1682648481160
678,1682648481161
679,1682648481161
680,1682648481161
681,1682648481161
682,1682648481161
683,1682648481162
684,1682648481162
685,1682648481162
686,1682648481162
687,1682648481163
688,1682648481163
689,1682648481163
690,1682648481164
691,1682648481165
692,1682648481165
693,1682648481165
694,1682648481165
695,1682648481166
696,1682648481166
697,1682648481167
698,1682648481167
699,1682648481167
700,1682648481168
701,1682648481168
702,1682648481168
703,1682648481169
704,1682648481169
705,1682648481169
706,1682648481169
707,1682648481170
708,1682648481170
709,1682648481170
710,1682648481170
711,1682648481171
712,1682648481171
713,1682648481171
714,1682648481172
715,1682648481172
716,1682648481172
717,1682648481173
718,1682648481173
719,1682648481173
720,1682648481173
721,1682648481174
722,1682648481174
723,1682648481174
724,1682648481174
725,1682648481174
726,1682648481175
727,1682648481175
728,1682648481175
729,1682648481175
730,1682648481175
731,1682648481176
732,1682648481176
733,1682648481176
734,1682648481176
735,1682648481176
736,1682648481176
737,1682648481177
738,1682648481177
739,1682648481177
740,1682648481177
741,1682648481178
742,1682648481178
743,1682648481178
744,1682648481178
745,1682648481178
746,1682648481179
747,1682648481179
748,1682648481179
749,1682648481179
750,1682648481180
751,1682648481180
752,1682648481181
753,1682648481181
754,1682648481181
755,1682648481181
756,1682648481181
757,1682648481182
758,1682648481182
759,1682648481182
760,1682648481182
761,1682648481183
762,1682648481183
763,1682648481184
764,1682648481184
765,1682648481184
766,1682648481184
767,1682648481185
768,1682648481185
769,1682648481185
770,1682648481185
771,1682648481185
772,1682648481185
773,1682648481186
774,1682648481186
775,1682648481186
776,1682648481186
777,1682648481186
778,1682648481186
779,1682648481186
780,1682648481186
781,1682648481187
782,1682648481187
783,1682648481187
784,1682648481187
785,1682648481187
786,1682648481187
787,1682648481188
788,1682648481188
789,1682648481188
790,1682648481188
791,1682648481188
792,1682648481188
793,1682648481188
794,1682648481189
795,1682648481189
796,1682648481189
797,1682648481189
798,1682648481189
799,1682648481190
800,1682648481190
801,1682648481190
802,1682648481190
803,1682648481190
804,1682648481190
805,1682648481191
806,1682648481191
807,1682648481212
808,1682648481212
809,1682648481213
810,1682648481213
811,1682648481213
812,1682648481213
813,1682648481213
814,1682648481213
815,1682648481214
816,1682648481214
817,1682648481214
818,1682648481214
819,1682648481215
820,1682648481215
821,1682648481215
822,1682648481217
823,1682648481217
824,1682648481218
825,1682648481218
826,1682648481218
827,1682648481218
828,1682648481219
829,1682648481219
830,1682648481219
831,1682648481219
832,1682648481219
833,1682648481219
834,1682648481220
835,1682648481220
836,1682648481220
837,1682648481220
838,1682648481220
839,1682648481220
840,1682648481221
841,1682648481221
842,1682648481221
843,1682648481221
844,1682648481221
845,1682648481222
846,1682648481222
847,1682648481222
848,1682648481239
849,1682648481239
850,1682648481239
851,1682648481239
852,1682648481239
853,1682648481239
854,1682648481239
855,1682648481240
856,1682648481240
857,1682648481240
858,1682648481240
859,1682648481240
860,1682648481253
861,1682648481253
862,1682648481253
863,1682648481254
864,1682648481254
865,1682648481254
866,1682648481254
867,1682648481254
868,1682648481254
869,1682648481254
870,1682648481255
871,1682648481255
872,1682648481255
873,1682648481255
874,1682648481255
875,1682648481255
876,1682648481255
877,1682648481255
878,1682648481256
879,1682648481256
880,1682648481256
881,1682648481256
882,1682648481256
883,1682648481256
884,1682648481256
885,1682648481256
886,1682648481257
887,1682648481257
888,1682648481257
889,1682648481257
890,1682648481257
891,1682648481257
892,1682648481257
893,1682648481258
894,1682648481258
895,1682648481258
896,1682648481279
897,1682648481280
898,1682648481281
899,1682648481281
900,1682648481282
901,1682648481282
902,1682648481282
903,1682648481282
904,1682648481283
905,1682648481283
906,1682648481283
907,1682648481283
908,1682648481283
909,1682648481284
910,1682648481284
911,1682648481284
912,1682648481284
913,1682648481285
914,1682648481285
915,1682648481285
916,1682648481285
917,1682648481286
918,1682648481286
919,1682648481286
920,1682648481286
921,1682648481286
922,1682648481286
923,1682648481287
924,1682648481287
925,1682648481287
926,1682648481287
927,1682648481287
928,1682648481287
929,1682648481288
930,1682648481288
931,1682648481288
932,1682648481288
933,1682648481288
934,1682648481289
935,1682648481303
936,1682648481304
937,1682648481304
938,1682648481304
939,1682648481306
940,1682648481307
941,1682648481307
942,1682648481307
943,1682648481307
944,1682648481308
945,1682648481308
946,1682648481308
947,1682648481308
948,1682648481309
949,1682648481309
950,1682648481309
951,1682648481309
952,1682648481311
953,1682648481311
954,1682648481312
955,1682648481312
956,1682648481313
957,1682648481317
958,1682648481317
959,1682648481317
960,1682648481317
961,1682648481318
962,1682648481319
963,1682648481319
964,1682648481319
965,1682648481319
966,1682648481320
967,1682648481321
968,1682648481321
969,1682648481322
970,1682648481323
971,1682648481323
972,1682648481324
973,1682648481325
974,1682648481329
975,1682648481330
976,1682648481330
977,1682648481331
978,1682648481331
979,1682648481332
980,1682648481332
981,1682648481332
982,1682648481333
983,1682648481335
984,1682648481336
985,1682648481336
986,1682648481336
987,1682648481337
988,1682648481338
989,1682648481338
990,1682648481338
991,1682648481338
992,1682648481339
993,1682648481339
994,1682648481350
995,1682648481350
996,1682648481351
997,1682648481353
998,1682648481353
999,1682648481354
1000,1682648481354
1001,1682648481354
1002,1682648481354
1003,1682648481355
1004,1682648481355
1005,1682648481355
1006,1682648481355
1007,1682648481355
1008,1682648481356
1009,1682648481356
1010,1682648481356
1011,1682648481356
1012,1682648481356
1013,1682648481356
1014,1682648481356
1015,1682648481357
1016,1682648481357
1017,1682648481357
1018,1682648481357
1019,1682648481357
1020,1682648481357
1021,1682648481358
1022,1682648481358
1023,1682648481358
1024,1682648481370
