1,1682649604816
2,1682649604819
3,1682649604822
4,1682649604825
5,1682649604981
6,1682649604982
7,1682649604983
8,1682649604985
9,1682649604985
10,1682649604995
11,1682649604998
12,1682649605120
13,1682649605121
14,1682649605124
15,1682649605125
16,1682649605126
17,1682649605127
18,1682649605128
19,1682649605128
20,1682649605129
21,1682649605130
22,1682649605130
23,1682649605131
24,1682649605132
25,1682649605136
26,1682649605144
27,1682649605146
28,1682649605150
29,1682649605150
30,1682649605276
31,1682649605277
32,1682649605277
33,1682649605279
34,1682649605280
35,1682649605281
36,1682649605282
37,1682649605283
38,1682649605284
39,1682649605285
40,1682649605285
41,1682649605286
42,1682649605286
43,1682649605288
44,1682649605291
45,1682649605293
46,1682649605294
47,1682649605295
48,1682649605295
49,1682649605296
50,1682649605297
51,1682649605297
52,1682649605298
53,1682649605298
54,1682649605299
55,1682649605299
56,1682649605300
57,1682649605300
58,1682649605301
59,1682649605302
60,1682649605302
61,1682649605302
62,1682649605303
63,1682649605307
64,1682649605309
65,1682649605310
66,1682649605310
67,1682649605311
68,1682649605312
69,1682649605312
70,1682649605313
71,1682649605314
72,1682649605314
73,1682649605315
74,1682649605315
75,1682649605315
76,1682649605316
77,1682649605316
78,1682649605317
79,1682649605450
80,1682649605450
81,1682649605451
82,1682649605452
83,1682649605452
84,1682649605453
85,1682649605454
86,1682649605455
87,1682649605456
88,1682649605457
89,1682649605458
90,1682649605459
91,1682649605460
92,1682649605460
93,1682649605462
94,1682649605463
95,1682649605464
96,1682649605465
97,1682649605465
98,1682649605466
99,1682649605467
100,1682649605468
101,1682649605472
102,1682649605476
103,1682649605476
104,1682649605478
105,1682649605479
106,1682649605481
107,1682649605482
108,1682649605483
109,1682649605485
110,1682649605485
111,1682649605487
112,1682649605491
113,1682649605493
114,1682649605494
115,1682649605495
116,1682649605496
117,1682649605497
118,1682649605497
119,1682649605498
120,1682649605499
121,1682649605499
122,1682649605500
123,1682649605500
124,1682649605501
125,1682649605502
126,1682649605503
127,1682649605614
128,1682649605614
129,1682649605615
130,1682649605615
131,1682649605616
132,1682649605616
133,1682649605617
134,1682649605617
135,1682649605617
136,1682649605618
137,1682649605618
138,1682649605619
139,1682649605619
140,1682649605624
141,1682649605625
142,1682649605627
143,1682649605628
144,1682649605628
145,1682649605629
146,1682649605630
147,1682649605630
148,1682649605631
149,1682649605632
150,1682649605632
151,1682649605634
152,1682649605634
153,1682649605635
154,1682649605636
155,1682649605638
156,1682649605642
157,1682649605643
158,1682649605643
159,1682649605644
160,1682649605645
161,1682649605645
162,1682649605645
163,1682649605646
164,1682649605647
165,1682649605647
166,1682649605647
167,1682649605648
168,1682649605648
169,1682649605649
170,1682649605649
171,1682649605650
172,1682649605650
173,1682649605650
174,1682649605651
175,1682649605651
176,1682649605652
177,1682649605653
178,1682649605657
179,1682649605660
180,1682649605662
181,1682649605674
182,1682649605675
183,1682649605676
184,1682649605680
185,1682649605682
186,1682649605684
187,1682649605684
188,1682649605684
189,1682649605685
190,1682649605685
191,1682649605686
192,1682649605686
193,1682649605690
194,1682649605691
195,1682649605692
196,1682649605692
197,1682649605693
198,1682649605694
199,1682649605694
200,1682649605695
201,1682649605914
202,1682649605915
203,1682649605915
204,1682649605915
205,1682649605916
206,1682649605916
207,1682649605916
208,1682649605917
209,1682649605917
210,1682649605917
211,1682649605918
212,1682649605918
213,1682649605918
214,1682649605919
215,1682649605919
216,1682649605919
217,1682649605920
218,1682649605920
219,1682649605921
220,1682649605921
221,1682649605921
222,1682649605922
223,1682649605922
224,1682649605922
225,1682649605923
226,1682649605923
227,1682649605923
228,1682649605924
229,1682649605925
230,1682649605925
231,1682649605926
232,1682649605927
233,1682649605927
234,1682649605928
235,1682649605928
236,1682649605929
237,1682649605929
238,1682649605929
239,1682649605930
240,1682649605930
241,1682649605931
242,1682649605931
243,1682649605932
244,1682649605932
245,1682649605933
246,1682649605933
247,1682649605934
248,1682649605934
249,1682649605934
250,1682649605935
251,1682649605935
252,1682649605936
253,1682649605936
254,1682649605938
255,1682649605939
256,1682649605940
257,1682649605940
258,1682649605941
259,1682649605941
260,1682649605942
261,1682649605942
262,1682649605943
263,1682649605943
264,1682649605944
265,1682649605944
266,1682649605945
267,1682649605945
268,1682649605945
269,1682649605946
270,1682649605946
271,1682649605947
272,1682649605947
273,1682649605948
274,1682649605948
275,1682649605949
276,1682649605949
277,1682649605950
278,1682649605950
279,1682649605950
280,1682649605951
281,1682649605952
282,1682649605952
283,1682649605953
284,1682649605955
285,1682649605956
286,1682649605957
287,1682649605957
288,1682649605958
289,1682649605958
290,1682649605959
291,1682649605959
292,1682649605960
293,1682649606099
294,1682649606100
295,1682649606100
296,1682649606101
297,1682649606101
298,1682649606102
299,1682649606102
300,1682649606103
301,1682649606104
302,1682649606104
303,1682649606105
304,1682649606105
305,1682649606109
306,1682649606313
307,1682649606313
308,1682649606313
309,1682649606314
310,1682649606314
311,1682649606314
312,1682649606315
313,1682649606315
314,1682649606315
315,1682649606316
316,1682649606316
317,1682649606316
318,1682649606317
319,1682649606317
320,1682649606317
321,1682649606317
322,1682649606318
323,1682649606318
324,1682649606318
325,1682649606319
326,1682649606319
327,1682649606319
328,1682649606321
329,1682649606323
330,1682649606324
331,1682649606324
332,1682649606325
333,1682649606325
334,1682649606326
335,1682649606326
336,1682649606327
337,1682649606327
338,1682649606327
339,1682649606328
340,1682649606328
341,1682649606328
342,1682649606329
343,1682649606329
344,1682649606330
345,1682649606330
346,1682649606331
347,1682649606332
348,1682649606332
349,1682649606332
350,1682649606333
351,1682649606333
352,1682649606334
353,1682649606334
354,1682649606334
355,1682649606335
356,1682649606335
357,1682649606336
358,1682649606336
359,1682649606336
360,1682649606340
361,1682649606341
362,1682649606341
363,1682649606471
364,1682649606472
365,1682649606472
366,1682649606472
367,1682649606472
368,1682649606473
369,1682649606473
370,1682649606473
371,1682649606473
372,1682649606473
373,1682649606473
374,1682649606474
375,1682649606474
376,1682649606474
377,1682649606474
378,1682649606474
379,1682649606474
380,1682649606475
381,1682649606475
382,1682649606475
383,1682649606475
384,1682649606475
385,1682649606475
386,1682649606476
387,1682649606476
388,1682649606476
389,1682649606476
390,1682649606476
391,1682649606476
392,1682649606477
393,1682649606477
394,1682649606477
395,1682649606477
396,1682649606477
397,1682649606477
398,1682649606478
399,1682649606478
400,1682649606478
401,1682649606478
402,1682649606478
403,1682649606478
404,1682649606479
405,1682649606479
406,1682649606479
407,1682649606479
408,1682649606479
409,1682649606479
410,1682649606480
411,1682649606480
412,1682649606480
413,1682649606480
414,1682649606481
415,1682649606481
416,1682649606481
417,1682649606660
418,1682649606661
419,1682649606661
420,1682649606661
421,1682649606661
422,1682649606661
423,1682649606661
424,1682649606662
425,1682649606662
426,1682649606662
427,1682649606662
428,1682649606662
429,1682649606662
430,1682649606663
431,1682649606663
432,1682649606663
433,1682649606663
434,1682649606663
435,1682649606664
436,1682649606664
437,1682649606664
438,1682649606664
439,1682649606664
440,1682649606665
441,1682649606665
442,1682649606665
443,1682649606665
444,1682649606665
445,1682649606666
446,1682649606666
447,1682649606666
448,1682649606666
449,1682649606666
450,1682649606667
451,1682649606667
452,1682649606667
453,1682649606667
454,1682649606667
455,1682649606667
456,1682649606667
457,1682649606668
458,1682649606668
459,1682649606668
460,1682649606668
461,1682649606668
462,1682649606668
463,1682649606668
464,1682649606669
465,1682649606669
466,1682649606669
467,1682649606669
468,1682649606669
469,1682649606670
470,1682649606671
471,1682649606671
472,1682649606672
473,1682649606672
474,1682649606673
475,1682649606673
476,1682649606673
477,1682649606674
478,1682649606674
479,1682649606674
480,1682649606675
481,1682649606675
482,1682649606675
483,1682649606676
484,1682649606676
485,1682649606676
486,1682649606677
487,1682649606817
488,1682649606817
489,1682649606817
490,1682649606818
491,1682649606818
492,1682649606818
493,1682649606818
494,1682649606818
495,1682649606819
496,1682649606819
497,1682649606819
498,1682649606819
499,1682649606819
500,1682649606819
501,1682649606820
502,1682649606820
503,1682649606820
504,1682649606820
505,1682649606820
506,1682649606821
507,1682649606821
508,1682649606821
509,1682649606821
510,1682649606821
511,1682649606822
512,1682649606822
513,1682649606822
514,1682649606823
515,1682649606823
516,1682649606823
517,1682649606823
518,1682649606824
519,1682649606824
520,1682649606824
521,1682649606824
522,1682649606824
523,1682649606824
524,1682649606825
525,1682649606825
526,1682649606825
527,1682649606825
528,1682649606826
529,1682649606826
530,1682649606826
531,1682649606827
532,1682649606827
533,1682649606827
534,1682649606827
535,1682649606828
536,1682649606828
537,1682649606828
538,1682649606828
539,1682649606829
540,1682649606829
541,1682649606829
542,1682649606830
543,1682649606830
544,1682649607047
545,1682649607048
546,1682649607048
547,1682649607048
548,1682649607048
549,1682649607049
550,1682649607049
551,1682649607049
552,1682649607049
553,1682649607049
554,1682649607049
555,1682649607050
556,1682649607050
557,1682649607050
558,1682649607050
559,1682649607050
560,1682649607050
561,1682649607051
562,1682649607051
563,1682649607051
564,1682649607051
565,1682649607051
566,1682649607052
567,1682649607052
568,1682649607052
569,1682649607052
570,1682649607053
571,1682649607057
572,1682649607057
573,1682649607057
574,1682649607057
575,1682649607058
576,1682649607058
577,1682649607058
578,1682649607058
579,1682649607059
580,1682649607059
581,1682649607059
582,1682649607059
583,1682649607060
584,1682649607060
585,1682649607060
586,1682649607060
587,1682649607061
588,1682649607061
589,1682649607061
590,1682649607061
591,1682649607061
592,1682649607062
593,1682649607062
594,1682649607062
595,1682649607062
596,1682649607063
597,1682649607063
598,1682649607063
599,1682649607064
600,1682649607064
601,1682649607064
602,1682649607064
603,1682649607065
604,1682649607065
605,1682649607065
606,1682649607065
607,1682649607066
608,1682649607066
609,1682649607066
610,1682649607066
611,1682649607067
612,1682649607067
613,1682649607067
614,1682649607067
615,1682649607067
616,1682649607068
617,1682649607068
618,1682649607068
619,1682649607068
620,1682649607069
621,1682649607069
622,1682649607069
623,1682649607069
624,1682649607069
625,1682649607071
626,1682649607072
627,1682649607073
628,1682649607073
629,1682649607073
630,1682649607073
631,1682649607074
632,1682649607074
633,1682649607074
634,1682649607075
635,1682649607075
636,1682649607075
637,1682649607076
638,1682649607076
639,1682649607076
640,1682649607238
641,1682649607238
642,1682649607239
643,1682649607239
644,1682649607239
645,1682649607240
646,1682649607240
647,1682649607240
648,1682649607240
649,1682649607241
650,1682649607241
651,1682649607241
652,1682649607241
653,1682649607242
654,1682649607242
655,1682649607242
656,1682649607242
657,1682649607242
658,1682649607243
659,1682649607243
660,1682649607243
661,1682649607243
662,1682649607243
663,1682649607243
664,1682649607244
665,1682649607244
666,1682649607244
667,1682649607244
668,1682649607244
669,1682649607245
670,1682649607245
671,1682649607245
672,1682649607245
673,1682649607246
674,1682649607246
675,1682649607246
676,1682649607246
677,1682649607246
678,1682649607247
679,1682649607247
680,1682649607247
681,1682649607247
682,1682649607247
683,1682649607247
684,1682649607248
685,1682649607248
686,1682649607248
687,1682649607248
688,1682649607249
689,1682649607249
690,1682649607249
691,1682649607249
692,1682649607250
693,1682649607250
694,1682649607251
695,1682649607251
696,1682649607359
697,1682649607359
698,1682649607359
699,1682649607359
700,1682649607360
701,1682649607360
702,1682649607360
703,1682649607360
704,1682649607361
705,1682649607361
706,1682649607361
707,1682649607361
708,1682649607361
709,1682649607362
710,1682649607362
711,1682649607362
712,1682649607362
713,1682649607363
714,1682649607363
715,1682649607363
716,1682649607363
717,1682649607363
718,1682649607364
719,1682649607364
720,1682649607364
721,1682649607364
722,1682649607364
723,1682649607365
724,1682649607365
725,1682649607365
726,1682649607365
727,1682649607365
728,1682649607366
729,1682649607366
730,1682649607366
731,1682649607366
732,1682649607367
733,1682649607367
734,1682649607367
735,1682649607367
736,1682649607367
737,1682649607367
738,1682649607368
739,1682649607368
740,1682649607368
741,1682649607368
742,1682649607368
743,1682649607368
744,1682649607369
745,1682649607369
746,1682649607369
747,1682649607369
748,1682649607369
749,1682649607369
750,1682649607370
751,1682649607370
752,1682649607370
753,1682649607370
754,1682649607370
755,1682649607371
756,1682649607371
757,1682649607371
758,1682649607371
759,1682649607372
760,1682649607372
761,1682649607372
762,1682649607372
763,1682649607550
764,1682649607550
765,1682649607551
766,1682649607551
767,1682649607551
768,1682649607551
769,1682649607551
770,1682649607551
771,1682649607551
772,1682649607551
773,1682649607552
774,1682649607552
775,1682649607552
776,1682649607552
777,1682649607552
778,1682649607552
779,1682649607553
780,1682649607553
781,1682649607553
782,1682649607553
783,1682649607553
784,1682649607554
785,1682649607554
786,1682649607554
787,1682649607554
788,1682649607554
789,1682649607555
790,1682649607555
791,1682649607555
792,1682649607555
793,1682649607555
794,1682649607556
795,1682649607556
796,1682649607556
797,1682649607556
798,1682649607556
799,1682649607557
800,1682649607557
801,1682649607557
802,1682649607557
803,1682649607557
804,1682649607558
805,1682649607558
806,1682649607558
807,1682649607558
808,1682649607558
809,1682649607558
810,1682649607559
811,1682649607559
812,1682649607559
813,1682649607559
814,1682649607559
815,1682649607559
816,1682649607559
817,1682649607560
818,1682649607560
819,1682649607560
820,1682649607560
821,1682649607560
822,1682649607560
823,1682649607560
824,1682649607561
825,1682649607561
826,1682649607561
827,1682649607561
828,1682649607561
829,1682649607561
830,1682649607561
831,1682649607562
832,1682649607562
833,1682649607562
834,1682649607562
835,1682649607562
836,1682649607563
837,1682649607563
838,1682649607563
839,1682649607563
840,1682649607563
841,1682649607563
842,1682649607564
843,1682649607564
844,1682649607564
845,1682649607564
846,1682649607564
847,1682649607564
848,1682649607564
849,1682649607565
850,1682649607565
851,1682649607565
852,1682649608024
853,1682649608024
854,1682649608024
855,1682649608025
856,1682649608025
857,1682649608025
858,1682649608025
859,1682649608025
860,1682649608025
861,1682649608025
862,1682649608025
863,1682649608025
864,1682649608026
865,1682649608026
866,1682649608026
867,1682649608026
868,1682649608026
869,1682649608026
870,1682649608026
871,1682649608027
872,1682649608027
873,1682649608027
874,1682649608027
875,1682649608027
876,1682649608027
877,1682649608027
878,1682649608027
879,1682649608028
880,1682649608028
881,1682649608028
882,1682649608028
883,1682649608028
884,1682649608028
885,1682649608028
886,1682649608028
887,1682649608029
888,1682649608029
889,1682649608029
890,1682649608029
891,1682649608029
892,1682649608029
893,1682649608029
894,1682649608030
895,1682649608030
896,1682649608030
897,1682649608030
898,1682649608030
899,1682649608030
900,1682649608030
901,1682649608031
902,1682649608031
903,1682649608031
904,1682649608031
905,1682649608031
906,1682649608031
907,1682649608031
908,1682649608031
909,1682649608031
910,1682649608032
911,1682649608032
912,1682649608032
913,1682649608032
914,1682649608032
915,1682649608032
916,1682649608032
917,1682649608032
918,1682649608032
919,1682649608033
920,1682649608033
921,1682649608033
922,1682649608033
923,1682649608033
924,1682649608033
925,1682649608033
926,1682649608033
927,1682649608034
928,1682649608034
929,1682649608034
930,1682649608034
931,1682649608034
932,1682649608034
933,1682649608035
934,1682649608035
935,1682649608035
936,1682649608035
937,1682649608035
938,1682649608036
939,1682649608036
940,1682649608036
941,1682649608036
942,1682649608037
943,1682649608037
944,1682649608037
945,1682649608038
946,1682649608038
947,1682649608038
948,1682649608039
949,1682649608039
950,1682649608039
951,1682649608039
952,1682649608040
953,1682649608040
954,1682649608040
955,1682649608040
956,1682649608040
957,1682649608041
958,1682649608041
959,1682649608041
960,1682649608041
961,1682649608041
962,1682649608042
963,1682649608042
964,1682649608042
965,1682649608042
966,1682649608042
967,1682649608043
968,1682649608043
969,1682649608043
970,1682649608043
971,1682649608043
972,1682649608044
973,1682649608044
974,1682649608044
975,1682649608044
976,1682649608044
977,1682649608045
978,1682649608045
979,1682649608045
980,1682649608045
981,1682649608046
982,1682649608046
983,1682649608046
984,1682649608046
985,1682649608046
986,1682649608047
987,1682649608047
988,1682649608047
989,1682649608047
990,1682649608047
991,1682649608048
992,1682649608048
993,1682649608048
994,1682649608048
995,1682649608048
996,1682649608049
997,1682649608049
998,1682649608049
999,1682649608049
1000,1682649608050
1001,1682649608050
1002,1682649608050
1003,1682649608050
1004,1682649608050
1005,1682649608051
1006,1682649608051
1007,1682649608051
1008,1682649608051
1009,1682649608051
1010,1682649608051
1011,1682649608052
1012,1682649608052
1013,1682649608052
1014,1682649608052
1015,1682649608052
1016,1682649608052
1017,1682649608052
1018,1682649608053
1019,1682649608053
1020,1682649608053
1021,1682649608053
1022,1682649608053
1023,1682649608053
1024,1682649608054
1025,1682649608054
1026,1682649608054
1027,1682649608054
1028,1682649608054
1029,1682649608055
1030,1682649608055
1031,1682649608055
1032,1682649608055
1033,1682649608055
1034,1682649608056
1035,1682649608056
1036,1682649608056
1037,1682649608056
1038,1682649608056
1039,1682649608057
1040,1682649608057
1041,1682649608057
1042,1682649608057
1043,1682649608057
1044,1682649608057
1045,1682649608058
1046,1682649608058
1047,1682649608058
1048,1682649608058
1049,1682649608058
1050,1682649608059
1051,1682649608059
1052,1682649608059
1053,1682649608059
1054,1682649608059
1055,1682649608059
1056,1682649608059
1057,1682649608059
1058,1682649608060
1059,1682649608060
1060,1682649608060
1061,1682649608060
1062,1682649608163
1063,1682649608163
1064,1682649608163
1065,1682649608164
1066,1682649608164
1067,1682649608441
1068,1682649608442
1069,1682649608442
1070,1682649608442
1071,1682649608442
1072,1682649608443
1073,1682649608443
1074,1682649608443
1075,1682649608443
1076,1682649608443
1077,1682649608444
1078,1682649608444
1079,1682649608444
1080,1682649608444
1081,1682649608445
1082,1682649608445
1083,1682649608445
1084,1682649608445
1085,1682649608445
1086,1682649608445
1087,1682649608446
1088,1682649608446
1089,1682649608446
1090,1682649608446
1091,1682649608446
1092,1682649608446
1093,1682649608447
1094,1682649608447
1095,1682649608447
1096,1682649608447
1097,1682649608448
1098,1682649608448
1099,1682649608448
1100,1682649608449
1101,1682649608449
1102,1682649608449
1103,1682649608450
1104,1682649608450
1105,1682649608450
1106,1682649608450
1107,1682649608451
1108,1682649608451
1109,1682649608451
1110,1682649608451
1111,1682649608451
1112,1682649608452
1113,1682649608452
1114,1682649608452
1115,1682649608452
1116,1682649608452
1117,1682649608453
1118,1682649608453
1119,1682649608454
1120,1682649608454
1121,1682649608454
1122,1682649608454
1123,1682649608455
1124,1682649608455
1125,1682649608455
1126,1682649608456
1127,1682649608456
1128,1682649608456
1129,1682649608456
1130,1682649608456
1131,1682649608457
1132,1682649608457
1133,1682649608457
1134,1682649608457
1135,1682649608457
1136,1682649608457
1137,1682649608458
1138,1682649608458
1139,1682649608458
1140,1682649608458
1141,1682649608458
1142,1682649608458
1143,1682649608458
1144,1682649608459
1145,1682649608459
1146,1682649608459
1147,1682649608459
1148,1682649608460
1149,1682649608460
1150,1682649608460
1151,1682649608460
1152,1682649608460
1153,1682649608461
1154,1682649608461
1155,1682649608461
1156,1682649608461
1157,1682649608461
1158,1682649608462
1159,1682649608462
1160,1682649608462
1161,1682649608462
1162,1682649608462
1163,1682649608463
1164,1682649608463
1165,1682649608463
1166,1682649608463
1167,1682649608463
1168,1682649608463
1169,1682649608464
1170,1682649608464
1171,1682649608464
1172,1682649608464
1173,1682649608465
1174,1682649608465
1175,1682649608465
1176,1682649608465
1177,1682649608466
1178,1682649608466
1179,1682649608466
1180,1682649608466
1181,1682649608466
1182,1682649608467
1183,1682649608632
1184,1682649608632
1185,1682649608632
1186,1682649608633
1187,1682649608633
1188,1682649608633
1189,1682649608633
1190,1682649608634
1191,1682649608634
1192,1682649608634
1193,1682649608634
1194,1682649608635
1195,1682649608635
1196,1682649608635
1197,1682649608635
1198,1682649608635
1199,1682649608636
1200,1682649608636
1201,1682649608637
1202,1682649608637
1203,1682649608637
1204,1682649608638
1205,1682649608638
1206,1682649608639
1207,1682649608639
1208,1682649608640
1209,1682649608640
1210,1682649608641
1211,1682649608641
1212,1682649608642
1213,1682649608642
1214,1682649608642
1215,1682649608642
1216,1682649608642
1217,1682649608643
1218,1682649608643
1219,1682649608643
1220,1682649608643
1221,1682649608643
1222,1682649608644
1223,1682649608644
1224,1682649608644
1225,1682649608644
1226,1682649608645
1227,1682649608645
1228,1682649608645
1229,1682649608645
1230,1682649608645
1231,1682649608646
1232,1682649608646
1233,1682649608646
1234,1682649608646
1235,1682649608646
1236,1682649608647
1237,1682649608647
1238,1682649608647
1239,1682649608647
1240,1682649608648
1241,1682649608648
1242,1682649608648
1243,1682649608648
1244,1682649608649
1245,1682649608649
1246,1682649608649
1247,1682649608649
1248,1682649608649
1249,1682649608650
1250,1682649608650
1251,1682649608650
1252,1682649608650
1253,1682649608651
1254,1682649608651
1255,1682649608651
1256,1682649608651
1257,1682649608651
1258,1682649608652
1259,1682649608652
1260,1682649608652
1261,1682649608652
1262,1682649608652
1263,1682649608653
1264,1682649608653
1265,1682649608654
1266,1682649608654
1267,1682649608654
1268,1682649608655
1269,1682649608655
1270,1682649608656
1271,1682649608656
1272,1682649608661
1273,1682649608661
1274,1682649608661
1275,1682649608662
1276,1682649608667
1277,1682649608668
1278,1682649608668
1279,1682649608671
1280,1682649608672
1281,1682649608672
1282,1682649608674
1283,1682649608676
1284,1682649608676
1285,1682649608677
1286,1682649608677
1287,1682649608677
1288,1682649608678
1289,1682649608681
1290,1682649608682
1291,1682649608682
1292,1682649608682
1293,1682649608683
1294,1682649608690
1295,1682649608692
1296,1682649608692
1297,1682649608692
1298,1682649608693
1299,1682649608693
1300,1682649608693
1301,1682649608693
1302,1682649608694
1303,1682649608694
1304,1682649608698
1305,1682649608699
1306,1682649608705
1307,1682649608706
1308,1682649608706
1309,1682649608706
1310,1682649608706
1311,1682649608706
1312,1682649608706
1313,1682649608707
1314,1682649608707
1315,1682649608707
1316,1682649608707
1317,1682649608707
1318,1682649608723
1319,1682649608724
1320,1682649608724
1321,1682649608724
1322,1682649608724
1323,1682649608725
1324,1682649608725
1325,1682649608730
1326,1682649608731
1327,1682649608732
1328,1682649608732
1329,1682649608732
1330,1682649608733
1331,1682649608733
1332,1682649608733
1333,1682649608733
1334,1682649608734
1335,1682649608734
1336,1682649608734
1337,1682649608734
1338,1682649608734
1339,1682649608735
1340,1682649608735
1341,1682649608735
1342,1682649608735
1343,1682649608745
1344,1682649608745
1345,1682649608746
1346,1682649608746
1347,1682649608749
1348,1682649608749
1349,1682649608749
1350,1682649608749
1351,1682649608750
1352,1682649608750
1353,1682649608750
1354,1682649608750
1355,1682649608765
1356,1682649608773
1357,1682649608774
1358,1682649608774
1359,1682649608774
1360,1682649608774
1361,1682649608774
1362,1682649608775
1363,1682649608775
1364,1682649608775
1365,1682649608775
1366,1682649608775
1367,1682649608775
1368,1682649608775
1369,1682649608775
1370,1682649608776
1371,1682649608776
1372,1682649608776
1373,1682649608776
1374,1682649608795
1375,1682649608795
1376,1682649608795
1377,1682649608795
1378,1682649608795
1379,1682649608796
1380,1682649608796
1381,1682649608796
1382,1682649608796
1383,1682649608797
1384,1682649608797
1385,1682649608797
1386,1682649608797
1387,1682649608797
1388,1682649608798
1389,1682649608798
1390,1682649608798
1391,1682649608798
1392,1682649608798
1393,1682649608798
1394,1682649608798
1395,1682649608815
1396,1682649608815
1397,1682649608815
1398,1682649608815
1399,1682649608816
1400,1682649608816
1401,1682649608816
1402,1682649608844
1403,1682649608845
1404,1682649608845
1405,1682649608845
1406,1682649608846
1407,1682649608848
1408,1682649608849
1409,1682649608849
1410,1682649608849
1411,1682649608849
1412,1682649608850
1413,1682649608850
1414,1682649608850
1415,1682649608850
1416,1682649608850
1417,1682649608850
1418,1682649608851
1419,1682649608866
1420,1682649608866
1421,1682649608867
1422,1682649608867
1423,1682649608867
1424,1682649608867
1425,1682649608868
1426,1682649608868
1427,1682649608868
1428,1682649608868
1429,1682649608868
1430,1682649608869
1431,1682649608869
1432,1682649608869
1433,1682649608869
1434,1682649608869
1435,1682649608870
1436,1682649608870
1437,1682649608870
1438,1682649608870
1439,1682649608871
1440,1682649608871
1441,1682649608871
1442,1682649608871
1443,1682649608871
1444,1682649608872
1445,1682649608872
1446,1682649608872
1447,1682649608872
1448,1682649608872
1449,1682649608872
1450,1682649608873
1451,1682649608873
1452,1682649608873
1453,1682649608873
1454,1682649608873
1455,1682649608873
1456,1682649608874
1457,1682649608874
1458,1682649608874
1459,1682649608874
1460,1682649608874
1461,1682649608874
1462,1682649608874
1463,1682649608874
1464,1682649608874
1465,1682649608875
1466,1682649608875
1467,1682649608875
1468,1682649608875
1469,1682649608875
1470,1682649608875
1471,1682649608875
1472,1682649608875
1473,1682649608875
1474,1682649608875
1475,1682649608876
1476,1682649608876
1477,1682649608876
1478,1682649608876
1479,1682649608876
1480,1682649608876
1481,1682649608876
1482,1682649608876
1483,1682649608876
1484,1682649608876
1485,1682649608877
1486,1682649608877
1487,1682649608877
1488,1682649608877
1489,1682649608877
1490,1682649608877
1491,1682649608877
1492,1682649608877
1493,1682649608878
1494,1682649608878
1495,1682649608888
1496,1682649608888
1497,1682649608888
1498,1682649608889
1499,1682649608889
1500,1682649608889
1501,1682649608889
1502,1682649608889
1503,1682649608889
1504,1682649608889
1505,1682649608889
1506,1682649608890
1507,1682649608890
1508,1682649608890
1509,1682649608890
1510,1682649608890
1511,1682649608891
1512,1682649608891
1513,1682649608891
1514,1682649608891
1515,1682649608891
1516,1682649608892
1517,1682649608892
1518,1682649608892
1519,1682649608893
1520,1682649608893
1521,1682649608893
1522,1682649608893
1523,1682649608893
1524,1682649608893
1525,1682649608894
1526,1682649608894
1527,1682649608894
1528,1682649608894
1529,1682649608895
1530,1682649608895
1531,1682649608895
1532,1682649608895
1533,1682649608895
1534,1682649608895
1535,1682649608896
1536,1682649608896
