1,1682648186069
2,1682648186072
3,1682648186074
4,1682648186075
5,1682648186076
6,1682648186077
7,1682648186078
8,1682648186079
9,1682648186080
10,1682648186081
11,1682648186116
12,1682648186119
13,1682648186122
14,1682648186123
15,1682648186324
16,1682648186703
17,1682648186703
18,1682648186704
19,1682648186704
20,1682648186706
21,1682648186707
22,1682648186708
23,1682648186709
24,1682648186709
25,1682648186710
26,1682648186712
27,1682648186712
28,1682648186713
29,1682648186713
30,1682648186714
31,1682648186714
32,1682648186716
33,1682648186716
34,1682648186717
35,1682648186717
36,1682648186718
37,1682648186718
38,1682648186719
39,1682648186720
40,1682648186721
41,1682648186722
42,1682648186723
43,1682648186725
44,1682648186725
45,1682648186726
46,1682648186727
47,1682648186727
48,1682648186728
49,1682648186729
50,1682648186730
51,1682648186730
52,1682648186731
53,1682648186732
54,1682648186732
55,1682648186733
56,1682648186733
57,1682648187188
58,1682648187190
59,1682648187191
60,1682648187191
61,1682648187192
62,1682648187193
63,1682648187193
64,1682648187196
65,1682648187198
66,1682648187199
67,1682648187200
68,1682648187201
69,1682648187201
70,1682648187202
71,1682648187202
72,1682648187202
73,1682648187203
74,1682648187204
75,1682648187206
76,1682648187207
77,1682648187208
78,1682648187209
79,1682648187210
80,1682648187210
81,1682648187211
82,1682648187218
83,1682648187219
84,1682648187223
85,1682648187224
86,1682648187225
87,1682648187226
88,1682648187228
89,1682648187229
90,1682648187229
91,1682648187230
92,1682648187231
93,1682648187231
94,1682648187232
95,1682648187232
96,1682648187233
97,1682648187233
98,1682648187234
99,1682648187235
100,1682648187236
101,1682648187240
102,1682648187241
103,1682648187241
104,1682648187242
105,1682648187242
106,1682648187243
107,1682648187244
108,1682648187246
109,1682648187246
110,1682648187247
111,1682648187248
112,1682648187248
113,1682648187249
114,1682648187256
115,1682648187258
116,1682648187261
117,1682648187263
118,1682648187266
119,1682648187269
120,1682648187276
121,1682648187277
122,1682648187278
123,1682648187278
124,1682648187279
125,1682648187281
126,1682648187283
127,1682648187284
128,1682648187285
129,1682648187285
130,1682648187290
131,1682648187297
132,1682648187307
133,1682648187310
134,1682648187318
135,1682648187327
136,1682648187330
137,1682648187344
138,1682648187358
139,1682648187375
140,1682648187382
141,1682648187396
142,1682648187401
143,1682648187417
144,1682648187433
145,1682648187439
146,1682648187443
147,1682648187449
148,1682648187450
149,1682648187450
150,1682648187452
151,1682648187458
152,1682648187459
153,1682648187461
154,1682648187462
155,1682648187462
156,1682648187463
157,1682648187464
158,1682648187464
159,1682648187465
160,1682648187466
161,1682648187466
162,1682648187467
163,1682648187469
164,1682648187473
165,1682648187474
166,1682648187708
167,1682648187708
168,1682648187709
169,1682648187709
170,1682648187709
171,1682648187710
172,1682648187710
173,1682648187711
174,1682648187711
175,1682648187712
176,1682648187713
177,1682648187714
178,1682648187714
179,1682648187715
180,1682648187715
181,1682648187715
182,1682648187716
183,1682648187716
184,1682648187716
185,1682648187716
186,1682648187717
187,1682648187717
188,1682648187717
189,1682648187718
190,1682648187718
191,1682648187718
192,1682648187719
193,1682648187719
194,1682648187720
195,1682648187721
196,1682648187722
197,1682648187723
198,1682648187724
199,1682648187724
200,1682648187726
201,1682648187727
202,1682648187727
203,1682648187728
204,1682648187728
205,1682648187729
206,1682648187729
207,1682648187729
208,1682648187729
209,1682648187730
210,1682648187730
211,1682648187730
212,1682648187731
213,1682648187731
214,1682648187731
215,1682648187731
216,1682648187732
217,1682648187732
218,1682648187733
219,1682648187733
220,1682648187734
221,1682648187734
222,1682648187734
223,1682648187735
224,1682648187735
225,1682648187736
226,1682648187737
227,1682648187737
228,1682648187739
229,1682648187740
230,1682648187740
231,1682648187741
232,1682648187741
233,1682648187742
234,1682648187743
235,1682648187743
236,1682648187744
237,1682648187744
238,1682648187745
239,1682648187745
240,1682648187747
241,1682648187747
242,1682648187748
243,1682648187748
244,1682648187749
245,1682648187749
246,1682648187750
247,1682648187750
248,1682648187750
249,1682648187751
250,1682648187751
251,1682648187752
252,1682648187752
253,1682648187752
254,1682648187753
255,1682648187754
256,1682648187754
257,1682648187756
258,1682648187756
259,1682648187757
260,1682648187757
261,1682648187758
262,1682648187758
263,1682648187759
264,1682648187759
265,1682648187759
266,1682648187759
267,1682648187760
268,1682648187760
269,1682648187760
270,1682648187760
271,1682648187761
272,1682648187761
273,1682648187761
274,1682648187762
275,1682648187762
276,1682648187762
277,1682648187763
278,1682648187763
279,1682648187763
280,1682648187763
281,1682648187764
282,1682648187764
283,1682648187764
284,1682648187764
285,1682648187765
286,1682648187765
287,1682648187765
288,1682648187765
289,1682648187766
290,1682648187766
291,1682648187766
292,1682648187766
293,1682648187766
294,1682648187767
295,1682648187767
296,1682648187767
297,1682648187767
298,1682648187768
299,1682648187768
300,1682648187768
301,1682648187768
302,1682648187769
303,1682648187769
304,1682648187769
305,1682648187769
306,1682648187769
307,1682648187770
308,1682648187770
309,1682648187770
310,1682648187770
311,1682648187771
312,1682648187771
313,1682648187771
314,1682648187772
315,1682648187772
316,1682648187772
317,1682648187773
318,1682648187773
319,1682648187773
320,1682648187774
321,1682648187774
322,1682648187774
323,1682648187774
324,1682648187774
325,1682648187775
326,1682648187775
327,1682648187775
328,1682648187775
329,1682648187776
330,1682648187776
331,1682648187776
332,1682648187776
333,1682648187776
334,1682648187777
335,1682648187777
336,1682648187777
337,1682648187777
338,1682648187778
339,1682648187778
340,1682648187778
341,1682648187778
342,1682648187778
343,1682648187779
344,1682648187779
345,1682648187779
346,1682648187779
347,1682648187779
348,1682648187779
349,1682648187780
350,1682648187780
351,1682648187780
352,1682648187780
353,1682648187780
354,1682648187780
355,1682648187780
356,1682648187781
357,1682648187781
358,1682648187781
359,1682648187781
360,1682648187781
361,1682648187781
362,1682648187782
363,1682648187782
364,1682648187782
365,1682648187782
366,1682648187783
367,1682648187783
368,1682648187783
369,1682648187783
370,1682648187783
371,1682648187784
372,1682648187784
373,1682648187784
374,1682648187784
375,1682648187784
376,1682648187784
377,1682648187785
378,1682648187785
379,1682648187785
380,1682648187785
381,1682648187786
382,1682648187786
383,1682648187786
384,1682648187787
385,1682648187787
386,1682648187787
387,1682648187787
388,1682648187787
389,1682648187788
390,1682648187788
391,1682648187789
392,1682648187789
393,1682648187790
394,1682648187790
395,1682648187790
396,1682648187790
397,1682648187791
398,1682648187791
399,1682648187791
400,1682648187792
401,1682648187792
402,1682648187792
403,1682648187792
404,1682648187793
405,1682648187793
406,1682648187793
407,1682648187793
408,1682648187793
409,1682648187793
410,1682648187794
411,1682648187794
412,1682648187794
413,1682648187794
414,1682648187794
415,1682648187794
416,1682648187795
417,1682648187795
418,1682648187795
419,1682648187795
420,1682648187795
421,1682648187795
422,1682648187795
423,1682648187796
424,1682648187796
425,1682648187796
426,1682648187796
427,1682648187796
428,1682648187797
429,1682648187797
430,1682648187797
431,1682648187797
432,1682648187797
433,1682648187797
434,1682648187798
435,1682648187798
436,1682648187798
437,1682648187798
438,1682648187799
439,1682648187799
440,1682648187799
441,1682648187799
442,1682648187800
443,1682648187800
444,1682648187800
445,1682648187800
446,1682648187800
447,1682648187801
448,1682648187801
449,1682648187801
450,1682648187801
451,1682648187801
452,1682648187801
453,1682648187801
454,1682648187802
455,1682648187802
456,1682648187802
457,1682648187802
458,1682648187802
459,1682648187802
460,1682648187803
461,1682648187803
462,1682648187803
463,1682648187803
464,1682648187803
465,1682648187804
466,1682648187804
467,1682648187804
468,1682648187804
469,1682648187804
470,1682648187805
471,1682648187805
472,1682648187805
473,1682648187805
474,1682648187805
475,1682648187806
476,1682648187806
477,1682648187806
478,1682648187806
479,1682648187806
480,1682648187806
481,1682648187807
482,1682648187807
483,1682648187807
484,1682648187807
485,1682648187807
486,1682648187807
487,1682648187808
488,1682648187808
489,1682648187808
490,1682648187808
491,1682648187808
492,1682648187808
493,1682648187809
494,1682648187809
495,1682648187809
496,1682648187809
497,1682648187809
498,1682648187809
499,1682648187810
500,1682648187810
501,1682648187810
502,1682648187810
503,1682648187810
504,1682648187810
505,1682648187811
506,1682648187811
507,1682648187811
508,1682648187811
509,1682648187811
510,1682648187811
511,1682648187811
512,1682648187812
513,1682648187812
514,1682648187812
515,1682648187812
516,1682648187813
517,1682648187813
518,1682648187813
519,1682648187813
520,1682648187813
521,1682648187813
522,1682648187814
523,1682648187814
524,1682648187814
525,1682648187814
526,1682648187814
527,1682648187814
528,1682648187814
529,1682648187815
530,1682648187815
531,1682648187815
532,1682648187815
533,1682648187815
534,1682648187816
535,1682648187816
536,1682648187816
537,1682648187816
538,1682648187816
539,1682648187816
540,1682648187817
541,1682648187817
542,1682648187817
543,1682648187817
544,1682648187817
545,1682648187817
546,1682648187818
547,1682648187818
548,1682648187818
549,1682648187818
550,1682648187818
551,1682648187818
552,1682648187819
553,1682648187819
554,1682648187819
555,1682648187819
556,1682648187819
557,1682648187820
558,1682648187820
559,1682648187820
560,1682648187820
561,1682648187820
562,1682648187820
563,1682648187820
564,1682648187821
565,1682648187821
566,1682648187821
567,1682648187821
568,1682648187821
569,1682648187822
570,1682648187822
571,1682648187822
572,1682648187823
573,1682648187823
574,1682648187823
575,1682648187823
576,1682648187823
577,1682648187823
578,1682648187824
579,1682648187824
580,1682648187824
581,1682648187824
582,1682648187825
583,1682648187825
584,1682648187825
585,1682648187825
586,1682648187825
587,1682648187825
588,1682648187826
589,1682648187826
590,1682648187826
591,1682648187826
592,1682648187826
593,1682648187826
594,1682648187827
595,1682648187827
596,1682648187827
597,1682648187827
598,1682648187828
599,1682648187828
600,1682648187828
601,1682648187828
602,1682648187828
603,1682648187829
604,1682648187829
605,1682648187829
606,1682648187829
607,1682648187829
608,1682648187829
609,1682648187830
610,1682648187830
611,1682648187830
612,1682648187830
613,1682648187830
614,1682648187830
615,1682648187830
616,1682648187830
617,1682648187831
618,1682648187831
619,1682648187831
620,1682648187831
621,1682648187831
622,1682648187831
623,1682648187831
624,1682648187831
625,1682648187832
626,1682648187832
627,1682648187832
628,1682648187832
629,1682648187832
630,1682648187832
631,1682648187833
632,1682648187833
633,1682648187833
634,1682648187833
635,1682648187833
636,1682648187834
637,1682648187834
638,1682648187834
639,1682648187834
640,1682648187834
641,1682648187834
642,1682648187835
643,1682648187835
644,1682648187835
645,1682648187835
646,1682648187835
647,1682648187835
648,1682648187835
649,1682648187836
650,1682648187836
651,1682648187836
652,1682648187836
653,1682648187837
654,1682648187837
655,1682648187837
656,1682648187837
657,1682648187838
658,1682648187838
659,1682648187838
660,1682648187838
661,1682648187838
662,1682648187839
663,1682648187839
664,1682648187839
665,1682648187839
666,1682648187840
667,1682648187840
668,1682648187840
669,1682648187840
670,1682648187840
671,1682648187841
672,1682648187841
673,1682648187843
674,1682648187844
675,1682648187845
676,1682648187845
677,1682648187845
678,1682648187845
679,1682648187846
680,1682648187846
681,1682648187846
682,1682648187851
683,1682648187852
684,1682648187852
685,1682648187853
686,1682648187853
687,1682648187853
688,1682648187854
689,1682648187854
690,1682648187855
691,1682648187855
692,1682648187855
693,1682648187877
694,1682648187877
695,1682648187877
696,1682648187878
697,1682648187878
698,1682648187878
699,1682648187879
700,1682648187879
701,1682648187879
702,1682648187879
703,1682648187879
704,1682648187880
705,1682648187880
706,1682648187887
707,1682648187888
708,1682648187888
709,1682648187888
710,1682648187888
711,1682648187888
712,1682648187889
713,1682648187889
714,1682648187889
715,1682648187889
716,1682648187889
717,1682648187889
718,1682648187889
719,1682648187890
720,1682648187890
721,1682648187890
722,1682648187890
723,1682648187890
724,1682648187890
725,1682648187890
726,1682648187890
727,1682648187890
728,1682648187891
729,1682648187891
730,1682648187903
731,1682648187906
732,1682648187906
733,1682648187911
734,1682648187911
735,1682648187911
736,1682648187911
737,1682648187911
738,1682648187912
739,1682648187913
740,1682648187914
741,1682648187915
742,1682648187915
743,1682648187917
744,1682648187918
745,1682648187921
746,1682648187922
747,1682648187922
748,1682648187923
749,1682648187925
750,1682648187926
751,1682648187926
752,1682648187927
753,1682648187931
754,1682648187931
755,1682648187932
756,1682648187934
757,1682648187934
758,1682648187940
759,1682648187940
760,1682648187940
761,1682648187940
762,1682648187940
763,1682648187943
764,1682648187943
765,1682648187946
766,1682648187946
767,1682648187946
768,1682648187947
