1,1682648098729
2,1682648098746
3,1682648098750
4,1682648098756
5,1682648098766
6,1682648098770
7,1682648098780
8,1682648098788
9,1682648098812
10,1682648098818
11,1682648098822
12,1682648098823
13,1682648098835
14,1682648098848
15,1682648098851
16,1682648098855
17,1682648098857
18,1682648098860
19,1682648098862
20,1682648098865
21,1682648098866
22,1682648098868
23,1682648098870
24,1682648098872
25,1682648098874
26,1682648098877
27,1682648098879
28,1682648098880
29,1682648098881
30,1682648098882
31,1682648098903
32,1682648098916
33,1682648098921
34,1682648098922
35,1682648098923
36,1682648098936
37,1682648098942
38,1682648098944
39,1682648098947
40,1682648098949
41,1682648098951
42,1682648098951
43,1682648098952
44,1682648098953
45,1682648098954
46,1682648098955
47,1682648098956
48,1682648098957
49,1682648098961
50,1682648098965
51,1682648098999
52,1682648099007
53,1682648099012
54,1682648099022
55,1682648099023
56,1682648099035
57,1682648099050
58,1682648099062
59,1682648099069
60,1682648099550
61,1682648099551
62,1682648099551
63,1682648099552
64,1682648099552
65,1682648099553
66,1682648099553
67,1682648099554
68,1682648099554
69,1682648099555
70,1682648099555
71,1682648099556
72,1682648099556
73,1682648099557
74,1682648099557
75,1682648099558
76,1682648099559
77,1682648099559
78,1682648099560
79,1682648099561
80,1682648099564
81,1682648099565
82,1682648099566
83,1682648099568
84,1682648099568
85,1682648099569
86,1682648099570
87,1682648099570
88,1682648099571
89,1682648099571
90,1682648099572
91,1682648099572
92,1682648099573
93,1682648099573
94,1682648099575
95,1682648099576
96,1682648099577
97,1682648099580
98,1682648099581
99,1682648099582
100,1682648099582
101,1682648099583
102,1682648099583
103,1682648099584
104,1682648099585
105,1682648099585
106,1682648099586
107,1682648099587
108,1682648099587
109,1682648099587
110,1682648099588
111,1682648099588
112,1682648099589
113,1682648099590
114,1682648099590
115,1682648099592
116,1682648099593
117,1682648099593
118,1682648099594
119,1682648099594
120,1682648099595
121,1682648099596
122,1682648099597
123,1682648099598
124,1682648099599
125,1682648099600
126,1682648099600
127,1682648099601
128,1682648099601
129,1682648099602
130,1682648099603
131,1682648099603
132,1682648099603
133,1682648099604
134,1682648099604
135,1682648099605
136,1682648099605
137,1682648099606
138,1682648099606
139,1682648099607
140,1682648099607
141,1682648099608
142,1682648099608
143,1682648099609
144,1682648099609
145,1682648099610
146,1682648099610
147,1682648099611
148,1682648099612
149,1682648099613
150,1682648099613
151,1682648099614
152,1682648099614
153,1682648099615
154,1682648099615
155,1682648099616
156,1682648099617
157,1682648099618
158,1682648099619
159,1682648099621
160,1682648099621
161,1682648099622
162,1682648099622
163,1682648099623
164,1682648099623
165,1682648099627
166,1682648099628
167,1682648099629
168,1682648099629
169,1682648099629
170,1682648099630
171,1682648099630
172,1682648099631
173,1682648099632
174,1682648099632
175,1682648099633
176,1682648099633
177,1682648099634
178,1682648099634
179,1682648099635
180,1682648099635
181,1682648099636
182,1682648099636
183,1682648099637
184,1682648099637
185,1682648099638
186,1682648099638
187,1682648099639
188,1682648099639
189,1682648099640
190,1682648099640
191,1682648099641
192,1682648099641
193,1682648099642
194,1682648099642
195,1682648099643
196,1682648099644
197,1682648099644
198,1682648099645
199,1682648099646
200,1682648099646
201,1682648099647
202,1682648099647
203,1682648099648
204,1682648099648
205,1682648099648
206,1682648099649
207,1682648099649
208,1682648099649
209,1682648099650
210,1682648099650
211,1682648099650
212,1682648099651
213,1682648099651
214,1682648099652
215,1682648099653
216,1682648099653
217,1682648099653
218,1682648099654
219,1682648099654
220,1682648099655
221,1682648099655
222,1682648099655
223,1682648099656
224,1682648099656
225,1682648099656
226,1682648099657
227,1682648099658
228,1682648099658
229,1682648099659
230,1682648099663
231,1682648099664
232,1682648099665
233,1682648099666
234,1682648099667
235,1682648099668
236,1682648099669
237,1682648099669
238,1682648099685
239,1682648099687
240,1682648099689
241,1682648099689
242,1682648099690
243,1682648099691
244,1682648099701
245,1682648099702
246,1682648099703
247,1682648099703
248,1682648099704
249,1682648099705
250,1682648099706
251,1682648099706
252,1682648099707
253,1682648099707
254,1682648099719
255,1682648099720
256,1682648099720
257,1682648099721
258,1682648099721
259,1682648099722
260,1682648099722
261,1682648099722
262,1682648099723
263,1682648099723
264,1682648099724
265,1682648099745
266,1682648099748
267,1682648099749
268,1682648099749
269,1682648099750
270,1682648099751
271,1682648099752
272,1682648099753
273,1682648099754
274,1682648099755
275,1682648099756
276,1682648099757
277,1682648099758
278,1682648099759
279,1682648099759
280,1682648099760
281,1682648099760
282,1682648099764
283,1682648099767
284,1682648099768
285,1682648099769
286,1682648099769
287,1682648099770
288,1682648099771
289,1682648099771
290,1682648099772
291,1682648099772
292,1682648099773
293,1682648099773
294,1682648099774
295,1682648099774
296,1682648099782
297,1682648099789
298,1682648099790
299,1682648099790
300,1682648099795
301,1682648099795
302,1682648099796
303,1682648099797
304,1682648099797
305,1682648099797
306,1682648099798
307,1682648099798
308,1682648099798
309,1682648099801
310,1682648099801
311,1682648099802
312,1682648099803
313,1682648099804
314,1682648099805
315,1682648099805
316,1682648099806
317,1682648099807
318,1682648099807
319,1682648099808
320,1682648099808
321,1682648099809
322,1682648099810
323,1682648099811
324,1682648099811
325,1682648099820
326,1682648099820
327,1682648099821
328,1682648099822
329,1682648099822
330,1682648099823
331,1682648099828
332,1682648099829
333,1682648099830
334,1682648099830
335,1682648099831
336,1682648099832
337,1682648099833
338,1682648099838
339,1682648099839
340,1682648099840
341,1682648099845
342,1682648099848
343,1682648099849
344,1682648099851
345,1682648099853
346,1682648099862
347,1682648099866
348,1682648099867
349,1682648099868
350,1682648099869
351,1682648099869
352,1682648099870
353,1682648099871
354,1682648099871
355,1682648099872
356,1682648099873
357,1682648099878
358,1682648099880
359,1682648099881
360,1682648099883
361,1682648099884
362,1682648099885
363,1682648099885
364,1682648099886
365,1682648099887
366,1682648099888
367,1682648099888
368,1682648099889
369,1682648099889
370,1682648099890
371,1682648099890
372,1682648099891
373,1682648099892
374,1682648099896
375,1682648099898
376,1682648099900
377,1682648099901
378,1682648099901
379,1682648099902
380,1682648099902
381,1682648099903
382,1682648099903
383,1682648099904
384,1682648099904
385,1682648099905
386,1682648099905
387,1682648099906
388,1682648099906
389,1682648099910
390,1682648099912
391,1682648099913
392,1682648099913
393,1682648099914
394,1682648099915
395,1682648099915
396,1682648099916
397,1682648099916
398,1682648099917
399,1682648099918
400,1682648099918
401,1682648099919
402,1682648099921
403,1682648099922
404,1682648099922
405,1682648099923
406,1682648099923
407,1682648099928
408,1682648099930
409,1682648099931
410,1682648099932
411,1682648099932
412,1682648099933
413,1682648099933
414,1682648099934
415,1682648099935
416,1682648099935
417,1682648099936
418,1682648099936
419,1682648099936
420,1682648099937
421,1682648099937
422,1682648099938
423,1682648099938
424,1682648099939
425,1682648099939
426,1682648099940
427,1682648099940
428,1682648099945
429,1682648099946
430,1682648099947
431,1682648099947
432,1682648099948
433,1682648099948
434,1682648099949
435,1682648099949
436,1682648099950
437,1682648099950
438,1682648099951
439,1682648099952
440,1682648099952
441,1682648099953
442,1682648099953
443,1682648099954
444,1682648099955
445,1682648099955
446,1682648099956
447,1682648099957
448,1682648099962
449,1682648099965
450,1682648099966
451,1682648099967
452,1682648099968
453,1682648099969
454,1682648099969
455,1682648099970
456,1682648099971
457,1682648099972
458,1682648099972
459,1682648099973
460,1682648099973
461,1682648099978
462,1682648099980
463,1682648099981
464,1682648099981
465,1682648099982
466,1682648099982
467,1682648099983
468,1682648099983
469,1682648099983
470,1682648099984
471,1682648099984
472,1682648099985
473,1682648099985
474,1682648099986
475,1682648099986
476,1682648099986
477,1682648099987
478,1682648099987
479,1682648099988
480,1682648099988
481,1682648099988
482,1682648099989
483,1682648099989
484,1682648099990
485,1682648099990
486,1682648099990
487,1682648099991
488,1682648099992
489,1682648099992
490,1682648099993
491,1682648099994
492,1682648099994
493,1682648099995
494,1682648099995
495,1682648099996
496,1682648099996
497,1682648099997
498,1682648099998
499,1682648099998
500,1682648099999
501,1682648100000
502,1682648100000
503,1682648100000
504,1682648100001
505,1682648100001
506,1682648100002
507,1682648100002
508,1682648100003
509,1682648100003
510,1682648100003
511,1682648100004
512,1682648100004
