1,1682649660827
2,1682649660831
3,1682649660834
4,1682649660837
5,1682649660845
6,1682649660848
7,1682649660851
8,1682649660854
9,1682649660862
10,1682649660865
11,1682649660869
12,1682649660874
13,1682649660880
14,1682649660884
15,1682649660888
16,1682649660896
17,1682649660902
18,1682649660911
19,1682649660914
20,1682649660918
21,1682649660921
22,1682649660929
23,1682649660932
24,1682649660937
25,1682649660940
26,1682649660944
27,1682649660947
28,1682649660950
29,1682649660953
30,1682649660956
31,1682649660961
32,1682649660964
33,1682649660968
34,1682649660971
35,1682649660974
36,1682649660977
37,1682649660981
38,1682649660984
39,1682649660988
40,1682649660992
41,1682649660995
42,1682649661000
43,1682649661003
44,1682649661011
45,1682649661014
46,1682649661018
47,1682649661019
48,1682649661021
49,1682649661034
50,1682649661035
51,1682649661036
52,1682649661037
53,1682649661038
54,1682649661038
55,1682649661039
56,1682649661039
57,1682649661044
58,1682649661044
59,1682649661045
60,1682649661046
61,1682649661046
62,1682649661047
63,1682649661047
64,1682649661048
65,1682649661049
66,1682649661049
67,1682649661050
68,1682649661051
69,1682649661051
70,1682649661052
71,1682649661052
72,1682649661053
73,1682649661054
74,1682649661054
75,1682649661055
76,1682649661056
77,1682649661057
78,1682649661058
79,1682649661059
80,1682649661060
81,1682649661061
82,1682649661062
83,1682649661062
84,1682649661063
85,1682649661064
86,1682649661064
87,1682649661065
88,1682649661066
89,1682649661066
90,1682649661067
91,1682649661068
92,1682649661069
93,1682649661069
94,1682649661070
95,1682649661070
96,1682649661071
97,1682649661071
98,1682649661072
99,1682649661073
100,1682649661073
101,1682649661074
102,1682649661074
103,1682649661075
104,1682649661075
105,1682649661076
106,1682649661076
107,1682649661077
108,1682649661077
109,1682649661078
110,1682649661078
111,1682649661079
112,1682649661079
113,1682649661080
114,1682649661080
115,1682649661081
116,1682649661081
117,1682649661082
118,1682649661082
119,1682649661083
120,1682649661084
121,1682649661084
122,1682649661085
123,1682649661085
124,1682649661086
125,1682649661086
126,1682649661087
127,1682649661088
128,1682649661088
129,1682649661089
130,1682649661089
131,1682649661090
132,1682649661091
133,1682649661092
134,1682649661093
135,1682649661093
136,1682649661094
137,1682649661094
138,1682649661095
139,1682649661096
140,1682649661096
141,1682649661097
142,1682649661097
143,1682649661097
144,1682649661098
145,1682649661098
146,1682649661099
147,1682649661099
148,1682649661100
149,1682649661100
150,1682649661101
151,1682649661102
152,1682649661102
153,1682649661103
154,1682649661103
155,1682649661103
156,1682649661104
157,1682649661104
158,1682649661105
159,1682649661105
160,1682649661105
161,1682649661106
162,1682649661106
163,1682649661106
164,1682649661107
165,1682649661107
166,1682649661107
167,1682649661108
168,1682649661108
169,1682649661108
170,1682649661108
171,1682649661109
172,1682649661109
173,1682649661109
174,1682649661110
175,1682649661110
176,1682649661111
177,1682649661111
178,1682649661111
179,1682649661112
180,1682649661112
181,1682649661113
182,1682649661113
183,1682649661114
184,1682649661114
185,1682649661114
186,1682649661115
187,1682649661115
188,1682649661115
189,1682649661116
190,1682649661116
191,1682649661116
192,1682649661117
193,1682649661117
194,1682649661117
195,1682649661118
196,1682649661119
197,1682649661119
198,1682649661120
199,1682649661120
200,1682649661121
201,1682649661122
202,1682649661122
203,1682649661122
204,1682649661124
205,1682649661125
206,1682649661125
207,1682649661126
208,1682649661126
209,1682649661127
210,1682649661127
211,1682649661127
212,1682649661128
213,1682649661128
214,1682649661129
215,1682649661129
216,1682649661129
217,1682649661129
218,1682649661130
219,1682649661130
220,1682649661131
221,1682649661131
222,1682649661131
223,1682649661132
224,1682649661132
225,1682649661132
226,1682649661133
227,1682649661133
228,1682649661134
229,1682649661134
230,1682649661134
231,1682649661135
232,1682649661135
233,1682649661136
234,1682649661136
235,1682649661136
236,1682649661137
237,1682649661137
238,1682649661137
239,1682649661138
240,1682649661138
241,1682649661139
242,1682649661139
243,1682649661139
244,1682649661143
245,1682649661144
246,1682649661144
247,1682649661145
248,1682649661145
249,1682649661145
250,1682649661146
251,1682649661147
252,1682649661147
253,1682649661150
254,1682649661150
255,1682649661151
256,1682649661152
257,1682649661152
258,1682649661152
259,1682649661153
260,1682649661153
261,1682649661153
262,1682649661154
263,1682649661154
264,1682649661154
265,1682649661155
266,1682649661155
267,1682649661155
268,1682649661156
269,1682649661156
270,1682649661157
271,1682649661158
272,1682649661159
273,1682649661159
274,1682649661159
275,1682649661160
276,1682649661160
277,1682649661160
278,1682649661161
279,1682649661161
280,1682649661162
281,1682649661162
282,1682649661162
283,1682649661163
284,1682649661163
285,1682649661164
286,1682649661164
287,1682649661164
288,1682649661165
289,1682649661165
290,1682649661165
291,1682649661166
292,1682649661166
293,1682649661166
294,1682649661167
295,1682649661167
296,1682649661168
297,1682649661168
298,1682649661168
299,1682649661169
300,1682649661169
301,1682649661169
302,1682649661170
303,1682649661170
304,1682649661170
305,1682649661171
306,1682649661171
307,1682649661171
308,1682649661171
309,1682649661172
310,1682649661172
311,1682649661172
312,1682649661173
313,1682649661173
314,1682649661173
315,1682649661174
316,1682649661174
317,1682649661174
318,1682649661174
319,1682649661175
320,1682649661175
321,1682649661175
322,1682649661176
323,1682649661176
324,1682649661176
325,1682649661176
326,1682649661177
327,1682649661177
328,1682649661177
329,1682649661178
330,1682649661178
331,1682649661178
332,1682649661178
333,1682649661179
334,1682649661179
335,1682649661179
336,1682649661180
337,1682649661180
338,1682649661180
339,1682649661181
340,1682649661181
341,1682649661181
342,1682649661182
343,1682649661182
344,1682649661183
345,1682649661183
346,1682649661183
347,1682649661184
348,1682649661184
349,1682649661184
350,1682649661185
351,1682649661185
352,1682649661185
353,1682649661186
354,1682649661186
355,1682649661186
356,1682649661186
357,1682649661187
358,1682649661187
359,1682649661187
360,1682649661187
361,1682649661188
362,1682649661188
363,1682649661188
364,1682649661188
365,1682649661189
366,1682649661189
367,1682649661189
368,1682649661189
369,1682649661190
370,1682649661190
371,1682649661190
372,1682649661191
373,1682649661191
374,1682649661191
375,1682649661191
376,1682649661192
377,1682649661192
378,1682649661192
379,1682649661193
380,1682649661193
381,1682649661194
382,1682649661194
383,1682649661195
384,1682649661195
385,1682649661196
386,1682649661197
387,1682649661197
388,1682649661198
389,1682649661199
390,1682649661199
391,1682649661199
392,1682649661200
393,1682649661200
394,1682649661200
395,1682649661201
396,1682649661201
397,1682649661202
398,1682649661202
399,1682649661202
400,1682649661203
401,1682649661203
402,1682649661203
403,1682649661204
404,1682649661204
405,1682649661204
406,1682649661204
407,1682649661205
408,1682649661205
409,1682649661205
410,1682649661205
411,1682649661206
412,1682649661206
413,1682649661206
414,1682649661207
415,1682649661207
416,1682649661207
417,1682649661208
418,1682649661208
419,1682649661208
420,1682649661209
421,1682649661209
422,1682649661209
423,1682649661210
424,1682649661210
425,1682649661210
426,1682649661211
427,1682649661211
428,1682649661211
429,1682649661212
430,1682649661212
431,1682649661212
432,1682649661213
433,1682649661213
434,1682649661213
435,1682649661213
436,1682649661214
437,1682649661214
438,1682649661214
439,1682649661215
440,1682649661215
441,1682649661215
442,1682649661215
443,1682649661216
444,1682649661216
445,1682649661216
446,1682649661217
447,1682649661217
448,1682649661217
449,1682649661218
450,1682649661218
451,1682649661219
452,1682649661219
453,1682649661219
454,1682649661219
455,1682649661219
456,1682649661220
457,1682649661220
458,1682649661220
459,1682649661220
460,1682649661221
461,1682649661221
462,1682649661221
463,1682649661221
464,1682649661222
465,1682649661222
466,1682649661222
467,1682649661222
468,1682649661223
469,1682649661223
470,1682649661224
471,1682649661224
472,1682649661224
473,1682649661225
474,1682649661225
475,1682649661225
476,1682649661225
477,1682649661226
478,1682649661226
479,1682649661226
480,1682649661227
481,1682649661227
482,1682649661227
483,1682649661228
484,1682649661228
485,1682649661228
486,1682649661228
487,1682649661229
488,1682649661229
489,1682649661229
490,1682649661229
491,1682649661229
492,1682649661230
493,1682649661230
494,1682649661230
495,1682649661230
496,1682649661231
497,1682649661231
498,1682649661231
499,1682649661231
500,1682649661232
501,1682649661232
502,1682649661232
503,1682649661232
504,1682649661232
505,1682649661233
506,1682649661233
507,1682649661233
508,1682649661233
509,1682649661233
510,1682649661234
511,1682649661234
512,1682649661234
513,1682649661235
514,1682649661235
515,1682649661235
516,1682649661235
517,1682649661236
518,1682649661236
519,1682649661236
520,1682649661236
521,1682649661236
522,1682649661237
523,1682649661237
524,1682649661237
525,1682649661238
526,1682649661239
527,1682649661239
528,1682649661239
529,1682649661241
530,1682649661241
531,1682649661242
532,1682649661242
533,1682649661242
534,1682649661243
535,1682649661243
536,1682649661244
537,1682649661244
538,1682649661244
539,1682649661245
540,1682649661245
541,1682649661246
542,1682649661246
543,1682649661246
544,1682649661247
545,1682649661247
546,1682649661247
547,1682649661247
548,1682649661248
549,1682649661248
550,1682649661252
551,1682649661253
552,1682649661253
553,1682649661253
554,1682649661253
555,1682649661254
556,1682649661254
557,1682649661254
558,1682649661254
559,1682649661254
560,1682649661254
561,1682649661255
562,1682649661255
563,1682649661255
564,1682649661255
565,1682649661256
566,1682649661256
567,1682649661256
568,1682649661256
569,1682649661256
570,1682649661257
571,1682649661257
572,1682649661257
573,1682649661257
574,1682649661258
575,1682649661258
576,1682649661258
577,1682649661258
578,1682649661258
579,1682649661259
580,1682649661259
581,1682649661259
582,1682649661259
583,1682649661260
584,1682649661260
585,1682649661260
586,1682649661260
587,1682649661260
588,1682649661260
589,1682649661261
590,1682649661261
591,1682649661261
592,1682649661261
593,1682649661261
594,1682649661262
595,1682649661262
596,1682649661262
597,1682649661262
598,1682649661263
599,1682649661263
600,1682649661263
601,1682649661263
602,1682649661263
603,1682649661264
604,1682649661264
605,1682649661264
606,1682649661264
607,1682649661264
608,1682649661264
609,1682649661265
610,1682649661265
611,1682649661265
612,1682649661265
613,1682649661265
614,1682649661266
615,1682649661266
616,1682649661266
617,1682649661266
618,1682649661266
619,1682649661267
620,1682649661267
621,1682649661267
622,1682649661267
623,1682649661268
624,1682649661268
625,1682649661268
626,1682649661268
627,1682649661269
628,1682649661269
629,1682649661269
630,1682649661269
631,1682649661269
632,1682649661270
633,1682649661270
634,1682649661270
635,1682649661270
636,1682649661270
637,1682649661271
638,1682649661271
639,1682649661271
640,1682649661271
641,1682649661272
642,1682649661272
643,1682649661272
644,1682649661273
645,1682649661273
646,1682649661273
647,1682649661273
648,1682649661274
649,1682649661274
650,1682649661274
651,1682649661275
652,1682649661275
653,1682649661275
654,1682649661275
655,1682649661275
656,1682649661276
657,1682649661276
658,1682649661276
659,1682649661276
660,1682649661277
661,1682649661277
662,1682649661277
663,1682649661277
664,1682649661278
665,1682649661278
666,1682649661278
667,1682649661278
668,1682649661279
669,1682649661279
670,1682649661279
671,1682649661279
672,1682649661279
673,1682649661280
674,1682649661280
675,1682649661280
676,1682649661280
677,1682649661280
678,1682649661281
679,1682649661281
680,1682649661281
681,1682649661281
682,1682649661281
683,1682649661281
684,1682649661281
685,1682649661282
686,1682649661282
687,1682649661282
688,1682649661282
689,1682649661282
690,1682649661282
691,1682649661283
692,1682649661283
693,1682649661283
694,1682649661283
695,1682649661283
696,1682649661283
697,1682649661284
698,1682649661284
699,1682649661284
700,1682649661284
701,1682649661284
702,1682649661284
703,1682649661284
704,1682649661285
705,1682649661285
706,1682649661285
707,1682649661285
708,1682649661285
709,1682649661285
710,1682649661285
711,1682649661285
712,1682649661286
713,1682649661286
714,1682649661286
715,1682649661286
716,1682649661286
717,1682649661286
718,1682649661286
719,1682649661286
720,1682649661287
721,1682649661287
722,1682649661287
723,1682649661287
724,1682649661287
725,1682649661287
726,1682649661287
727,1682649661288
728,1682649661288
729,1682649661288
730,1682649661288
731,1682649661288
732,1682649661288
733,1682649661289
734,1682649661289
735,1682649661289
736,1682649661289
737,1682649661289
738,1682649661289
739,1682649661290
740,1682649661290
741,1682649661290
742,1682649661290
743,1682649661290
744,1682649661291
745,1682649661291
746,1682649661291
747,1682649661291
748,1682649661291
749,1682649661292
750,1682649661292
751,1682649661292
752,1682649661292
753,1682649661292
754,1682649661293
755,1682649661293
756,1682649661293
757,1682649661293
758,1682649661293
759,1682649661293
760,1682649661293
761,1682649661294
762,1682649661294
763,1682649661294
764,1682649661294
765,1682649661294
766,1682649661294
767,1682649661294
768,1682649661295
769,1682649661295
770,1682649661295
771,1682649661295
772,1682649661295
773,1682649661295
774,1682649661296
775,1682649661296
776,1682649661296
777,1682649661296
778,1682649661296
779,1682649661296
780,1682649661296
781,1682649661297
782,1682649661297
783,1682649661297
784,1682649661297
785,1682649661297
786,1682649661297
787,1682649661298
788,1682649661298
789,1682649661298
790,1682649661298
791,1682649661299
792,1682649661299
793,1682649661299
794,1682649661299
795,1682649661300
796,1682649661300
797,1682649661300
798,1682649661300
799,1682649661301
800,1682649661301
801,1682649661301
802,1682649661301
803,1682649661301
804,1682649661301
805,1682649661302
806,1682649661302
807,1682649661302
808,1682649661302
809,1682649661302
810,1682649661303
811,1682649661303
812,1682649661303
813,1682649661303
814,1682649661303
815,1682649661303
816,1682649661304
817,1682649661304
818,1682649661304
819,1682649661304
820,1682649661304
821,1682649661304
822,1682649661304
823,1682649661305
824,1682649661305
825,1682649661305
826,1682649661305
827,1682649661305
828,1682649661305
829,1682649661305
830,1682649661306
831,1682649661306
832,1682649661306
833,1682649661306
834,1682649661306
835,1682649661306
836,1682649661307
837,1682649661307
838,1682649661307
839,1682649661311
840,1682649661311
841,1682649661312
842,1682649661312
843,1682649661312
844,1682649661312
845,1682649661312
846,1682649661313
847,1682649661313
848,1682649661313
849,1682649661313
850,1682649661313
851,1682649661313
852,1682649661314
853,1682649661314
854,1682649661314
855,1682649661314
856,1682649661314
857,1682649661314
858,1682649661329
859,1682649661329
860,1682649661329
861,1682649661329
862,1682649661329
863,1682649661329
864,1682649661330
865,1682649661330
866,1682649661330
867,1682649661330
868,1682649661330
869,1682649661330
870,1682649661331
871,1682649661331
872,1682649661331
873,1682649661331
874,1682649661331
875,1682649661331
876,1682649661331
877,1682649661332
878,1682649661332
879,1682649661332
880,1682649661332
881,1682649661332
882,1682649661332
883,1682649661339
884,1682649661340
885,1682649661340
886,1682649661340
887,1682649661340
888,1682649661340
889,1682649661341
890,1682649661341
891,1682649661341
892,1682649661341
893,1682649661341
894,1682649661342
895,1682649661342
896,1682649661342
897,1682649661342
898,1682649661342
899,1682649661342
900,1682649661343
901,1682649661343
902,1682649661343
903,1682649661343
904,1682649661343
905,1682649661344
906,1682649661344
907,1682649661344
908,1682649661344
909,1682649661344
910,1682649661344
911,1682649661345
912,1682649661345
913,1682649661345
914,1682649661345
915,1682649661346
916,1682649661346
917,1682649661346
918,1682649661346
919,1682649661347
920,1682649661347
921,1682649661347
922,1682649661347
923,1682649661348
924,1682649661348
925,1682649661348
926,1682649661348
927,1682649661348
928,1682649661349
929,1682649661349
930,1682649661349
931,1682649661349
932,1682649661350
933,1682649661350
934,1682649661350
935,1682649661350
936,1682649661351
937,1682649661351
938,1682649661351
939,1682649661351
940,1682649661352
941,1682649661352
942,1682649661364
943,1682649661365
944,1682649661365
945,1682649661365
946,1682649661366
947,1682649661366
948,1682649661366
949,1682649661367
950,1682649661367
951,1682649661367
952,1682649661367
953,1682649661368
954,1682649661368
955,1682649661368
956,1682649661368
957,1682649661368
958,1682649661369
959,1682649661369
960,1682649661369
961,1682649661369
962,1682649661369
963,1682649661369
964,1682649661369
965,1682649661370
966,1682649661370
967,1682649661370
968,1682649661370
969,1682649661370
970,1682649661370
971,1682649661371
972,1682649661371
973,1682649661371
974,1682649661371
975,1682649661372
976,1682649661372
977,1682649661372
978,1682649661372
979,1682649661372
980,1682649661383
981,1682649661383
982,1682649661383
983,1682649661383
984,1682649661384
985,1682649661384
986,1682649661384
987,1682649661384
988,1682649661384
989,1682649661384
990,1682649661385
991,1682649661387
992,1682649661387
993,1682649661387
994,1682649661387
995,1682649661388
996,1682649661388
997,1682649661388
998,1682649661388
999,1682649661388
1000,1682649661388
1001,1682649661389
1002,1682649661389
1003,1682649661389
1004,1682649661389
1005,1682649661389
1006,1682649661389
1007,1682649661389
1008,1682649661390
1009,1682649661390
1010,1682649661390
1011,1682649661390
1012,1682649661390
1013,1682649661391
1014,1682649661391
1015,1682649661391
1016,1682649661391
1017,1682649661391
1018,1682649661391
1019,1682649661392
1020,1682649661392
1021,1682649661392
1022,1682649661392
1023,1682649661392
1024,1682649661393
1025,1682649661393
1026,1682649661393
1027,1682649661393
1028,1682649661393
1029,1682649661394
1030,1682649661394
1031,1682649661394
1032,1682649661394
1033,1682649661394
1034,1682649661395
1035,1682649661395
1036,1682649661395
1037,1682649661395
1038,1682649661395
1039,1682649661396
1040,1682649661396
1041,1682649661396
1042,1682649661396
1043,1682649661397
1044,1682649661397
1045,1682649661397
1046,1682649661397
1047,1682649661398
1048,1682649661420
1049,1682649661420
1050,1682649661420
1051,1682649661421
1052,1682649661421
1053,1682649661421
1054,1682649661421
1055,1682649661421
1056,1682649661421
1057,1682649661422
1058,1682649661422
1059,1682649661422
1060,1682649661422
1061,1682649661422
1062,1682649661423
1063,1682649661423
1064,1682649661423
1065,1682649661423
1066,1682649661424
1067,1682649661424
1068,1682649661424
1069,1682649661424
1070,1682649661429
1071,1682649661429
1072,1682649661429
1073,1682649661430
1074,1682649661430
1075,1682649661430
1076,1682649661430
1077,1682649661431
1078,1682649661431
1079,1682649661431
1080,1682649661431
1081,1682649661432
1082,1682649661432
1083,1682649661432
1084,1682649661432
1085,1682649661433
1086,1682649661433
1087,1682649661433
1088,1682649661433
1089,1682649661433
1090,1682649661433
1091,1682649661434
1092,1682649661434
1093,1682649661434
1094,1682649661434
1095,1682649661435
1096,1682649661435
1097,1682649661435
1098,1682649661435
1099,1682649661436
1100,1682649661436
1101,1682649661436
1102,1682649661437
1103,1682649661437
1104,1682649661437
1105,1682649661440
1106,1682649661440
1107,1682649661441
1108,1682649661441
1109,1682649661441
1110,1682649661441
1111,1682649661442
1112,1682649661442
1113,1682649661442
1114,1682649661443
1115,1682649661443
1116,1682649661443
1117,1682649661443
1118,1682649661444
1119,1682649661444
1120,1682649661444
1121,1682649661444
1122,1682649661445
1123,1682649661445
1124,1682649661445
1125,1682649661445
1126,1682649661446
1127,1682649661446
1128,1682649661446
1129,1682649661446
1130,1682649661447
1131,1682649661447
1132,1682649661447
1133,1682649661447
1134,1682649661448
1135,1682649661448
1136,1682649661448
1137,1682649661448
1138,1682649661448
1139,1682649661449
1140,1682649661449
1141,1682649661449
1142,1682649661449
1143,1682649661449
1144,1682649661449
1145,1682649661450
1146,1682649661450
1147,1682649661450
1148,1682649661450
1149,1682649661450
1150,1682649661451
1151,1682649661451
1152,1682649661459
1153,1682649661459
1154,1682649661459
1155,1682649661460
1156,1682649661460
1157,1682649661460
1158,1682649661460
1159,1682649661461
1160,1682649661461
1161,1682649661461
1162,1682649661461
1163,1682649661462
1164,1682649661462
1165,1682649661462
1166,1682649661462
1167,1682649661463
1168,1682649661463
1169,1682649661463
1170,1682649661463
1171,1682649661463
1172,1682649661468
1173,1682649661468
1174,1682649661468
1175,1682649661468
1176,1682649661469
1177,1682649661469
1178,1682649661469
1179,1682649661469
1180,1682649661470
1181,1682649661470
1182,1682649661470
1183,1682649661470
1184,1682649661471
1185,1682649661471
1186,1682649661471
1187,1682649661471
1188,1682649661472
1189,1682649661472
1190,1682649661472
1191,1682649661476
1192,1682649661476
1193,1682649661477
1194,1682649661477
1195,1682649661477
1196,1682649661478
1197,1682649661478
1198,1682649661478
1199,1682649661478
1200,1682649661479
1201,1682649661479
1202,1682649661479
1203,1682649661479
1204,1682649661480
1205,1682649661480
1206,1682649661480
1207,1682649661480
1208,1682649661480
1209,1682649661481
1210,1682649661481
1211,1682649661481
1212,1682649661481
1213,1682649661481
1214,1682649661482
1215,1682649661482
1216,1682649661482
1217,1682649661482
1218,1682649661482
1219,1682649661483
1220,1682649661483
1221,1682649661483
1222,1682649661483
1223,1682649661483
1224,1682649661483
1225,1682649661484
1226,1682649661491
1227,1682649661491
1228,1682649661491
1229,1682649661491
1230,1682649661492
1231,1682649661492
1232,1682649661492
1233,1682649661492
1234,1682649661493
1235,1682649661493
1236,1682649661493
1237,1682649661493
1238,1682649661494
1239,1682649661494
1240,1682649661494
1241,1682649661494
1242,1682649661494
1243,1682649661495
1244,1682649661495
1245,1682649661495
1246,1682649661496
1247,1682649661496
1248,1682649661496
1249,1682649661496
1250,1682649661496
1251,1682649661497
1252,1682649661497
1253,1682649661497
1254,1682649661497
1255,1682649661497
1256,1682649661497
1257,1682649661498
1258,1682649661498
1259,1682649661498
1260,1682649661498
1261,1682649661499
1262,1682649661499
1263,1682649661499
1264,1682649661499
1265,1682649661500
1266,1682649661500
1267,1682649661500
1268,1682649661500
1269,1682649661500
1270,1682649661501
1271,1682649661501
1272,1682649661501
1273,1682649661501
1274,1682649661502
1275,1682649661502
1276,1682649661502
1277,1682649661502
1278,1682649661502
1279,1682649661503
1280,1682649661503
1281,1682649661503
1282,1682649661521
1283,1682649661521
1284,1682649661522
1285,1682649661522
1286,1682649661522
1287,1682649661522
1288,1682649661522
1289,1682649661523
1290,1682649661523
1291,1682649661523
1292,1682649661524
1293,1682649661524
1294,1682649661524
1295,1682649661524
1296,1682649661524
1297,1682649661525
1298,1682649661525
1299,1682649661525
1300,1682649661525
1301,1682649661526
1302,1682649661526
1303,1682649661526
1304,1682649661526
1305,1682649661527
1306,1682649661527
1307,1682649661527
1308,1682649661527
1309,1682649661527
1310,1682649661528
1311,1682649661528
1312,1682649661528
1313,1682649661528
1314,1682649661529
1315,1682649661529
1316,1682649661529
1317,1682649661529
1318,1682649661530
1319,1682649661530
1320,1682649661530
1321,1682649661530
1322,1682649661530
1323,1682649661531
1324,1682649661531
1325,1682649661531
1326,1682649661531
1327,1682649661531
1328,1682649661532
1329,1682649661532
1330,1682649661532
1331,1682649661532
1332,1682649661533
1333,1682649661533
1334,1682649661533
1335,1682649661533
1336,1682649661533
1337,1682649661534
1338,1682649661534
1339,1682649661534
1340,1682649661534
1341,1682649661535
1342,1682649661535
1343,1682649661535
1344,1682649661535
1345,1682649661554
1346,1682649661554
1347,1682649661554
1348,1682649661554
1349,1682649661555
1350,1682649661555
1351,1682649661555
1352,1682649661555
1353,1682649661556
1354,1682649661556
1355,1682649661556
1356,1682649661556
1357,1682649661557
1358,1682649661557
1359,1682649661557
1360,1682649661557
1361,1682649661557
1362,1682649661569
1363,1682649661569
1364,1682649661569
1365,1682649661570
1366,1682649661570
1367,1682649661570
1368,1682649661570
1369,1682649661571
1370,1682649661571
1371,1682649661571
1372,1682649661571
1373,1682649661572
1374,1682649661572
1375,1682649661572
1376,1682649661572
1377,1682649661572
1378,1682649661573
1379,1682649661573
1380,1682649661573
1381,1682649661573
1382,1682649661574
1383,1682649661574
1384,1682649661574
1385,1682649661574
1386,1682649661574
1387,1682649661575
1388,1682649661575
1389,1682649661575
1390,1682649661575
1391,1682649661575
1392,1682649661576
1393,1682649661576
1394,1682649661576
1395,1682649661576
1396,1682649661576
1397,1682649661577
1398,1682649661577
1399,1682649661577
1400,1682649661577
1401,1682649661577
1402,1682649661578
1403,1682649661578
1404,1682649661578
1405,1682649661578
1406,1682649661578
1407,1682649661578
1408,1682649661579
1409,1682649661579
1410,1682649661579
1411,1682649661579
1412,1682649661579
1413,1682649661579
1414,1682649661579
1415,1682649661580
1416,1682649661580
1417,1682649661580
1418,1682649661580
1419,1682649661580
1420,1682649661580
1421,1682649661580
1422,1682649661581
1423,1682649661581
1424,1682649661581
1425,1682649661581
1426,1682649661582
1427,1682649661582
1428,1682649661582
1429,1682649661582
1430,1682649661583
1431,1682649661583
1432,1682649661583
1433,1682649661583
1434,1682649661584
1435,1682649661584
1436,1682649661584
1437,1682649661584
1438,1682649661585
1439,1682649661588
1440,1682649661589
1441,1682649661589
1442,1682649661589
1443,1682649661590
1444,1682649661590
1445,1682649661591
1446,1682649661591
1447,1682649661591
1448,1682649661592
1449,1682649661592
1450,1682649661593
1451,1682649661593
1452,1682649661593
1453,1682649661594
1454,1682649661594
1455,1682649661594
1456,1682649661594
1457,1682649661595
1458,1682649661595
1459,1682649661595
1460,1682649661596
1461,1682649661596
1462,1682649661596
1463,1682649661596
1464,1682649661597
1465,1682649661597
1466,1682649661597
1467,1682649661598
1468,1682649661598
1469,1682649661598
1470,1682649661599
1471,1682649661599
1472,1682649661599
1473,1682649661600
1474,1682649661600
1475,1682649661600
1476,1682649661601
1477,1682649661601
1478,1682649661601
1479,1682649661602
1480,1682649661602
1481,1682649661602
1482,1682649661603
1483,1682649661603
1484,1682649661604
1485,1682649661604
1486,1682649661604
1487,1682649661605
1488,1682649661605
1489,1682649661605
1490,1682649661606
1491,1682649661606
1492,1682649661606
1493,1682649661607
1494,1682649661607
1495,1682649661607
1496,1682649661608
1497,1682649661608
1498,1682649661609
1499,1682649661609
1500,1682649661609
1501,1682649661609
1502,1682649661610
1503,1682649661610
1504,1682649661610
1505,1682649661611
1506,1682649661611
1507,1682649661611
1508,1682649661611
1509,1682649661612
1510,1682649661612
1511,1682649661612
1512,1682649661612
1513,1682649661613
1514,1682649661613
1515,1682649661613
1516,1682649661614
1517,1682649661614
1518,1682649661614
1519,1682649661614
1520,1682649661615
1521,1682649661615
1522,1682649661615
1523,1682649661616
1524,1682649661616
1525,1682649661616
1526,1682649661617
1527,1682649661617
1528,1682649661617
1529,1682649661617
1530,1682649661618
1531,1682649661618
1532,1682649661618
1533,1682649661618
1534,1682649661619
1535,1682649661619
1536,1682649661619
