1,1682647610650
2,1682647610656
3,1682647610659
4,1682647610661
5,1682647610674
6,1682647610676
7,1682647610681
8,1682647610690
9,1682647610691
10,1682647610692
11,1682647610822
12,1682647610823
13,1682647610824
14,1682647610825
15,1682647610825
16,1682647610826
17,1682647610827
18,1682647610829
19,1682647610831
20,1682647610834
21,1682647610836
22,1682647610837
23,1682647610838
24,1682647610838
25,1682647610839
26,1682647610840
27,1682647610842
28,1682647610843
29,1682647610844
30,1682647610847
31,1682647610848
32,1682647610849
33,1682647610851
34,1682647610853
35,1682647610854
36,1682647610854
37,1682647610855
38,1682647610856
39,1682647610856
40,1682647610857
41,1682647610857
42,1682647610858
43,1682647610859
44,1682647610859
45,1682647610860
46,1682647610861
47,1682647610862
48,1682647610863
49,1682647610871
50,1682647610871
51,1682647610872
52,1682647610872
53,1682647610873
54,1682647610873
55,1682647610873
56,1682647610874
57,1682647610874
58,1682647610875
59,1682647610875
60,1682647610875
61,1682647610875
62,1682647610876
63,1682647610876
64,1682647610876
