1,1682649015059
2,1682649015064
3,1682649015066
4,1682649015071
5,1682649015072
6,1682649015074
7,1682649015272
8,1682649015273
9,1682649015274
10,1682649015275
11,1682649015805
12,1682649015806
13,1682649015807
14,1682649015807
15,1682649015808
16,1682649015808
17,1682649015809
18,1682649015809
19,1682649015810
20,1682649015810
21,1682649015810
22,1682649015811
23,1682649015811
24,1682649015811
25,1682649015812
26,1682649015812
27,1682649015813
28,1682649015813
29,1682649015814
30,1682649015814
31,1682649015815
32,1682649015815
33,1682649015816
34,1682649015819
35,1682649015821
36,1682649015822
37,1682649015823
38,1682649015823
39,1682649015824
40,1682649015824
41,1682649016292
42,1682649016293
43,1682649016294
44,1682649016295
45,1682649016297
46,1682649016300
47,1682649016305
48,1682649016306
49,1682649016309
50,1682649016311
51,1682649016312
52,1682649016313
53,1682649016314
54,1682649016318
55,1682649016319
56,1682649016320
57,1682649016321
58,1682649016322
59,1682649016322
60,1682649016323
61,1682649016324
62,1682649016325
63,1682649016326
64,1682649016327
65,1682649016328
66,1682649016329
67,1682649016329
68,1682649016330
69,1682649016331
70,1682649016333
71,1682649016336
72,1682649016336
73,1682649016337
74,1682649016338
75,1682649016345
76,1682649016345
77,1682649016346
78,1682649016347
79,1682649016348
80,1682649016348
81,1682649016351
82,1682649016353
83,1682649016355
84,1682649016355
85,1682649016357
86,1682649016358
87,1682649016359
88,1682649016360
89,1682649016361
90,1682649016362
91,1682649016369
92,1682649016371
93,1682649016375
94,1682649016381
95,1682649016383
96,1682649016387
97,1682649016392
98,1682649016402
99,1682649016410
100,1682649016423
101,1682649016425
102,1682649016428
103,1682649016428
104,1682649016429
105,1682649016433
106,1682649016437
107,1682649016439
108,1682649016445
109,1682649016452
110,1682649016455
111,1682649016460
112,1682649016463
113,1682649016470
114,1682649016473
115,1682649016492
116,1682649016518
117,1682649016540
118,1682649016544
119,1682649016547
120,1682649016551
121,1682649016553
122,1682649016554
123,1682649016554
124,1682649016555
125,1682649016556
126,1682649016556
127,1682649016557
128,1682649016558
129,1682649016559
130,1682649016560
131,1682649016560
132,1682649016560
133,1682649016561
134,1682649016562
135,1682649016564
136,1682649016564
137,1682649016565
138,1682649016567
139,1682649016568
140,1682649016568
141,1682649016569
142,1682649016569
143,1682649016569
144,1682649016570
145,1682649016571
146,1682649016571
147,1682649016572
148,1682649016574
149,1682649016574
150,1682649016575
151,1682649016575
152,1682649016576
153,1682649016576
154,1682649016577
155,1682649016577
156,1682649016577
157,1682649016578
158,1682649016578
159,1682649016579
160,1682649016579
161,1682649016580
162,1682649016589
163,1682649016591
164,1682649016595
165,1682649016597
166,1682649016597
167,1682649016598
168,1682649016599
169,1682649016605
170,1682649016777
171,1682649016777
172,1682649016778
173,1682649016778
174,1682649016778
175,1682649016779
176,1682649016779
177,1682649016779
178,1682649016780
179,1682649016780
180,1682649016780
181,1682649016781
182,1682649016781
183,1682649016781
184,1682649016782
185,1682649016782
186,1682649016783
187,1682649016784
188,1682649016784
189,1682649016785
190,1682649016786
191,1682649016786
192,1682649016786
193,1682649016787
194,1682649016787
195,1682649016788
196,1682649016788
197,1682649016789
198,1682649016789
199,1682649016790
200,1682649016790
201,1682649016791
202,1682649016791
203,1682649016791
204,1682649016792
205,1682649016792
206,1682649016793
207,1682649016793
208,1682649016793
209,1682649016794
210,1682649016794
211,1682649016795
212,1682649016795
213,1682649016796
214,1682649016796
215,1682649016796
216,1682649016797
217,1682649016797
218,1682649016798
219,1682649016798
220,1682649016799
221,1682649016800
222,1682649016801
223,1682649016802
224,1682649016802
225,1682649016803
226,1682649016803
227,1682649016804
228,1682649016804
229,1682649016805
230,1682649016805
231,1682649016805
232,1682649016806
233,1682649016807
234,1682649016807
235,1682649016808
236,1682649016808
237,1682649016809
238,1682649016809
239,1682649016810
240,1682649016811
241,1682649016811
242,1682649016812
243,1682649016812
244,1682649016813
245,1682649016813
246,1682649016814
247,1682649016814
248,1682649016815
249,1682649016816
250,1682649016817
251,1682649016818
252,1682649016818
253,1682649016819
254,1682649016819
255,1682649016820
256,1682649016820
257,1682649016820
258,1682649016820
259,1682649016821
260,1682649016821
261,1682649016821
262,1682649016822
263,1682649016822
264,1682649016822
265,1682649016822
266,1682649016823
267,1682649016823
268,1682649016823
269,1682649016823
270,1682649016824
271,1682649016824
272,1682649016824
273,1682649016824
274,1682649016824
275,1682649016825
276,1682649016825
277,1682649016825
278,1682649016825
279,1682649016826
280,1682649016826
281,1682649016826
282,1682649016827
283,1682649016827
284,1682649016828
285,1682649016828
286,1682649016829
287,1682649016829
288,1682649016829
289,1682649016830
290,1682649016830
291,1682649016831
292,1682649016831
293,1682649016831
294,1682649016832
295,1682649016833
296,1682649016833
297,1682649016834
298,1682649016835
299,1682649016835
300,1682649016835
301,1682649016836
302,1682649016836
303,1682649016836
304,1682649016837
305,1682649016837
306,1682649016837
307,1682649016838
308,1682649016842
309,1682649016842
310,1682649016842
311,1682649016842
312,1682649016843
313,1682649016843
314,1682649016843
315,1682649016844
316,1682649016844
317,1682649016844
318,1682649016844
319,1682649016845
320,1682649016845
321,1682649016845
322,1682649016845
323,1682649016845
324,1682649016846
325,1682649016846
326,1682649016846
327,1682649016846
328,1682649016846
329,1682649016847
330,1682649016847
331,1682649016847
332,1682649016847
333,1682649016847
334,1682649016848
335,1682649016848
336,1682649016848
337,1682649016848
338,1682649016849
339,1682649016849
340,1682649016849
341,1682649016850
342,1682649016850
343,1682649016850
344,1682649016850
345,1682649016850
346,1682649017067
347,1682649017067
348,1682649017067
349,1682649017068
350,1682649017068
351,1682649017068
352,1682649017068
353,1682649017069
354,1682649017069
355,1682649017069
356,1682649017069
357,1682649017070
358,1682649017070
359,1682649017070
360,1682649017070
361,1682649017071
362,1682649017071
363,1682649017071
364,1682649017071
365,1682649017072
366,1682649017072
367,1682649017072
368,1682649017072
369,1682649017073
370,1682649017073
371,1682649017073
372,1682649017073
373,1682649017074
374,1682649017074
375,1682649017074
376,1682649017075
377,1682649017075
378,1682649017075
379,1682649017076
380,1682649017076
381,1682649017076
382,1682649017076
383,1682649017077
384,1682649017077
385,1682649017077
386,1682649017077
387,1682649017078
388,1682649017078
389,1682649017078
390,1682649017078
391,1682649017078
392,1682649017079
393,1682649017079
394,1682649017079
395,1682649017079
396,1682649017080
397,1682649017080
398,1682649017080
399,1682649017081
400,1682649017081
401,1682649017081
402,1682649017081
403,1682649017082
404,1682649017082
405,1682649017082
406,1682649017082
407,1682649017082
408,1682649017083
409,1682649017083
410,1682649017083
411,1682649017083
412,1682649017083
413,1682649017084
414,1682649017084
415,1682649017084
416,1682649017084
417,1682649017085
418,1682649017085
419,1682649017085
420,1682649017085
421,1682649017085
422,1682649017085
423,1682649017086
424,1682649017086
425,1682649017086
426,1682649017086
427,1682649017086
428,1682649017086
429,1682649017087
430,1682649017087
431,1682649017087
432,1682649017087
433,1682649017087
434,1682649017088
435,1682649017088
436,1682649017088
437,1682649017088
438,1682649017088
439,1682649017088
440,1682649017089
441,1682649017089
442,1682649017089
443,1682649017089
444,1682649017089
445,1682649017089
446,1682649017090
447,1682649017090
448,1682649017090
449,1682649017090
450,1682649017090
451,1682649017090
452,1682649017090
453,1682649017091
454,1682649017091
455,1682649017091
456,1682649017091
457,1682649017091
458,1682649017091
459,1682649017091
460,1682649017095
461,1682649017095
462,1682649017095
463,1682649017095
464,1682649017095
465,1682649017096
466,1682649017096
467,1682649017096
468,1682649017096
469,1682649017096
470,1682649017097
471,1682649017097
472,1682649017097
473,1682649017097
474,1682649017098
475,1682649017098
476,1682649017098
477,1682649017098
478,1682649017099
479,1682649017099
480,1682649017099
481,1682649017099
482,1682649017100
483,1682649017100
484,1682649017100
485,1682649017101
486,1682649017101
487,1682649017102
488,1682649017102
489,1682649017102
490,1682649017103
491,1682649017103
492,1682649017103
493,1682649017104
494,1682649017104
495,1682649017104
496,1682649017104
497,1682649017104
498,1682649017105
499,1682649017105
500,1682649017105
501,1682649017105
502,1682649017106
503,1682649017106
504,1682649017106
505,1682649017106
506,1682649017107
507,1682649017107
508,1682649017107
509,1682649017107
510,1682649017107
511,1682649017108
512,1682649017108
513,1682649017108
514,1682649017108
515,1682649017109
516,1682649017109
517,1682649017109
518,1682649017109
519,1682649017110
520,1682649017110
521,1682649017110
522,1682649017110
523,1682649017111
524,1682649017111
525,1682649017111
526,1682649017111
527,1682649017111
528,1682649017112
529,1682649017112
530,1682649017112
531,1682649017112
532,1682649017112
533,1682649017113
534,1682649017113
535,1682649017113
536,1682649017113
537,1682649017114
538,1682649017114
539,1682649017114
540,1682649017114
541,1682649017114
542,1682649017114
543,1682649017115
544,1682649017115
545,1682649017115
546,1682649017115
547,1682649017115
548,1682649017115
549,1682649017116
550,1682649017116
551,1682649017116
552,1682649017116
553,1682649017117
554,1682649017117
555,1682649017117
556,1682649017117
557,1682649017117
558,1682649017118
559,1682649017118
560,1682649017118
561,1682649017118
562,1682649017118
563,1682649017118
564,1682649017119
565,1682649017119
566,1682649017119
567,1682649017119
568,1682649017119
569,1682649017119
570,1682649017119
571,1682649017120
572,1682649017120
573,1682649017120
574,1682649017120
575,1682649017120
576,1682649017120
577,1682649017120
578,1682649017121
579,1682649017121
580,1682649017121
581,1682649017121
582,1682649017121
583,1682649017122
584,1682649017122
585,1682649017122
586,1682649017122
587,1682649017122
588,1682649017122
589,1682649017122
590,1682649017123
591,1682649017123
592,1682649017123
593,1682649017123
594,1682649017123
595,1682649017123
596,1682649017124
597,1682649017124
598,1682649017124
599,1682649017124
600,1682649017125
601,1682649017125
602,1682649017125
603,1682649017125
604,1682649017126
605,1682649017126
606,1682649017126
607,1682649017126
608,1682649017126
609,1682649017127
610,1682649017127
611,1682649017127
612,1682649017127
613,1682649017127
614,1682649017127
615,1682649017128
616,1682649017128
617,1682649017128
618,1682649017128
619,1682649017128
620,1682649017128
621,1682649017129
622,1682649017129
623,1682649017129
624,1682649017129
625,1682649017129
626,1682649017130
627,1682649017130
628,1682649017130
629,1682649017130
630,1682649017130
631,1682649017130
632,1682649017131
633,1682649017131
634,1682649017131
635,1682649017131
636,1682649017131
637,1682649017132
638,1682649017132
639,1682649017133
640,1682649017134
641,1682649017134
642,1682649017135
643,1682649017135
644,1682649017135
645,1682649017136
646,1682649017136
647,1682649017136
648,1682649017136
649,1682649017137
650,1682649017137
651,1682649017137
652,1682649017137
653,1682649017138
654,1682649017138
655,1682649017138
656,1682649017138
657,1682649017139
658,1682649017139
659,1682649017139
660,1682649017139
661,1682649017139
662,1682649017140
663,1682649017140
664,1682649017140
665,1682649017140
666,1682649017140
667,1682649017140
668,1682649017141
669,1682649017141
670,1682649017141
671,1682649017141
672,1682649017141
673,1682649017142
674,1682649017142
675,1682649017142
676,1682649017142
677,1682649017142
678,1682649017143
679,1682649017143
680,1682649017143
681,1682649017143
682,1682649017143
683,1682649017143
684,1682649017144
685,1682649017144
686,1682649017144
687,1682649017144
688,1682649017144
689,1682649017145
690,1682649017145
691,1682649017145
692,1682649017145
693,1682649017145
694,1682649017146
695,1682649017146
696,1682649017146
697,1682649017146
698,1682649017147
699,1682649017147
700,1682649017147
701,1682649017147
702,1682649017147
703,1682649017147
704,1682649017148
705,1682649017148
706,1682649017148
707,1682649017148
708,1682649017148
709,1682649017148
710,1682649017149
711,1682649017149
712,1682649017149
713,1682649017149
714,1682649017150
715,1682649017150
716,1682649017150
717,1682649017150
718,1682649017150
719,1682649017151
720,1682649017151
721,1682649017151
722,1682649017151
723,1682649017151
724,1682649017152
725,1682649017152
726,1682649017152
727,1682649017152
728,1682649017152
729,1682649017153
730,1682649017153
731,1682649017153
732,1682649017320
733,1682649017320
734,1682649017321
735,1682649017321
736,1682649017321
737,1682649017321
738,1682649017321
739,1682649017322
740,1682649017322
741,1682649017322
742,1682649017322
743,1682649017322
744,1682649017323
745,1682649017323
746,1682649017323
747,1682649017323
748,1682649017323
749,1682649017324
750,1682649017324
751,1682649017324
752,1682649017324
753,1682649017325
754,1682649017325
755,1682649017325
756,1682649017325
757,1682649017326
758,1682649017326
759,1682649017326
760,1682649017326
761,1682649017326
762,1682649017326
763,1682649017326
764,1682649017327
765,1682649017327
766,1682649017327
767,1682649017327
768,1682649017328
769,1682649017328
770,1682649017328
771,1682649017328
772,1682649017328
773,1682649017329
774,1682649017329
775,1682649017329
776,1682649017329
777,1682649017330
778,1682649017330
779,1682649017330
780,1682649017330
781,1682649017331
782,1682649017331
783,1682649017331
784,1682649017331
785,1682649017332
786,1682649017332
787,1682649017333
788,1682649017334
789,1682649017334
790,1682649017335
791,1682649017335
792,1682649017335
793,1682649017335
794,1682649017336
795,1682649017526
796,1682649017526
797,1682649017527
798,1682649017527
799,1682649017527
800,1682649017527
801,1682649017527
802,1682649017527
803,1682649017528
804,1682649017528
805,1682649017528
806,1682649017528
807,1682649017528
808,1682649017528
809,1682649017528
810,1682649017529
811,1682649017529
812,1682649017529
813,1682649017529
814,1682649017529
815,1682649017529
816,1682649017529
817,1682649017530
818,1682649017530
819,1682649017530
820,1682649017530
821,1682649017530
822,1682649017531
823,1682649017531
824,1682649017531
825,1682649017532
826,1682649017532
827,1682649017532
828,1682649017533
829,1682649017533
830,1682649017534
831,1682649017534
832,1682649017534
833,1682649017534
834,1682649017535
835,1682649017535
836,1682649017535
837,1682649017535
838,1682649017535
839,1682649017535
840,1682649017535
841,1682649017536
842,1682649017536
843,1682649017536
844,1682649017536
845,1682649017537
846,1682649017537
847,1682649017537
848,1682649017537
849,1682649017537
850,1682649017537
851,1682649017537
852,1682649017538
853,1682649017538
854,1682649017538
855,1682649017538
856,1682649017538
857,1682649017538
858,1682649017539
859,1682649017539
860,1682649017539
861,1682649017539
862,1682649017539
863,1682649017539
864,1682649017539
865,1682649017539
866,1682649017540
867,1682649017540
868,1682649017540
869,1682649017540
870,1682649017540
871,1682649017540
872,1682649017540
873,1682649017540
874,1682649017541
875,1682649017541
876,1682649017541
877,1682649017814
878,1682649017814
879,1682649017814
880,1682649017814
881,1682649017815
882,1682649017815
883,1682649017815
884,1682649017816
885,1682649017816
886,1682649017816
887,1682649017817
888,1682649017817
889,1682649017817
890,1682649017818
891,1682649017818
892,1682649017818
893,1682649017818
894,1682649017819
895,1682649017819
896,1682649017819
897,1682649017819
898,1682649017820
899,1682649017820
900,1682649017820
901,1682649017820
902,1682649017821
903,1682649017821
904,1682649017821
905,1682649017821
906,1682649017822
907,1682649017822
908,1682649017822
909,1682649017822
910,1682649017822
911,1682649017822
912,1682649017823
913,1682649017823
914,1682649017823
915,1682649017823
916,1682649017823
917,1682649017824
918,1682649017824
919,1682649017824
920,1682649017824
921,1682649017824
922,1682649017824
923,1682649017825
924,1682649017825
925,1682649017825
926,1682649017825
927,1682649017825
928,1682649017825
929,1682649017826
930,1682649017826
931,1682649017826
932,1682649017826
933,1682649017826
934,1682649017826
935,1682649017826
936,1682649017827
937,1682649017827
938,1682649017827
939,1682649017827
940,1682649017827
941,1682649017827
942,1682649017827
943,1682649017828
944,1682649017828
945,1682649017828
946,1682649017828
947,1682649017828
948,1682649017828
949,1682649017828
950,1682649017829
951,1682649017829
952,1682649017829
953,1682649017829
954,1682649017829
955,1682649017829
956,1682649017829
957,1682649017829
958,1682649017830
959,1682649017830
960,1682649017830
961,1682649017830
962,1682649017830
963,1682649017830
964,1682649017830
965,1682649017830
966,1682649017831
967,1682649017831
968,1682649017831
969,1682649017831
970,1682649017831
971,1682649017831
972,1682649017832
973,1682649017833
974,1682649017833
975,1682649017834
976,1682649017834
977,1682649017834
978,1682649017834
979,1682649017968
980,1682649017968
981,1682649017968
982,1682649017968
983,1682649017969
984,1682649017969
985,1682649017969
986,1682649017969
987,1682649017969
988,1682649017969
989,1682649017969
990,1682649017969
991,1682649017970
992,1682649017970
993,1682649017970
994,1682649017970
995,1682649017970
996,1682649017970
997,1682649017970
998,1682649017971
999,1682649017971
1000,1682649017971
1001,1682649017971
1002,1682649017971
1003,1682649017971
1004,1682649017971
1005,1682649017971
1006,1682649017972
1007,1682649017972
1008,1682649017972
1009,1682649017972
1010,1682649017972
1011,1682649017972
1012,1682649017972
1013,1682649017972
1014,1682649017973
1015,1682649017973
1016,1682649017973
1017,1682649017973
1018,1682649017973
1019,1682649017973
1020,1682649017973
1021,1682649017973
1022,1682649017973
1023,1682649017974
1024,1682649017974
1025,1682649017974
1026,1682649017974
1027,1682649017974
1028,1682649017974
1029,1682649017974
1030,1682649017974
1031,1682649017975
1032,1682649017975
1033,1682649017975
1034,1682649017975
1035,1682649017975
1036,1682649017975
1037,1682649017975
1038,1682649017975
1039,1682649017975
1040,1682649017976
1041,1682649017976
1042,1682649017976
1043,1682649017976
1044,1682649017976
1045,1682649017976
1046,1682649017976
1047,1682649017977
1048,1682649017977
1049,1682649017977
1050,1682649017977
1051,1682649017977
1052,1682649017977
1053,1682649017977
1054,1682649017977
1055,1682649017977
1056,1682649017978
1057,1682649017978
1058,1682649017978
1059,1682649017978
1060,1682649017978
1061,1682649017978
1062,1682649017978
1063,1682649017978
1064,1682649017978
1065,1682649017978
1066,1682649017979
1067,1682649017979
1068,1682649017979
1069,1682649017979
1070,1682649017979
1071,1682649017979
1072,1682649017979
1073,1682649017979
1074,1682649017979
1075,1682649017980
1076,1682649017980
1077,1682649017980
1078,1682649017980
1079,1682649017980
1080,1682649017980
1081,1682649017980
1082,1682649017980
1083,1682649017981
1084,1682649017981
1085,1682649017981
1086,1682649017981
1087,1682649017981
1088,1682649017981
1089,1682649017981
1090,1682649017982
1091,1682649017982
1092,1682649017982
1093,1682649017982
1094,1682649017982
1095,1682649017982
1096,1682649017983
1097,1682649017983
1098,1682649017983
1099,1682649017983
1100,1682649017983
1101,1682649017983
1102,1682649017984
1103,1682649017984
1104,1682649017984
1105,1682649017984
1106,1682649017984
1107,1682649017984
1108,1682649017984
1109,1682649017984
1110,1682649017984
1111,1682649017984
1112,1682649017985
1113,1682649017985
1114,1682649017985
1115,1682649017985
1116,1682649017985
1117,1682649017985
1118,1682649017985
1119,1682649017985
1120,1682649017986
1121,1682649017986
1122,1682649017986
1123,1682649017986
1124,1682649017986
1125,1682649017986
1126,1682649017986
1127,1682649017986
1128,1682649017986
1129,1682649017987
1130,1682649017987
1131,1682649017987
1132,1682649017987
1133,1682649017987
1134,1682649017987
1135,1682649017987
1136,1682649017987
1137,1682649017987
1138,1682649017988
1139,1682649017988
1140,1682649017988
1141,1682649017988
1142,1682649017988
1143,1682649017988
1144,1682649017988
1145,1682649017989
1146,1682649017989
1147,1682649017989
1148,1682649017989
1149,1682649017989
1150,1682649017990
1151,1682649017990
1152,1682649017990
1153,1682649017990
1154,1682649017990
1155,1682649017990
1156,1682649017990
1157,1682649017990
1158,1682649017990
1159,1682649017990
1160,1682649017991
1161,1682649017991
1162,1682649017991
1163,1682649017991
1164,1682649017991
1165,1682649017991
1166,1682649017991
1167,1682649017991
1168,1682649017991
1169,1682649017992
1170,1682649017992
1171,1682649017992
1172,1682649017992
1173,1682649017992
1174,1682649017992
1175,1682649017992
1176,1682649017992
1177,1682649017992
1178,1682649017993
1179,1682649017993
1180,1682649017993
1181,1682649018116
1182,1682649018116
1183,1682649018117
1184,1682649018117
1185,1682649018117
1186,1682649018117
1187,1682649018118
1188,1682649018118
1189,1682649018118
1190,1682649018118
1191,1682649018118
1192,1682649018119
1193,1682649018119
1194,1682649018119
1195,1682649018119
1196,1682649018119
1197,1682649018120
1198,1682649018120
1199,1682649018120
1200,1682649018120
1201,1682649018120
1202,1682649018121
1203,1682649018121
1204,1682649018121
1205,1682649018121
1206,1682649018121
1207,1682649018121
1208,1682649018122
1209,1682649018122
1210,1682649018122
1211,1682649018122
1212,1682649018122
1213,1682649018122
1214,1682649018123
1215,1682649018123
1216,1682649018123
1217,1682649018123
1218,1682649018123
1219,1682649018124
1220,1682649018124
1221,1682649018244
1222,1682649018491
1223,1682649018492
1224,1682649018492
1225,1682649018492
1226,1682649018492
1227,1682649018492
1228,1682649018492
1229,1682649018492
1230,1682649018493
1231,1682649018493
1232,1682649018493
1233,1682649018493
1234,1682649018493
1235,1682649018493
1236,1682649018493
1237,1682649018493
1238,1682649018494
1239,1682649018494
1240,1682649018494
1241,1682649018494
1242,1682649018494
1243,1682649018494
1244,1682649018494
1245,1682649018494
1246,1682649018495
1247,1682649018495
1248,1682649018495
1249,1682649018495
1250,1682649018495
1251,1682649018495
1252,1682649018495
1253,1682649018495
1254,1682649018495
1255,1682649018496
1256,1682649018496
1257,1682649018496
1258,1682649018496
1259,1682649018496
1260,1682649018496
1261,1682649018496
1262,1682649018496
1263,1682649018496
1264,1682649018497
1265,1682649018497
1266,1682649018497
1267,1682649018497
1268,1682649018497
1269,1682649018497
1270,1682649018497
1271,1682649018497
1272,1682649018497
1273,1682649018498
1274,1682649018498
1275,1682649018498
1276,1682649018498
1277,1682649018498
1278,1682649018498
1279,1682649018498
1280,1682649018499
1281,1682649018499
1282,1682649018499
1283,1682649018499
1284,1682649018499
1285,1682649018499
1286,1682649018669
1287,1682649018670
1288,1682649018670
1289,1682649018671
1290,1682649018671
1291,1682649018671
1292,1682649018672
1293,1682649018672
1294,1682649018672
1295,1682649018673
1296,1682649018673
1297,1682649018673
1298,1682649018673
1299,1682649018674
1300,1682649018674
1301,1682649018674
1302,1682649018675
1303,1682649018675
1304,1682649018675
1305,1682649018675
1306,1682649018676
1307,1682649018676
1308,1682649018676
1309,1682649018676
1310,1682649018677
1311,1682649018677
1312,1682649018677
1313,1682649018678
1314,1682649018678
1315,1682649018678
1316,1682649018679
1317,1682649018679
1318,1682649018679
1319,1682649018680
1320,1682649018680
1321,1682649018680
1322,1682649018681
1323,1682649018684
1324,1682649018685
1325,1682649018685
1326,1682649018686
1327,1682649018686
1328,1682649018686
1329,1682649018687
1330,1682649018687
1331,1682649018688
1332,1682649018688
1333,1682649018688
1334,1682649018688
1335,1682649018689
1336,1682649018689
1337,1682649018689
1338,1682649018689
1339,1682649018690
1340,1682649018690
1341,1682649018690
1342,1682649018690
1343,1682649018691
1344,1682649018691
1345,1682649018691
1346,1682649018692
1347,1682649018692
1348,1682649018692
1349,1682649018692
1350,1682649018693
1351,1682649018693
1352,1682649018693
1353,1682649018695
1354,1682649018695
1355,1682649018695
1356,1682649018695
1357,1682649018696
1358,1682649018696
1359,1682649018696
1360,1682649018696
1361,1682649018696
1362,1682649018697
1363,1682649018697
1364,1682649018698
1365,1682649018701
1366,1682649018702
1367,1682649018703
1368,1682649018703
1369,1682649018704
1370,1682649018704
1371,1682649018704
1372,1682649018704
1373,1682649018705
1374,1682649018705
1375,1682649018705
1376,1682649018705
1377,1682649018705
1378,1682649018706
1379,1682649018706
1380,1682649018706
1381,1682649018707
1382,1682649018707
1383,1682649018707
1384,1682649018707
1385,1682649018708
1386,1682649018708
1387,1682649018708
1388,1682649018709
1389,1682649018709
1390,1682649018709
1391,1682649018709
1392,1682649018710
1393,1682649018710
1394,1682649018710
1395,1682649018711
1396,1682649018711
1397,1682649018712
1398,1682649018712
1399,1682649018713
1400,1682649018713
1401,1682649018713
1402,1682649018714
1403,1682649018714
1404,1682649018714
1405,1682649018715
1406,1682649018716
1407,1682649018893
1408,1682649018893
1409,1682649018893
1410,1682649018893
1411,1682649018893
1412,1682649018894
1413,1682649018894
1414,1682649018894
1415,1682649018894
1416,1682649018895
1417,1682649018895
1418,1682649018895
1419,1682649018895
1420,1682649018895
1421,1682649018896
1422,1682649018896
1423,1682649018896
1424,1682649018896
1425,1682649018897
1426,1682649018897
1427,1682649018897
1428,1682649018897
1429,1682649018900
1430,1682649018900
1431,1682649018900
1432,1682649018901
1433,1682649018902
1434,1682649018902
1435,1682649018902
1436,1682649018902
1437,1682649018902
1438,1682649018903
1439,1682649018903
1440,1682649018904
1441,1682649018904
1442,1682649018904
1443,1682649018904
1444,1682649018905
1445,1682649018905
1446,1682649018905
1447,1682649018906
1448,1682649018906
1449,1682649018906
1450,1682649018907
1451,1682649018907
1452,1682649018907
1453,1682649018907
1454,1682649018908
1455,1682649018908
1456,1682649018908
1457,1682649018908
1458,1682649018908
1459,1682649018909
1460,1682649018909
1461,1682649018909
1462,1682649018909
1463,1682649018909
1464,1682649018910
1465,1682649018910
1466,1682649018910
1467,1682649018910
1468,1682649018911
1469,1682649018911
1470,1682649018911
1471,1682649018911
1472,1682649018911
1473,1682649018912
1474,1682649018912
1475,1682649018912
1476,1682649018912
1477,1682649018913
1478,1682649018913
1479,1682649018913
1480,1682649018913
1481,1682649018914
1482,1682649018914
1483,1682649018914
1484,1682649018914
1485,1682649018915
1486,1682649018915
1487,1682649018916
1488,1682649018916
1489,1682649018917
1490,1682649018918
1491,1682649018918
1492,1682649018918
1493,1682649018919
1494,1682649018919
1495,1682649018919
1496,1682649018920
1497,1682649018920
1498,1682649018920
1499,1682649018921
1500,1682649019167
1501,1682649019167
1502,1682649019167
1503,1682649019167
1504,1682649019168
1505,1682649019168
1506,1682649019168
1507,1682649019168
1508,1682649019168
1509,1682649019168
1510,1682649019168
1511,1682649019168
1512,1682649019169
1513,1682649019169
1514,1682649019169
1515,1682649019169
1516,1682649019169
1517,1682649019169
1518,1682649019169
1519,1682649019169
1520,1682649019170
1521,1682649019170
1522,1682649019170
1523,1682649019170
1524,1682649019170
1525,1682649019170
1526,1682649019170
1527,1682649019171
1528,1682649019171
1529,1682649019171
1530,1682649019171
1531,1682649019171
1532,1682649019171
1533,1682649019171
1534,1682649019171
1535,1682649019172
1536,1682649019172
1537,1682649019172
1538,1682649019172
1539,1682649019172
1540,1682649019172
1541,1682649019173
1542,1682649019173
1543,1682649019173
1544,1682649019173
1545,1682649019173
1546,1682649019173
1547,1682649019173
1548,1682649019174
1549,1682649019174
1550,1682649019174
1551,1682649019174
1552,1682649019174
1553,1682649019174
1554,1682649019174
1555,1682649019175
1556,1682649019175
1557,1682649019175
1558,1682649019175
1559,1682649019175
1560,1682649019175
1561,1682649019175
1562,1682649019176
1563,1682649019176
1564,1682649019176
1565,1682649019176
1566,1682649019176
1567,1682649019176
1568,1682649019176
1569,1682649019176
1570,1682649019176
1571,1682649019177
1572,1682649019177
1573,1682649019177
1574,1682649019177
1575,1682649019177
1576,1682649019177
1577,1682649019177
1578,1682649019177
1579,1682649019178
1580,1682649019178
1581,1682649019178
1582,1682649019178
1583,1682649019178
1584,1682649019178
1585,1682649019178
1586,1682649019178
1587,1682649019178
1588,1682649019179
1589,1682649019179
1590,1682649019179
1591,1682649019179
1592,1682649019179
1593,1682649019179
1594,1682649019179
1595,1682649019180
1596,1682649019180
1597,1682649019180
1598,1682649019180
1599,1682649019180
1600,1682649019180
1601,1682649019180
1602,1682649019181
1603,1682649019181
1604,1682649019181
1605,1682649019181
1606,1682649019181
1607,1682649019181
1608,1682649019182
1609,1682649019182
1610,1682649019182
1611,1682649019182
1612,1682649019182
1613,1682649019182
1614,1682649019182
1615,1682649019183
1616,1682649019183
1617,1682649019183
1618,1682649019183
1619,1682649019183
1620,1682649019183
1621,1682649019183
1622,1682649019184
1623,1682649019184
1624,1682649019184
1625,1682649019184
1626,1682649019184
1627,1682649019184
1628,1682649019184
1629,1682649019184
1630,1682649019185
1631,1682649019185
1632,1682649019185
1633,1682649019185
1634,1682649019185
1635,1682649019185
1636,1682649019186
1637,1682649019186
1638,1682649019186
1639,1682649019186
1640,1682649019186
1641,1682649019186
1642,1682649019186
1643,1682649019187
1644,1682649019187
1645,1682649019187
1646,1682649019187
1647,1682649019187
1648,1682649019187
1649,1682649019188
1650,1682649019188
1651,1682649019188
1652,1682649019188
1653,1682649019188
1654,1682649019188
1655,1682649019189
1656,1682649019189
1657,1682649019189
1658,1682649019189
1659,1682649019189
1660,1682649019189
1661,1682649019189
1662,1682649019190
1663,1682649019190
1664,1682649019190
1665,1682649019190
1666,1682649019190
1667,1682649019190
1668,1682649019190
1669,1682649019191
1670,1682649019191
1671,1682649019191
1672,1682649019191
1673,1682649019191
1674,1682649019191
1675,1682649019191
1676,1682649019191
1677,1682649019191
1678,1682649019192
1679,1682649019192
1680,1682649019192
1681,1682649019192
1682,1682649019192
1683,1682649019192
1684,1682649019192
1685,1682649019193
1686,1682649019193
1687,1682649019193
1688,1682649019193
1689,1682649019193
1690,1682649019193
1691,1682649019194
1692,1682649019194
1693,1682649019194
1694,1682649019194
1695,1682649019194
1696,1682649019194
1697,1682649019195
1698,1682649019195
1699,1682649019195
1700,1682649019195
1701,1682649019195
1702,1682649019195
1703,1682649019195
1704,1682649019195
1705,1682649019195
1706,1682649019196
1707,1682649019196
1708,1682649019196
1709,1682649019196
1710,1682649019196
1711,1682649019196
1712,1682649019196
1713,1682649019196
1714,1682649019196
1715,1682649019196
1716,1682649019197
1717,1682649019197
1718,1682649019197
1719,1682649019197
1720,1682649019197
1721,1682649019197
1722,1682649019198
1723,1682649019198
1724,1682649019198
1725,1682649019198
1726,1682649019198
1727,1682649019199
1728,1682649019199
1729,1682649019199
1730,1682649019199
1731,1682649019199
1732,1682649019199
1733,1682649019200
1734,1682649019200
1735,1682649019200
1736,1682649019200
1737,1682649019200
1738,1682649019200
1739,1682649019201
1740,1682649019201
1741,1682649019201
1742,1682649019201
1743,1682649019217
1744,1682649019219
1745,1682649019220
1746,1682649019220
1747,1682649019223
1748,1682649019223
1749,1682649019223
1750,1682649019224
1751,1682649019224
1752,1682649019224
1753,1682649019224
1754,1682649019224
1755,1682649019224
1756,1682649019226
1757,1682649019226
1758,1682649019226
1759,1682649019227
1760,1682649019227
1761,1682649019227
1762,1682649019227
1763,1682649019227
1764,1682649019228
1765,1682649019229
1766,1682649019229
1767,1682649019229
1768,1682649019230
1769,1682649019230
1770,1682649019231
1771,1682649019232
1772,1682649019233
1773,1682649019233
1774,1682649019237
1775,1682649019237
1776,1682649019239
1777,1682649019240
1778,1682649019240
1779,1682649019240
1780,1682649019240
1781,1682649019240
1782,1682649019241
1783,1682649019241
1784,1682649019242
1785,1682649019243
1786,1682649019243
1787,1682649019244
1788,1682649019244
1789,1682649019245
1790,1682649019246
1791,1682649019246
1792,1682649019246
