1,1682648542439
2,1682648542440
3,1682648542443
4,1682648542444
5,1682648542445
6,1682648542446
7,1682648542453
8,1682648542622
9,1682648542623
10,1682648542625
11,1682648542626
12,1682648542708
13,1682648542708
14,1682648542708
15,1682648542709
16,1682648542709
17,1682648542709
18,1682648542710
19,1682648542710
20,1682648542710
21,1682648542711
22,1682648542711
23,1682648542711
24,1682648542712
25,1682648542712
26,1682648542712
27,1682648542712
28,1682648542713
29,1682648542713
30,1682648542713
31,1682648542714
32,1682648542714
33,1682648542714
34,1682648542715
35,1682648542907
36,1682648542908
37,1682648542908
38,1682648542908
39,1682648542909
40,1682648542909
41,1682648542909
42,1682648542910
43,1682648542910
44,1682648542910
45,1682648542911
46,1682648542911
47,1682648542911
48,1682648542912
49,1682648542912
50,1682648542912
51,1682648542912
52,1682648542913
53,1682648542913
54,1682648542913
55,1682648542913
56,1682648542914
57,1682648542914
58,1682648542914
59,1682648542914
60,1682648542915
61,1682648542915
62,1682648542915
63,1682648542916
64,1682648542916
65,1682648542917
66,1682648542917
67,1682648542918
68,1682648542918
69,1682648542919
70,1682648542919
71,1682648542919
72,1682648542920
73,1682648542920
74,1682648542920
75,1682648542920
76,1682648542921
77,1682648542921
78,1682648542921
79,1682648542921
80,1682648542922
81,1682648542922
82,1682648542922
83,1682648542922
84,1682648542923
85,1682648543007
86,1682648543008
87,1682648543008
88,1682648543008
89,1682648543008
90,1682648543009
91,1682648543009
92,1682648543009
93,1682648543009
94,1682648543010
95,1682648543010
96,1682648543010
97,1682648543010
98,1682648543011
99,1682648543011
100,1682648543011
101,1682648543011
102,1682648543012
103,1682648543252
104,1682648543252
105,1682648543253
106,1682648543254
107,1682648543255
108,1682648543256
109,1682648543256
110,1682648543257
111,1682648543258
112,1682648543258
113,1682648543259
114,1682648543259
115,1682648543260
116,1682648543260
117,1682648543261
118,1682648543261
119,1682648543262
120,1682648543263
121,1682648543264
122,1682648543269
123,1682648543270
124,1682648543271
125,1682648543272
126,1682648543273
127,1682648543273
128,1682648543274
129,1682648543276
130,1682648543277
131,1682648543278
132,1682648543479
133,1682648543480
134,1682648543480
135,1682648543481
136,1682648543489
137,1682648543490
138,1682648543491
139,1682648543492
140,1682648543493
141,1682648543494
142,1682648543494
143,1682648543495
144,1682648543495
145,1682648543496
146,1682648543496
147,1682648543496
148,1682648543497
149,1682648543497
150,1682648543498
151,1682648543500
152,1682648543502
153,1682648543505
154,1682648543506
155,1682648543507
156,1682648543507
157,1682648543507
158,1682648543508
159,1682648543508
160,1682648543509
161,1682648543509
162,1682648543510
163,1682648543511
164,1682648543512
165,1682648543512
166,1682648543512
167,1682648543713
168,1682648543713
169,1682648543714
170,1682648543714
171,1682648543718
172,1682648543719
173,1682648543720
174,1682648543721
175,1682648543721
176,1682648543722
177,1682648543722
178,1682648543723
179,1682648543724
180,1682648543724
181,1682648543725
182,1682648543725
183,1682648543725
184,1682648543726
185,1682648543726
186,1682648543726
187,1682648543727
188,1682648543727
189,1682648543727
190,1682648543727
191,1682648543728
192,1682648543728
193,1682648543728
194,1682648543729
195,1682648543730
196,1682648543731
197,1682648543735
198,1682648543735
199,1682648543736
200,1682648543737
201,1682648543737
202,1682648543738
203,1682648543739
204,1682648543740
205,1682648543740
206,1682648543741
207,1682648543741
208,1682648543742
209,1682648543743
210,1682648543743
211,1682648543744
212,1682648543744
213,1682648543745
214,1682648543745
215,1682648543746
216,1682648543746
217,1682648543747
218,1682648543747
219,1682648543751
220,1682648543752
221,1682648543752
222,1682648543753
223,1682648543753
224,1682648543753
225,1682648543753
226,1682648543754
227,1682648543754
228,1682648543754
229,1682648543755
230,1682648543755
231,1682648543755
232,1682648543756
233,1682648543756
234,1682648543756
235,1682648543757
236,1682648543757
237,1682648543758
238,1682648543758
239,1682648543759
240,1682648543759
241,1682648543759
242,1682648543760
243,1682648543760
244,1682648543761
245,1682648543762
246,1682648543762
247,1682648543763
248,1682648543763
249,1682648543763
250,1682648543764
251,1682648543764
252,1682648543764
253,1682648543766
254,1682648543767
255,1682648543768
256,1682648543774
257,1682648543775
258,1682648543776
259,1682648543777
260,1682648543778
261,1682648543778
262,1682648543779
263,1682648543781
264,1682648543782
265,1682648543784
266,1682648543784
267,1682648543785
268,1682648543785
269,1682648543785
270,1682648543786
271,1682648543786
272,1682648543786
273,1682648543787
274,1682648543787
275,1682648543788
276,1682648543788
277,1682648543789
278,1682648543789
279,1682648543789
280,1682648543790
281,1682648543790
282,1682648543791
283,1682648543791
284,1682648543792
285,1682648543792
286,1682648543793
287,1682648543793
288,1682648543793
289,1682648543794
290,1682648543794
291,1682648543795
292,1682648543795
293,1682648543796
294,1682648543796
295,1682648543796
296,1682648543797
297,1682648543961
298,1682648543961
299,1682648543961
300,1682648543961
301,1682648543962
302,1682648543962
303,1682648543962
304,1682648543962
305,1682648543962
306,1682648543962
307,1682648543962
308,1682648543963
309,1682648543963
310,1682648543963
311,1682648543963
312,1682648543963
313,1682648543963
314,1682648543963
315,1682648543963
316,1682648543964
317,1682648543964
318,1682648543964
319,1682648543964
320,1682648543964
321,1682648543964
322,1682648543965
323,1682648543965
324,1682648543965
325,1682648543966
326,1682648543966
327,1682648543967
328,1682648543967
329,1682648543968
330,1682648543969
331,1682648543969
332,1682648543969
333,1682648543969
334,1682648543970
335,1682648543970
336,1682648543971
337,1682648543971
338,1682648543971
339,1682648543972
340,1682648543972
341,1682648543972
342,1682648543973
343,1682648543973
344,1682648543974
345,1682648543974
346,1682648543975
347,1682648543975
348,1682648543975
349,1682648543976
350,1682648543976
351,1682648543976
352,1682648543977
353,1682648543977
354,1682648543977
355,1682648543977
356,1682648543977
357,1682648543978
358,1682648543978
359,1682648543978
360,1682648543978
361,1682648543979
362,1682648543979
363,1682648543979
364,1682648543979
365,1682648543979
366,1682648543979
367,1682648543980
368,1682648543980
369,1682648543980
370,1682648543980
371,1682648543980
372,1682648544236
373,1682648544237
374,1682648544237
375,1682648544237
376,1682648544237
377,1682648544237
378,1682648544238
379,1682648544238
380,1682648544238
381,1682648544238
382,1682648544238
383,1682648544239
384,1682648544239
385,1682648544239
386,1682648544239
387,1682648544239
388,1682648544239
389,1682648544240
390,1682648544240
391,1682648544240
392,1682648544240
393,1682648544240
394,1682648544240
395,1682648544241
396,1682648544241
397,1682648544241
398,1682648544241
399,1682648544241
400,1682648544241
401,1682648544241
402,1682648544242
403,1682648544242
404,1682648544242
405,1682648544242
406,1682648544242
407,1682648544242
408,1682648544242
409,1682648544243
410,1682648544243
411,1682648544243
412,1682648544243
413,1682648544243
414,1682648544243
415,1682648544243
416,1682648544244
417,1682648544244
418,1682648544244
419,1682648544244
420,1682648544244
421,1682648544244
422,1682648544244
423,1682648544245
424,1682648544245
425,1682648544245
426,1682648544245
427,1682648544245
428,1682648544245
429,1682648544246
430,1682648544246
431,1682648544246
432,1682648544246
433,1682648544246
434,1682648544246
435,1682648544246
436,1682648544247
437,1682648544247
438,1682648544247
439,1682648544247
440,1682648544247
441,1682648544247
442,1682648544247
443,1682648544247
444,1682648544248
445,1682648544248
446,1682648544248
447,1682648544249
448,1682648544250
449,1682648544250
450,1682648544251
451,1682648544251
452,1682648544252
453,1682648544252
454,1682648544253
455,1682648544253
456,1682648544253
457,1682648544253
458,1682648544253
459,1682648544254
460,1682648544448
461,1682648544449
462,1682648544449
463,1682648544449
464,1682648544450
465,1682648544450
466,1682648544450
467,1682648544450
468,1682648544451
469,1682648544451
470,1682648544451
471,1682648544451
472,1682648544451
473,1682648544452
474,1682648544452
475,1682648544452
476,1682648544452
477,1682648544452
478,1682648544452
479,1682648544452
480,1682648544453
481,1682648544453
482,1682648544453
483,1682648544453
484,1682648544453
485,1682648544454
486,1682648544454
487,1682648544454
488,1682648544454
489,1682648544457
490,1682648544457
491,1682648544458
492,1682648544458
493,1682648544458
494,1682648544458
495,1682648544459
496,1682648544459
497,1682648544459
498,1682648544460
499,1682648544460
500,1682648544460
501,1682648544460
502,1682648544461
503,1682648544461
504,1682648544461
505,1682648544461
506,1682648544462
507,1682648544462
508,1682648544462
509,1682648544462
510,1682648544463
511,1682648544463
512,1682648544463
513,1682648544463
514,1682648544607
515,1682648544607
516,1682648544607
517,1682648544607
518,1682648544607
519,1682648544608
520,1682648544608
521,1682648544608
522,1682648544608
523,1682648544608
524,1682648544609
525,1682648544609
526,1682648544609
527,1682648544609
528,1682648544609
529,1682648544610
530,1682648544610
531,1682648544610
532,1682648544610
533,1682648544610
534,1682648544611
535,1682648544611
536,1682648544611
537,1682648544611
538,1682648544612
539,1682648544612
540,1682648544612
541,1682648544612
542,1682648544612
543,1682648544613
544,1682648544613
545,1682648544613
546,1682648544613
547,1682648544614
548,1682648544614
549,1682648544614
550,1682648544615
551,1682648544615
552,1682648544616
553,1682648544616
554,1682648544616
555,1682648544616
556,1682648544616
557,1682648544617
558,1682648544617
559,1682648544617
560,1682648544617
561,1682648544618
562,1682648544618
563,1682648544746
564,1682648544746
565,1682648544746
566,1682648544747
567,1682648544747
568,1682648544747
569,1682648544747
570,1682648544747
571,1682648544749
572,1682648544749
573,1682648544750
574,1682648544750
575,1682648544750
576,1682648544751
577,1682648544751
578,1682648544751
579,1682648544752
580,1682648544752
581,1682648544752
582,1682648544752
583,1682648544753
584,1682648544753
585,1682648544753
586,1682648544753
587,1682648544754
588,1682648544754
589,1682648544754
590,1682648544754
591,1682648544755
592,1682648544755
593,1682648544755
594,1682648544755
595,1682648544756
596,1682648544756
597,1682648544756
598,1682648544756
599,1682648544756
600,1682648544757
601,1682648544757
602,1682648544757
603,1682648544757
604,1682648544757
605,1682648544758
606,1682648544758
607,1682648544758
608,1682648544758
609,1682648544758
610,1682648544759
611,1682648544759
612,1682648544839
613,1682648544839
614,1682648544839
615,1682648544839
616,1682648544839
617,1682648544839
618,1682648544840
619,1682648544840
620,1682648544840
621,1682648544840
622,1682648544840
623,1682648544840
624,1682648544840
625,1682648544840
626,1682648544840
627,1682648544840
628,1682648544841
629,1682648544841
630,1682648544841
631,1682648544841
632,1682648544841
633,1682648544841
634,1682648544841
635,1682648544841
636,1682648544841
637,1682648544842
638,1682648544842
639,1682648544842
640,1682648544842
641,1682648544842
642,1682648544842
643,1682648544842
644,1682648544843
645,1682648544843
646,1682648544843
647,1682648544843
648,1682648544843
649,1682648544843
650,1682648544844
651,1682648544844
652,1682648544844
653,1682648544844
654,1682648544844
655,1682648544844
656,1682648544844
657,1682648544959
658,1682648544959
659,1682648544959
660,1682648544960
661,1682648544960
662,1682648544960
663,1682648544960
664,1682648544960
665,1682648544960
666,1682648544960
667,1682648544960
668,1682648544960
669,1682648544961
670,1682648544961
671,1682648544961
672,1682648544961
673,1682648544961
674,1682648544961
675,1682648544961
676,1682648544961
677,1682648544961
678,1682648544962
679,1682648544962
680,1682648544962
681,1682648544962
682,1682648544962
683,1682648544962
684,1682648544962
685,1682648544962
686,1682648544963
687,1682648544963
688,1682648544963
689,1682648544963
690,1682648544963
691,1682648544963
692,1682648544964
693,1682648544964
694,1682648544964
695,1682648544964
696,1682648544964
697,1682648544964
698,1682648544965
699,1682648544965
700,1682648544965
701,1682648544965
702,1682648544965
703,1682648544965
704,1682648544965
705,1682648544966
706,1682648544966
707,1682648544966
708,1682648544966
709,1682648544966
710,1682648544966
711,1682648544966
712,1682648544967
713,1682648544967
714,1682648544967
715,1682648544967
716,1682648544967
717,1682648544967
718,1682648544967
719,1682648544968
720,1682648544968
721,1682648544968
722,1682648544968
723,1682648544968
724,1682648544968
725,1682648544969
726,1682648544969
727,1682648544969
728,1682648544969
729,1682648545218
730,1682648545218
731,1682648545218
732,1682648545218
733,1682648545218
734,1682648545219
735,1682648545219
736,1682648545219
737,1682648545219
738,1682648545220
739,1682648545220
740,1682648545220
741,1682648545220
742,1682648545220
743,1682648545221
744,1682648545221
745,1682648545221
746,1682648545221
747,1682648545221
748,1682648545222
749,1682648545222
750,1682648545222
751,1682648545222
752,1682648545222
753,1682648545226
754,1682648545226
755,1682648545226
756,1682648545226
757,1682648545226
758,1682648545227
759,1682648545227
760,1682648545227
761,1682648545227
762,1682648545227
763,1682648545228
764,1682648545228
765,1682648545228
766,1682648545228
767,1682648545228
768,1682648545228
769,1682648545229
770,1682648545229
771,1682648545229
772,1682648545229
773,1682648545229
774,1682648545230
775,1682648545230
776,1682648545230
777,1682648545230
778,1682648545230
779,1682648545230
780,1682648545230
781,1682648545231
782,1682648545231
783,1682648545231
784,1682648545231
785,1682648545231
786,1682648545232
787,1682648545232
788,1682648545232
789,1682648545232
790,1682648545232
791,1682648545233
792,1682648545233
793,1682648545233
794,1682648545233
795,1682648545233
796,1682648545234
797,1682648545234
798,1682648545234
799,1682648545234
800,1682648545234
801,1682648545235
802,1682648545235
803,1682648545235
804,1682648545235
805,1682648545235
806,1682648545235
807,1682648545236
808,1682648545236
809,1682648545236
810,1682648545236
811,1682648545236
812,1682648545236
813,1682648545236
814,1682648545236
815,1682648545237
816,1682648545237
817,1682648545237
818,1682648545237
819,1682648545237
820,1682648545237
821,1682648545237
822,1682648545238
823,1682648545238
824,1682648545238
825,1682648545238
826,1682648545238
827,1682648545238
828,1682648545238
829,1682648545238
830,1682648545239
831,1682648545239
832,1682648545239
833,1682648545239
834,1682648545239
835,1682648545239
836,1682648545239
837,1682648545239
838,1682648545240
839,1682648545240
840,1682648545240
841,1682648545240
842,1682648545240
843,1682648545240
844,1682648545240
845,1682648545240
846,1682648545241
847,1682648545241
848,1682648545241
849,1682648545241
850,1682648545241
851,1682648545241
852,1682648545241
853,1682648545241
854,1682648545242
855,1682648545242
856,1682648545242
857,1682648545242
858,1682648545242
859,1682648545242
860,1682648545242
861,1682648545242
862,1682648545243
863,1682648545243
864,1682648545243
865,1682648545243
866,1682648545243
867,1682648545243
868,1682648545456
869,1682648545457
870,1682648545457
871,1682648545457
872,1682648545457
873,1682648545457
874,1682648545457
875,1682648545457
876,1682648545457
877,1682648545458
878,1682648545458
879,1682648545458
880,1682648545458
881,1682648545458
882,1682648545459
883,1682648545459
884,1682648545460
885,1682648545460
886,1682648545460
887,1682648545460
888,1682648545460
889,1682648545460
890,1682648545461
891,1682648545461
892,1682648545461
893,1682648545464
894,1682648545464
895,1682648545464
896,1682648545465
897,1682648545465
898,1682648545465
899,1682648545465
900,1682648545466
901,1682648545466
902,1682648545466
903,1682648545466
904,1682648545467
905,1682648545467
906,1682648545467
907,1682648545467
908,1682648545468
909,1682648545468
910,1682648545468
911,1682648545468
912,1682648545468
913,1682648545468
914,1682648545469
915,1682648545469
916,1682648545469
917,1682648545469
918,1682648545470
919,1682648545470
920,1682648545470
921,1682648545470
922,1682648545470
923,1682648545471
924,1682648545471
925,1682648545471
926,1682648545471
927,1682648545471
928,1682648545472
929,1682648545472
930,1682648545472
931,1682648545472
932,1682648545472
933,1682648545472
934,1682648545473
935,1682648545473
936,1682648545473
937,1682648545473
938,1682648545473
939,1682648545473
940,1682648545474
941,1682648545474
942,1682648545474
943,1682648545474
944,1682648545474
945,1682648545474
946,1682648545475
947,1682648545475
948,1682648545475
949,1682648545475
950,1682648545475
951,1682648545475
952,1682648545475
953,1682648545476
954,1682648545476
955,1682648545476
956,1682648545476
957,1682648545476
958,1682648545476
959,1682648545476
960,1682648545476
961,1682648545477
962,1682648545477
963,1682648545477
964,1682648545477
965,1682648545477
966,1682648545477
967,1682648545477
968,1682648545477
969,1682648545477
970,1682648545478
971,1682648545478
972,1682648545478
973,1682648545478
974,1682648545478
975,1682648545478
976,1682648545478
977,1682648545478
978,1682648545479
979,1682648545479
980,1682648545479
981,1682648545479
982,1682648545479
983,1682648545479
984,1682648545479
985,1682648545480
986,1682648545480
987,1682648545480
988,1682648545480
989,1682648545480
990,1682648545481
991,1682648545481
992,1682648545481
993,1682648545481
994,1682648545481
995,1682648545481
996,1682648545482
997,1682648545482
998,1682648545482
999,1682648545482
1000,1682648545482
1001,1682648545482
1002,1682648545483
1003,1682648545483
1004,1682648545483
1005,1682648545483
1006,1682648545483
1007,1682648545484
1008,1682648545484
1009,1682648545484
1010,1682648545484
1011,1682648545485
1012,1682648545485
1013,1682648545485
1014,1682648545485
1015,1682648545485
1016,1682648545486
1017,1682648545486
1018,1682648545628
1019,1682648545628
1020,1682648545628
1021,1682648545628
1022,1682648545628
1023,1682648545629
1024,1682648545629
1025,1682648545629
1026,1682648545629
1027,1682648545630
1028,1682648545630
1029,1682648545630
1030,1682648545630
1031,1682648545631
1032,1682648545633
1033,1682648545633
1034,1682648545633
1035,1682648545634
1036,1682648545634
1037,1682648545634
1038,1682648545635
1039,1682648545635
1040,1682648545635
1041,1682648545635
1042,1682648545636
1043,1682648545636
1044,1682648545636
1045,1682648545636
1046,1682648545637
1047,1682648545637
1048,1682648545637
1049,1682648545637
1050,1682648545638
1051,1682648545638
1052,1682648545638
1053,1682648545638
1054,1682648545638
1055,1682648545639
1056,1682648545639
1057,1682648545639
1058,1682648545639
1059,1682648545639
1060,1682648545639
1061,1682648545640
1062,1682648545640
1063,1682648545640
1064,1682648545640
1065,1682648545640
1066,1682648545641
1067,1682648545641
1068,1682648545641
1069,1682648545641
1070,1682648545642
1071,1682648545642
1072,1682648545642
1073,1682648545642
1074,1682648545643
1075,1682648545643
1076,1682648545643
1077,1682648545643
1078,1682648545644
1079,1682648545644
1080,1682648545644
1081,1682648545644
1082,1682648545644
1083,1682648545645
1084,1682648545650
1085,1682648545858
1086,1682648545858
1087,1682648545859
1088,1682648545859
1089,1682648545859
1090,1682648545859
1091,1682648545860
1092,1682648545860
1093,1682648545861
1094,1682648545861
1095,1682648545861
1096,1682648545861
1097,1682648545862
1098,1682648545862
1099,1682648545862
1100,1682648545862
1101,1682648545863
1102,1682648545863
1103,1682648545863
1104,1682648545863
1105,1682648545864
1106,1682648545864
1107,1682648545864
1108,1682648545864
1109,1682648545865
1110,1682648545865
1111,1682648545865
1112,1682648545866
1113,1682648545866
1114,1682648545866
1115,1682648545867
1116,1682648545867
1117,1682648545868
1118,1682648545868
1119,1682648545868
1120,1682648545868
1121,1682648545869
1122,1682648545869
1123,1682648545869
1124,1682648545870
1125,1682648545870
1126,1682648545871
1127,1682648545871
1128,1682648545871
1129,1682648545872
1130,1682648545872
1131,1682648545873
1132,1682648545873
1133,1682648545873
1134,1682648545873
1135,1682648545873
1136,1682648545874
1137,1682648545874
1138,1682648545885
1139,1682648545888
1140,1682648545890
1141,1682648545890
1142,1682648545891
1143,1682648545891
1144,1682648545892
1145,1682648545892
1146,1682648545893
1147,1682648545895
1148,1682648545895
1149,1682648545896
1150,1682648545903
1151,1682648545904
1152,1682648545904
1153,1682648545904
1154,1682648545905
1155,1682648545905
1156,1682648545905
1157,1682648545906
1158,1682648545906
1159,1682648545906
1160,1682648545906
1161,1682648545907
1162,1682648545907
1163,1682648545907
1164,1682648545907
1165,1682648545908
1166,1682648545908
1167,1682648545909
1168,1682648545909
1169,1682648545909
1170,1682648545910
1171,1682648545910
1172,1682648545910
1173,1682648545911
1174,1682648545911
1175,1682648545911
1176,1682648545912
1177,1682648545912
1178,1682648545912
1179,1682648545913
1180,1682648545913
1181,1682648545913
1182,1682648545918
1183,1682648545918
1184,1682648545918
1185,1682648545919
1186,1682648545919
1187,1682648545919
1188,1682648545920
1189,1682648545920
1190,1682648545921
1191,1682648545921
1192,1682648545921
1193,1682648545922
1194,1682648545922
1195,1682648545924
1196,1682648545926
1197,1682648545929
1198,1682648545930
1199,1682648545934
1200,1682648545939
1201,1682648545942
1202,1682648545942
1203,1682648545943
1204,1682648545943
1205,1682648545945
1206,1682648545945
1207,1682648545947
1208,1682648545947
1209,1682648545948
1210,1682648545949
1211,1682648545951
1212,1682648545954
1213,1682648545954
1214,1682648545956
1215,1682648545959
1216,1682648545960
1217,1682648545961
1218,1682648545962
1219,1682648545963
1220,1682648545963
1221,1682648545964
1222,1682648545964
1223,1682648545965
1224,1682648545966
1225,1682648545967
1226,1682648545968
1227,1682648545968
1228,1682648545970
1229,1682648545971
1230,1682648545972
1231,1682648545973
1232,1682648545973
1233,1682648545974
1234,1682648545974
1235,1682648545975
1236,1682648545975
1237,1682648545976
1238,1682648545976
1239,1682648545976
1240,1682648545977
1241,1682648545978
1242,1682648545978
1243,1682648545979
1244,1682648545979
1245,1682648545980
1246,1682648545980
1247,1682648545981
1248,1682648545981
1249,1682648545982
1250,1682648545984
1251,1682648545985
1252,1682648545985
1253,1682648545986
1254,1682648545986
1255,1682648545987
1256,1682648545988
1257,1682648545988
1258,1682648545989
1259,1682648545990
1260,1682648545991
1261,1682648545991
1262,1682648545992
1263,1682648545993
1264,1682648545995
1265,1682648545995
1266,1682648545996
1267,1682648546000
1268,1682648546001
1269,1682648546001
1270,1682648546002
1271,1682648546003
1272,1682648546004
1273,1682648546005
1274,1682648546006
1275,1682648546006
1276,1682648546006
1277,1682648546007
1278,1682648546007
1279,1682648546008
1280,1682648546008
