1,1682648590000
2,1682648590006
3,1682648590014
4,1682648590016
5,1682648590018
6,1682648590026
7,1682648590030
8,1682648590032
9,1682648590034
10,1682648590036
11,1682648590041
12,1682648590043
13,1682648590044
14,1682648590045
15,1682648592473
16,1682648592474
17,1682648592475
18,1682648592476
19,1682648592477
20,1682648592477
21,1682648592478
22,1682648592479
23,1682648592480
24,1682648592480
25,1682648592481
26,1682648592482
27,1682648592483
28,1682648592484
29,1682648592484
30,1682648592485
31,1682648592489
32,1682648592490
33,1682648592491
34,1682648592492
35,1682648592492
36,1682648592493
37,1682648592494
38,1682648592495
39,1682648592496
40,1682648592497
41,1682648592498
42,1682648592499
43,1682648592500
44,1682648592501
45,1682648592501
46,1682648592502
47,1682648592504
48,1682648592504
49,1682648592506
50,1682648592507
51,1682648592508
52,1682648592508
53,1682648592509
54,1682648592509
55,1682648592510
56,1682648592511
57,1682648592512
58,1682648592512
59,1682648592513
60,1682648592513
61,1682648592514
62,1682648592515
63,1682648592515
64,1682648592516
65,1682648592517
66,1682648592517
67,1682648592518
68,1682648592518
69,1682648592519
70,1682648592519
71,1682648592520
72,1682648592521
73,1682648592522
74,1682648592523
75,1682648592523
76,1682648592524
77,1682648592525
78,1682648592525
79,1682648592528
80,1682648592528
81,1682648592529
82,1682648592530
83,1682648592530
84,1682648592531
85,1682648592531
86,1682648592532
87,1682648592532
88,1682648592533
89,1682648592533
90,1682648592534
91,1682648592534
92,1682648592535
93,1682648592535
94,1682648592536
95,1682648592536
96,1682648592537
97,1682648592537
98,1682648592538
99,1682648592538
100,1682648592539
101,1682648592540
102,1682648592540
103,1682648592541
104,1682648592542
105,1682648592544
106,1682648592545
107,1682648592545
108,1682648592546
109,1682648592547
110,1682648592547
111,1682648592548
112,1682648592548
113,1682648592549
114,1682648592549
115,1682648592550
116,1682648592557
117,1682648592558
118,1682648592561
119,1682648592562
120,1682648592566
121,1682648592568
122,1682648592568
123,1682648592575
124,1682648592577
125,1682648592578
126,1682648592579
127,1682648592580
128,1682648592581
129,1682648592582
130,1682648592583
131,1682648592584
132,1682648592584
133,1682648592585
134,1682648592586
135,1682648592590
136,1682648592590
137,1682648592591
138,1682648592592
139,1682648592592
140,1682648592593
141,1682648592593
142,1682648592594
143,1682648592594
144,1682648592595
145,1682648592595
146,1682648592595
147,1682648592597
148,1682648592597
149,1682648592598
150,1682648592599
151,1682648592602
152,1682648592603
153,1682648592605
154,1682648592606
155,1682648592607
156,1682648592609
157,1682648592610
158,1682648592611
159,1682648592611
160,1682648592612
161,1682648592612
162,1682648592612
163,1682648592613
164,1682648592613
165,1682648592613
166,1682648592614
167,1682648592614
168,1682648592614
169,1682648592615
170,1682648592615
171,1682648592615
172,1682648592616
173,1682648592616
174,1682648592616
175,1682648592617
176,1682648592617
177,1682648592617
178,1682648592618
179,1682648592618
180,1682648592619
181,1682648592622
182,1682648592623
183,1682648592623
184,1682648592624
185,1682648592624
186,1682648592625
187,1682648592625
188,1682648592626
189,1682648592626
190,1682648592626
191,1682648592627
192,1682648592627
193,1682648592628
194,1682648592628
195,1682648592629
196,1682648592629
197,1682648592630
198,1682648592630
199,1682648592631
200,1682648592632
201,1682648592632
202,1682648592633
203,1682648592633
204,1682648592634
205,1682648592634
206,1682648592635
207,1682648592635
208,1682648592636
209,1682648592636
210,1682648592637
211,1682648592637
212,1682648592638
213,1682648592644
214,1682648592645
215,1682648592645
216,1682648592645
217,1682648592645
218,1682648592646
219,1682648592650
220,1682648592652
221,1682648592656
222,1682648592656
223,1682648592656
224,1682648592657
225,1682648592657
226,1682648592658
227,1682648592658
228,1682648592659
229,1682648592659
230,1682648592659
231,1682648592660
232,1682648592660
233,1682648592660
234,1682648592660
235,1682648592661
236,1682648592661
237,1682648592662
238,1682648592662
239,1682648592663
240,1682648592673
241,1682648592677
242,1682648592677
243,1682648592678
244,1682648592681
245,1682648592681
246,1682648592682
247,1682648592682
248,1682648592683
249,1682648592684
250,1682648592684
251,1682648592685
252,1682648592686
253,1682648592690
254,1682648592690
255,1682648592691
256,1682648592691
257,1682648592691
258,1682648592692
259,1682648592692
260,1682648592692
261,1682648592693
262,1682648592693
263,1682648592693
264,1682648592694
265,1682648592694
266,1682648592694
267,1682648592695
268,1682648592695
269,1682648592695
270,1682648592696
271,1682648592696
272,1682648592696
273,1682648592697
274,1682648592697
275,1682648592697
276,1682648592698
277,1682648592698
278,1682648592698
279,1682648592698
280,1682648592699
281,1682648592699
282,1682648592699
283,1682648592700
284,1682648592700
285,1682648592700
286,1682648592701
287,1682648592701
288,1682648592701
289,1682648592702
290,1682648592702
291,1682648592702
292,1682648592706
293,1682648592707
294,1682648592707
295,1682648592707
296,1682648592708
297,1682648592708
298,1682648592709
299,1682648592709
300,1682648592709
301,1682648592710
302,1682648592710
303,1682648592710
304,1682648592710
305,1682648592711
306,1682648592711
307,1682648592711
308,1682648592711
309,1682648592712
310,1682648592712
311,1682648592712
312,1682648592712
313,1682648592712
314,1682648592713
315,1682648592713
316,1682648592713
317,1682648592713
318,1682648592714
319,1682648592714
320,1682648592714
321,1682648592714
322,1682648592715
323,1682648592715
324,1682648592715
325,1682648592715
326,1682648592716
327,1682648592716
328,1682648592716
329,1682648592716
330,1682648592717
331,1682648592717
332,1682648592717
333,1682648592717
334,1682648592718
335,1682648592718
336,1682648592718
337,1682648592718
338,1682648592719
339,1682648592719
340,1682648592719
341,1682648592720
342,1682648592720
343,1682648592720
344,1682648592721
345,1682648592721
346,1682648592721
347,1682648592722
348,1682648592722
349,1682648592723
350,1682648592723
351,1682648592723
352,1682648592724
353,1682648592724
354,1682648592724
355,1682648592724
356,1682648592725
357,1682648592725
358,1682648592725
359,1682648592725
360,1682648592725
361,1682648592726
362,1682648592726
363,1682648592726
364,1682648592726
365,1682648592726
366,1682648592726
367,1682648592727
368,1682648592727
369,1682648592727
370,1682648592727
371,1682648592727
372,1682648592728
373,1682648592728
374,1682648592728
375,1682648592728
376,1682648592728
377,1682648592728
378,1682648592729
379,1682648592729
380,1682648592729
381,1682648592729
382,1682648592730
383,1682648592730
384,1682648592730
385,1682648592730
386,1682648592730
387,1682648592731
388,1682648592731
389,1682648592731
390,1682648592732
391,1682648592732
392,1682648592732
393,1682648592733
394,1682648592733
395,1682648592734
396,1682648592734
397,1682648592734
398,1682648592734
399,1682648592735
400,1682648592735
401,1682648592736
402,1682648592737
403,1682648592737
404,1682648592738
405,1682648592738
406,1682648592738
407,1682648592739
408,1682648592739
409,1682648592740
410,1682648592740
411,1682648592740
412,1682648592740
413,1682648592741
414,1682648592741
415,1682648592741
416,1682648592741
417,1682648592742
418,1682648592742
419,1682648592742
420,1682648592742
421,1682648592743
422,1682648592743
423,1682648592743
424,1682648592743
425,1682648592743
426,1682648592744
427,1682648592744
428,1682648592744
429,1682648592745
430,1682648592745
431,1682648592745
432,1682648592745
433,1682648592745
434,1682648592746
435,1682648592746
436,1682648592746
437,1682648592746
438,1682648592747
439,1682648592747
440,1682648592747
441,1682648592747
442,1682648592747
443,1682648592748
444,1682648592748
445,1682648592748
446,1682648592748
447,1682648592749
448,1682648592749
449,1682648592749
450,1682648592749
451,1682648592749
452,1682648592750
453,1682648592751
454,1682648592751
455,1682648592751
456,1682648592756
457,1682648592757
458,1682648592757
459,1682648592757
460,1682648592758
461,1682648592758
462,1682648592758
463,1682648592758
464,1682648592759
465,1682648592759
466,1682648592759
467,1682648592759
468,1682648592760
469,1682648592760
470,1682648592760
471,1682648592760
472,1682648592760
473,1682648592761
474,1682648592761
475,1682648592761
476,1682648592761
477,1682648592761
478,1682648592762
479,1682648592762
480,1682648592762
481,1682648592762
482,1682648592762
483,1682648592763
484,1682648592763
485,1682648592763
486,1682648592763
487,1682648592764
488,1682648592764
489,1682648592764
490,1682648592765
491,1682648592765
492,1682648592765
493,1682648592766
494,1682648592766
495,1682648592766
496,1682648592767
497,1682648592767
498,1682648592767
499,1682648592768
500,1682648592768
501,1682648592768
502,1682648592769
503,1682648592769
504,1682648592774
505,1682648592774
506,1682648592774
507,1682648592775
508,1682648592775
509,1682648592775
510,1682648592775
511,1682648592775
512,1682648592776
513,1682648592776
514,1682648592776
515,1682648592776
516,1682648592776
517,1682648592777
518,1682648592777
519,1682648592777
520,1682648592777
521,1682648592777
522,1682648592777
523,1682648592778
524,1682648592778
525,1682648592778
526,1682648592778
527,1682648592778
528,1682648592779
529,1682648592779
530,1682648592779
531,1682648592779
532,1682648592779
533,1682648592779
534,1682648592780
535,1682648592780
536,1682648592780
537,1682648592780
538,1682648592780
539,1682648592781
540,1682648592781
541,1682648592781
542,1682648592781
543,1682648592781
544,1682648592782
545,1682648592782
546,1682648592782
547,1682648592782
548,1682648592783
549,1682648592783
550,1682648592783
551,1682648592784
552,1682648592784
553,1682648592784
554,1682648592784
555,1682648592785
556,1682648592785
557,1682648592785
558,1682648592785
559,1682648592786
560,1682648592786
561,1682648592786
562,1682648592786
563,1682648592787
564,1682648592787
565,1682648592787
566,1682648592787
567,1682648592788
568,1682648592788
569,1682648592788
570,1682648592788
571,1682648592789
572,1682648592789
573,1682648592789
574,1682648592790
575,1682648592790
576,1682648592790
577,1682648592790
578,1682648592791
579,1682648592791
580,1682648592791
581,1682648592791
582,1682648592792
583,1682648592792
584,1682648592792
585,1682648592793
586,1682648592793
587,1682648592793
588,1682648592794
589,1682648592794
590,1682648592794
591,1682648592795
592,1682648592795
593,1682648592795
594,1682648592795
595,1682648592796
596,1682648592796
597,1682648592796
598,1682648592797
599,1682648592797
600,1682648592797
601,1682648592797
602,1682648592798
603,1682648592798
604,1682648592798
605,1682648592798
606,1682648592798
607,1682648592799
608,1682648592799
609,1682648592799
610,1682648592799
611,1682648592799
612,1682648592799
613,1682648592800
614,1682648592800
615,1682648592800
616,1682648592800
617,1682648592800
618,1682648592800
619,1682648592800
620,1682648592801
621,1682648592801
622,1682648592801
623,1682648592801
624,1682648592802
625,1682648592802
626,1682648592802
627,1682648592802
628,1682648592802
629,1682648592802
630,1682648592803
631,1682648592803
632,1682648592803
633,1682648592803
634,1682648592803
635,1682648592803
636,1682648592804
637,1682648592804
638,1682648592804
639,1682648592804
640,1682648592804
641,1682648592805
642,1682648592805
643,1682648592805
644,1682648592805
645,1682648592806
646,1682648592806
647,1682648592806
648,1682648592807
649,1682648592807
650,1682648592807
651,1682648592808
652,1682648592808
653,1682648592808
654,1682648592808
655,1682648592808
656,1682648592809
657,1682648592809
658,1682648592809
659,1682648592809
660,1682648592809
661,1682648592810
662,1682648592810
663,1682648592810
664,1682648592810
665,1682648592811
666,1682648592811
667,1682648592811
668,1682648592811
669,1682648592812
670,1682648592812
671,1682648592812
672,1682648592813
673,1682648592813
674,1682648592813
675,1682648592813
676,1682648592814
677,1682648592814
678,1682648592814
679,1682648592814
680,1682648592814
681,1682648592815
682,1682648592815
683,1682648592815
684,1682648592815
685,1682648592815
686,1682648592815
687,1682648592816
688,1682648592816
689,1682648592816
690,1682648592816
691,1682648592816
692,1682648592816
693,1682648592817
694,1682648592817
695,1682648592817
696,1682648592817
697,1682648592818
698,1682648592818
699,1682648592818
700,1682648592818
701,1682648592818
702,1682648592818
703,1682648592819
704,1682648592819
705,1682648592819
706,1682648592819
707,1682648592819
708,1682648592819
709,1682648592819
710,1682648592820
711,1682648592820
712,1682648592820
713,1682648592820
714,1682648592820
715,1682648592820
716,1682648592821
717,1682648592821
718,1682648592821
719,1682648592821
720,1682648592822
721,1682648592822
722,1682648592822
723,1682648592822
724,1682648592822
725,1682648592823
726,1682648592823
727,1682648592823
728,1682648592823
729,1682648592823
730,1682648592824
731,1682648592824
732,1682648592824
733,1682648592824
734,1682648592824
735,1682648592824
736,1682648592825
737,1682648592825
738,1682648592825
739,1682648592825
740,1682648592825
741,1682648592826
742,1682648592826
743,1682648592826
744,1682648592826
745,1682648592826
746,1682648592827
747,1682648592827
748,1682648592827
749,1682648592827
750,1682648592827
751,1682648592828
752,1682648592828
753,1682648592828
754,1682648592828
755,1682648592828
756,1682648592828
757,1682648592828
758,1682648592829
759,1682648592829
760,1682648592829
761,1682648592829
762,1682648592829
763,1682648592829
764,1682648592829
765,1682648592830
766,1682648592830
767,1682648592830
768,1682648592830
769,1682648592830
770,1682648592830
771,1682648592830
772,1682648592831
773,1682648592831
774,1682648592831
775,1682648592831
776,1682648592831
777,1682648592831
778,1682648592831
779,1682648592832
780,1682648592832
781,1682648592832
782,1682648592832
783,1682648592832
784,1682648592832
785,1682648592833
786,1682648592833
787,1682648592833
788,1682648592833
789,1682648592833
790,1682648592833
791,1682648592834
792,1682648592834
793,1682648592834
794,1682648592834
795,1682648592834
796,1682648592834
797,1682648592835
798,1682648592835
799,1682648592835
800,1682648592835
801,1682648592835
802,1682648592835
803,1682648592835
804,1682648592836
805,1682648592836
806,1682648592836
807,1682648592836
808,1682648592836
809,1682648592836
810,1682648592836
811,1682648592837
812,1682648592837
813,1682648592837
814,1682648592837
815,1682648592837
816,1682648592838
817,1682648592838
818,1682648592838
819,1682648592838
820,1682648592838
821,1682648592839
822,1682648592839
823,1682648592839
824,1682648592839
825,1682648592839
826,1682648592840
827,1682648592840
828,1682648592840
829,1682648592840
830,1682648592840
831,1682648592840
832,1682648592841
833,1682648592841
834,1682648592841
835,1682648592841
836,1682648592841
837,1682648592842
838,1682648592842
839,1682648592842
840,1682648592842
841,1682648592843
842,1682648592843
843,1682648592843
844,1682648592843
845,1682648592844
846,1682648592844
847,1682648592844
848,1682648592844
849,1682648592845
850,1682648592845
851,1682648592845
852,1682648592845
853,1682648592846
854,1682648592846
855,1682648592846
856,1682648592846
857,1682648592846
858,1682648592847
859,1682648592847
860,1682648592847
861,1682648592847
862,1682648592847
863,1682648592848
864,1682648592848
865,1682648592848
866,1682648592848
867,1682648592848
868,1682648592848
869,1682648592849
870,1682648592849
871,1682648592849
872,1682648592849
873,1682648592849
874,1682648592849
875,1682648592849
876,1682648592849
877,1682648592850
878,1682648592850
879,1682648592850
880,1682648592850
881,1682648592850
882,1682648592851
883,1682648592851
884,1682648592851
885,1682648592851
886,1682648592851
887,1682648592852
888,1682648592852
889,1682648592852
890,1682648592852
891,1682648592853
892,1682648592853
893,1682648592853
894,1682648592853
895,1682648592854
896,1682648592854
897,1682648592854
898,1682648592854
899,1682648592854
900,1682648592854
901,1682648592855
902,1682648592855
903,1682648592855
904,1682648592855
905,1682648592855
906,1682648592855
907,1682648592855
908,1682648592856
909,1682648592856
910,1682648592856
911,1682648592856
912,1682648592856
913,1682648592856
914,1682648592856
915,1682648592856
916,1682648592857
917,1682648592857
918,1682648592857
919,1682648592857
920,1682648592857
921,1682648592857
922,1682648592857
923,1682648592857
924,1682648592858
925,1682648592858
926,1682648592858
927,1682648592858
928,1682648592858
929,1682648592858
930,1682648592858
931,1682648592859
932,1682648592859
933,1682648592859
934,1682648592859
935,1682648592859
936,1682648592860
937,1682648592860
938,1682648592860
939,1682648592860
940,1682648592860
941,1682648592861
942,1682648592861
943,1682648592863
944,1682648592864
945,1682648592864
946,1682648592864
947,1682648592864
948,1682648592864
949,1682648592864
950,1682648592865
951,1682648592865
952,1682648592865
953,1682648592865
954,1682648592865
955,1682648592865
956,1682648592865
957,1682648592865
958,1682648592866
959,1682648592866
960,1682648592866
961,1682648592866
962,1682648592866
963,1682648592866
964,1682648592866
965,1682648592866
966,1682648592867
967,1682648592867
968,1682648592867
969,1682648592867
970,1682648592867
971,1682648592867
972,1682648592867
973,1682648592867
974,1682648592868
975,1682648592868
976,1682648592868
977,1682648592868
978,1682648592868
979,1682648592868
980,1682648592868
981,1682648592868
982,1682648592869
983,1682648592869
984,1682648592869
985,1682648592869
986,1682648592869
987,1682648592869
988,1682648592869
989,1682648592870
990,1682648592870
991,1682648592870
992,1682648592870
993,1682648592870
994,1682648592870
995,1682648592871
996,1682648592871
997,1682648592871
998,1682648592871
999,1682648592871
1000,1682648592872
1001,1682648592872
1002,1682648592872
1003,1682648592872
1004,1682648592872
1005,1682648592872
1006,1682648592873
1007,1682648592873
1008,1682648592873
1009,1682648592873
1010,1682648592873
1011,1682648592873
1012,1682648592874
1013,1682648592874
1014,1682648592874
1015,1682648592874
1016,1682648592874
1017,1682648592874
1018,1682648592875
1019,1682648592875
1020,1682648592875
1021,1682648592875
1022,1682648592875
1023,1682648592875
1024,1682648592875
1025,1682648592875
1026,1682648592876
1027,1682648592876
1028,1682648592876
1029,1682648592876
1030,1682648592876
1031,1682648592876
1032,1682648592876
1033,1682648592877
1034,1682648592877
1035,1682648592877
1036,1682648592877
1037,1682648592877
1038,1682648592877
1039,1682648592877
1040,1682648592878
1041,1682648592878
1042,1682648592878
1043,1682648592878
1044,1682648592878
1045,1682648592878
1046,1682648592878
1047,1682648592879
1048,1682648592879
1049,1682648592879
1050,1682648592879
1051,1682648592879
1052,1682648592879
1053,1682648592879
1054,1682648592879
1055,1682648592880
1056,1682648592880
1057,1682648592880
1058,1682648592880
1059,1682648592880
1060,1682648592880
1061,1682648592880
1062,1682648592880
1063,1682648592881
1064,1682648592881
1065,1682648592881
1066,1682648592881
1067,1682648592881
1068,1682648592881
1069,1682648592881
1070,1682648592881
1071,1682648592881
1072,1682648592882
1073,1682648592882
1074,1682648592882
1075,1682648592882
1076,1682648592882
1077,1682648592882
1078,1682648592882
1079,1682648592883
1080,1682648592883
1081,1682648592883
1082,1682648592883
1083,1682648592883
1084,1682648592883
1085,1682648592883
1086,1682648592883
1087,1682648592884
1088,1682648592884
1089,1682648592884
1090,1682648592884
1091,1682648592884
1092,1682648592884
1093,1682648592884
1094,1682648592885
1095,1682648592885
1096,1682648592885
1097,1682648592885
1098,1682648592885
1099,1682648592885
1100,1682648592885
1101,1682648592886
1102,1682648592886
1103,1682648592886
1104,1682648592886
1105,1682648592886
1106,1682648592887
1107,1682648592887
1108,1682648592887
1109,1682648592887
1110,1682648592887
1111,1682648592887
1112,1682648592887
1113,1682648592888
1114,1682648592888
1115,1682648592888
1116,1682648592888
1117,1682648592888
1118,1682648592888
1119,1682648592889
1120,1682648592889
1121,1682648592889
1122,1682648592889
1123,1682648592889
1124,1682648592889
1125,1682648592889
1126,1682648592890
1127,1682648592890
1128,1682648592890
1129,1682648592890
1130,1682648592890
1131,1682648592890
1132,1682648592891
1133,1682648592891
1134,1682648592891
1135,1682648592891
1136,1682648592891
1137,1682648592891
1138,1682648592892
1139,1682648592892
1140,1682648592892
1141,1682648592892
1142,1682648592892
1143,1682648592892
1144,1682648592893
1145,1682648592893
1146,1682648592893
1147,1682648592893
1148,1682648592893
1149,1682648592894
1150,1682648592894
1151,1682648592894
1152,1682648592894
1153,1682648592894
1154,1682648592894
1155,1682648592894
1156,1682648592894
1157,1682648592894
1158,1682648592895
1159,1682648592895
1160,1682648592895
1161,1682648592895
1162,1682648592895
1163,1682648592895
1164,1682648592895
1165,1682648592895
1166,1682648592895
1167,1682648592896
1168,1682648592896
1169,1682648592896
1170,1682648592896
1171,1682648592896
1172,1682648592896
1173,1682648592896
1174,1682648592896
1175,1682648592897
1176,1682648592897
1177,1682648592897
1178,1682648592897
1179,1682648592897
1180,1682648592897
1181,1682648592897
1182,1682648592898
1183,1682648592898
1184,1682648592898
1185,1682648592898
1186,1682648592898
1187,1682648592898
1188,1682648592898
1189,1682648592899
1190,1682648592899
1191,1682648592899
1192,1682648592899
1193,1682648592899
1194,1682648592899
1195,1682648592899
1196,1682648592900
1197,1682648592900
1198,1682648592900
1199,1682648592900
1200,1682648592900
1201,1682648592900
1202,1682648592900
1203,1682648592900
1204,1682648592901
1205,1682648592901
1206,1682648592901
1207,1682648592901
1208,1682648592901
1209,1682648592901
1210,1682648592901
1211,1682648592901
1212,1682648592901
1213,1682648592902
1214,1682648592902
1215,1682648592902
1216,1682648592902
1217,1682648592902
1218,1682648592902
1219,1682648592902
1220,1682648592903
1221,1682648592903
1222,1682648592903
1223,1682648592903
1224,1682648592903
1225,1682648592903
1226,1682648592904
1227,1682648592904
1228,1682648592904
1229,1682648592904
1230,1682648592905
1231,1682648592905
1232,1682648592905
1233,1682648592905
1234,1682648592906
1235,1682648592906
1236,1682648592906
1237,1682648592906
1238,1682648592906
1239,1682648592906
1240,1682648592906
1241,1682648592907
1242,1682648592907
1243,1682648592907
1244,1682648592907
1245,1682648592907
1246,1682648592907
1247,1682648592908
1248,1682648592908
1249,1682648592908
1250,1682648592908
1251,1682648592909
1252,1682648592909
1253,1682648592909
1254,1682648592909
1255,1682648592909
1256,1682648592910
1257,1682648592910
1258,1682648592910
1259,1682648592910
1260,1682648592910
1261,1682648592911
1262,1682648592911
1263,1682648592911
1264,1682648592911
1265,1682648592911
1266,1682648592911
1267,1682648592911
1268,1682648592912
1269,1682648592912
1270,1682648592912
1271,1682648592912
1272,1682648592912
1273,1682648592912
1274,1682648592913
1275,1682648592913
1276,1682648592913
1277,1682648592913
1278,1682648592913
1279,1682648592914
1280,1682648592914
