1,1682648245471
2,1682648245475
3,1682648245480
4,1682648245484
5,1682648245488
6,1682648245493
7,1682648245499
8,1682648245503
9,1682648245512
10,1682648245516
11,1682648245520
12,1682648245530
13,1682648245534
14,1682648245538
15,1682648245545
16,1682648245549
17,1682648245554
18,1682648245561
19,1682648245563
20,1682648245563
21,1682648245564
22,1682648245565
23,1682648245566
24,1682648245566
25,1682648245567
26,1682648245568
27,1682648245568
28,1682648245569
29,1682648245570
30,1682648245570
31,1682648245571
32,1682648245575
33,1682648245576
34,1682648245578
35,1682648245579
36,1682648245580
37,1682648245581
38,1682648245581
39,1682648245582
40,1682648245583
41,1682648245583
42,1682648245584
43,1682648245585
44,1682648245586
45,1682648245586
46,1682648245587
47,1682648245587
48,1682648245591
49,1682648245592
50,1682648245593
51,1682648245594
52,1682648245594
53,1682648245595
54,1682648245596
55,1682648245596
56,1682648245597
57,1682648245598
58,1682648245599
59,1682648245602
60,1682648245603
61,1682648245604
62,1682648245604
63,1682648245609
64,1682648245610
65,1682648245610
66,1682648245611
67,1682648245611
68,1682648245612
69,1682648245612
70,1682648245613
71,1682648245613
72,1682648245614
73,1682648245614
74,1682648245615
75,1682648245616
76,1682648245617
77,1682648245617
78,1682648245620
79,1682648245621
80,1682648245622
81,1682648245623
82,1682648245624
83,1682648245626
84,1682648245629
85,1682648245630
86,1682648245631
87,1682648245632
88,1682648245635
89,1682648245639
90,1682648245641
91,1682648245642
92,1682648245642
93,1682648245643
94,1682648245644
95,1682648245644
96,1682648245645
97,1682648245645
98,1682648245646
99,1682648245646
100,1682648245647
101,1682648245647
102,1682648245648
103,1682648245648
104,1682648245649
105,1682648245649
106,1682648245650
107,1682648245650
108,1682648245651
109,1682648245651
110,1682648245652
111,1682648245652
112,1682648245653
113,1682648245653
114,1682648245654
115,1682648245654
116,1682648245654
117,1682648245655
118,1682648245655
119,1682648245656
120,1682648245656
121,1682648245658
122,1682648245659
123,1682648245660
124,1682648245660
125,1682648245661
126,1682648245662
127,1682648245662
128,1682648245663
129,1682648245663
130,1682648245664
131,1682648245664
132,1682648245665
133,1682648245666
134,1682648245666
135,1682648245667
136,1682648245668
137,1682648245668
138,1682648245669
139,1682648245670
140,1682648245670
141,1682648245670
142,1682648245671
143,1682648245672
144,1682648245673
145,1682648245674
146,1682648245674
147,1682648245675
148,1682648245675
149,1682648245676
150,1682648245676
151,1682648245677
152,1682648245677
153,1682648245678
154,1682648245678
155,1682648245678
156,1682648245679
157,1682648245679
158,1682648245679
159,1682648245680
160,1682648245680
161,1682648245680
162,1682648245680
163,1682648245681
164,1682648245681
165,1682648245681
166,1682648245682
167,1682648245682
168,1682648245682
169,1682648245683
170,1682648245683
171,1682648245683
172,1682648245683
173,1682648245684
174,1682648245684
175,1682648245684
176,1682648245684
177,1682648245685
178,1682648245685
179,1682648245686
180,1682648245686
181,1682648245686
182,1682648245687
183,1682648245687
184,1682648245687
185,1682648245688
186,1682648245688
187,1682648245689
188,1682648245689
189,1682648245690
190,1682648245690
191,1682648245691
192,1682648245691
193,1682648245692
194,1682648245693
195,1682648245693
196,1682648245693
197,1682648245694
198,1682648245694
199,1682648245695
200,1682648245695
201,1682648245695
202,1682648245696
203,1682648245696
204,1682648245696
205,1682648245696
206,1682648245697
207,1682648245697
208,1682648245697
209,1682648245698
210,1682648245698
211,1682648245698
212,1682648245698
213,1682648245699
214,1682648245699
215,1682648245699
216,1682648245700
217,1682648245700
218,1682648245700
219,1682648245701
220,1682648245701
221,1682648245701
222,1682648245701
223,1682648245702
224,1682648245702
225,1682648245702
226,1682648245703
227,1682648245703
228,1682648245703
229,1682648245704
230,1682648245704
231,1682648245704
232,1682648245705
233,1682648245705
234,1682648245706
235,1682648245706
236,1682648245706
237,1682648245707
238,1682648245707
239,1682648245708
240,1682648245709
241,1682648245709
242,1682648245709
243,1682648245710
244,1682648245710
245,1682648245711
246,1682648245711
247,1682648245711
248,1682648245712
249,1682648245712
250,1682648245713
251,1682648245713
252,1682648245714
253,1682648245714
254,1682648245714
255,1682648245715
256,1682648245715
257,1682648245715
258,1682648245716
259,1682648245716
260,1682648245716
261,1682648245717
262,1682648245717
263,1682648245717
264,1682648245718
265,1682648245718
266,1682648245718
267,1682648245718
268,1682648245719
269,1682648245719
270,1682648245719
271,1682648245719
272,1682648245720
273,1682648245720
274,1682648245720
275,1682648245721
276,1682648245721
277,1682648245721
278,1682648245722
279,1682648245722
280,1682648245723
281,1682648245723
282,1682648245724
283,1682648245724
284,1682648245724
285,1682648245725
286,1682648245726
287,1682648245726
288,1682648245731
289,1682648245731
290,1682648245732
291,1682648245732
292,1682648245732
293,1682648245733
294,1682648245733
295,1682648245733
296,1682648245733
297,1682648245733
298,1682648245734
299,1682648245734
300,1682648245734
301,1682648245735
302,1682648245735
303,1682648245735
304,1682648245735
305,1682648245736
306,1682648245736
307,1682648245736
308,1682648245736
309,1682648245736
310,1682648245737
311,1682648245737
312,1682648245737
313,1682648245737
314,1682648245737
315,1682648245738
316,1682648245738
317,1682648245738
318,1682648245738
319,1682648245738
320,1682648245739
321,1682648245739
322,1682648245739
323,1682648245739
324,1682648245740
325,1682648245740
326,1682648245740
327,1682648245740
328,1682648245741
329,1682648245741
330,1682648245741
331,1682648245741
332,1682648245741
333,1682648245742
334,1682648245742
335,1682648245742
336,1682648245742
337,1682648245743
338,1682648245743
339,1682648245743
340,1682648245743
341,1682648245743
342,1682648245744
343,1682648245744
344,1682648245744
345,1682648245744
346,1682648245745
347,1682648245745
348,1682648245745
349,1682648245745
350,1682648245746
351,1682648245746
352,1682648245746
353,1682648245746
354,1682648245746
355,1682648245747
356,1682648245747
357,1682648245747
358,1682648245747
359,1682648245747
360,1682648245747
361,1682648245748
362,1682648245748
363,1682648245748
364,1682648245748
365,1682648245748
366,1682648245748
367,1682648245749
368,1682648245749
369,1682648245749
370,1682648245749
371,1682648245749
372,1682648245749
373,1682648245749
374,1682648245750
375,1682648245750
376,1682648245750
377,1682648245750
378,1682648245750
379,1682648245750
380,1682648245750
381,1682648245751
382,1682648245751
383,1682648245751
384,1682648245751
385,1682648245751
386,1682648245752
387,1682648245752
388,1682648245752
389,1682648245752
390,1682648245753
391,1682648245753
392,1682648245753
393,1682648245753
394,1682648245753
395,1682648245754
396,1682648245754
397,1682648245754
398,1682648245754
399,1682648245754
400,1682648245754
401,1682648245755
402,1682648245755
403,1682648245755
404,1682648245755
405,1682648245756
406,1682648245756
407,1682648245756
408,1682648245756
409,1682648245756
410,1682648245757
411,1682648245757
412,1682648245757
413,1682648245757
414,1682648245758
415,1682648245758
416,1682648245758
417,1682648245758
418,1682648245758
419,1682648245759
420,1682648245759
421,1682648245759
422,1682648245759
423,1682648245760
424,1682648245760
425,1682648245760
426,1682648245760
427,1682648245761
428,1682648245761
429,1682648245761
430,1682648245761
431,1682648245762
432,1682648245762
433,1682648245762
434,1682648245763
435,1682648245763
436,1682648245763
437,1682648245763
438,1682648245763
439,1682648245764
440,1682648245764
441,1682648245764
442,1682648245764
443,1682648245765
444,1682648245765
445,1682648245765
446,1682648245766
447,1682648245766
448,1682648245766
449,1682648245767
450,1682648245767
451,1682648245767
452,1682648245767
453,1682648245767
454,1682648245768
455,1682648245768
456,1682648245768
457,1682648245768
458,1682648245768
459,1682648245769
460,1682648245769
461,1682648245769
462,1682648245769
463,1682648245770
464,1682648245770
465,1682648245770
466,1682648245770
467,1682648245770
468,1682648245771
469,1682648245771
470,1682648245771
471,1682648245771
472,1682648245771
473,1682648245772
474,1682648245772
475,1682648245772
476,1682648245772
477,1682648245773
478,1682648245773
479,1682648245773
480,1682648245773
481,1682648245774
482,1682648245774
483,1682648245774
484,1682648245775
485,1682648245775
486,1682648245775
487,1682648245776
488,1682648245776
489,1682648245776
490,1682648245776
491,1682648245776
492,1682648245777
493,1682648245777
494,1682648245777
495,1682648245777
496,1682648245777
497,1682648245777
498,1682648245778
499,1682648245778
500,1682648245778
501,1682648245778
502,1682648245778
503,1682648245778
504,1682648245778
505,1682648245779
506,1682648245779
507,1682648245779
508,1682648245779
509,1682648245779
510,1682648245779
511,1682648245779
512,1682648245780
513,1682648245780
514,1682648245780
515,1682648245780
516,1682648245780
517,1682648245780
518,1682648245781
519,1682648245781
520,1682648245781
521,1682648245781
522,1682648245781
523,1682648245781
524,1682648245782
525,1682648245782
526,1682648245782
527,1682648245782
528,1682648245782
529,1682648245782
530,1682648245783
531,1682648245783
532,1682648245783
533,1682648245783
534,1682648245783
535,1682648245784
536,1682648245784
537,1682648245784
538,1682648245784
539,1682648245784
540,1682648245784
541,1682648245784
542,1682648245785
543,1682648245785
544,1682648245785
545,1682648245785
546,1682648245785
547,1682648245786
548,1682648245786
549,1682648245786
550,1682648245786
551,1682648245786
552,1682648245786
553,1682648245786
554,1682648245787
555,1682648245787
556,1682648245787
557,1682648245787
558,1682648245787
559,1682648245787
560,1682648245787
561,1682648245787
562,1682648245788
563,1682648245788
564,1682648245788
565,1682648245788
566,1682648245788
567,1682648245788
568,1682648245789
569,1682648245789
570,1682648245789
571,1682648245789
572,1682648245789
573,1682648245789
574,1682648245789
575,1682648245790
576,1682648245790
577,1682648245790
578,1682648245790
579,1682648245790
580,1682648245790
581,1682648245791
582,1682648245791
583,1682648245791
584,1682648245791
585,1682648245791
586,1682648245792
587,1682648245792
588,1682648245792
589,1682648245792
590,1682648245792
591,1682648245792
592,1682648245792
593,1682648245793
594,1682648245793
595,1682648245793
596,1682648245793
597,1682648245793
598,1682648245793
599,1682648245794
600,1682648245794
601,1682648245794
602,1682648245794
603,1682648245794
604,1682648245794
605,1682648245794
606,1682648245794
607,1682648245795
608,1682648245795
609,1682648245795
610,1682648245795
611,1682648245795
612,1682648245795
613,1682648245795
614,1682648245795
615,1682648245796
616,1682648245796
617,1682648245796
618,1682648245796
619,1682648245796
620,1682648245796
621,1682648245796
622,1682648245797
623,1682648245797
624,1682648245797
625,1682648245797
626,1682648245797
627,1682648245797
628,1682648245797
629,1682648245797
630,1682648245798
631,1682648245798
632,1682648245798
633,1682648245798
634,1682648245798
635,1682648245798
636,1682648245799
637,1682648245799
638,1682648245799
639,1682648245799
640,1682648245799
641,1682648245800
642,1682648245800
643,1682648245800
644,1682648245800
645,1682648245801
646,1682648245801
647,1682648245801
648,1682648245801
649,1682648245801
650,1682648245801
651,1682648245802
652,1682648245802
653,1682648245802
654,1682648245802
655,1682648245802
656,1682648245802
657,1682648245802
658,1682648245802
659,1682648245802
660,1682648245802
661,1682648245803
662,1682648245803
663,1682648245803
664,1682648245803
665,1682648245803
666,1682648245803
667,1682648245803
668,1682648245803
669,1682648245804
670,1682648245804
671,1682648245804
672,1682648245804
673,1682648245804
674,1682648245804
675,1682648245804
676,1682648245804
677,1682648245805
678,1682648245805
679,1682648245805
680,1682648245805
681,1682648245805
682,1682648245805
683,1682648245806
684,1682648245806
685,1682648245806
686,1682648245806
687,1682648245806
688,1682648245806
689,1682648245806
690,1682648245807
691,1682648245807
692,1682648245807
693,1682648245807
694,1682648245807
695,1682648245807
696,1682648245808
697,1682648245808
698,1682648245808
699,1682648245808
700,1682648245808
701,1682648245808
702,1682648245808
703,1682648245808
704,1682648245809
705,1682648245809
706,1682648245809
707,1682648245809
708,1682648245809
709,1682648245809
710,1682648245809
711,1682648245809
712,1682648245810
713,1682648245810
714,1682648245810
715,1682648245810
716,1682648245810
717,1682648245810
718,1682648245810
719,1682648245811
720,1682648245811
721,1682648245811
722,1682648245811
723,1682648245811
724,1682648245811
725,1682648245811
726,1682648245812
727,1682648245812
728,1682648245812
729,1682648245812
730,1682648245812
731,1682648245812
732,1682648245812
733,1682648245813
734,1682648245813
735,1682648245813
736,1682648245813
737,1682648245813
738,1682648245813
739,1682648245813
740,1682648245813
741,1682648245814
742,1682648245814
743,1682648245814
744,1682648245814
745,1682648245814
746,1682648245814
747,1682648245814
748,1682648245814
749,1682648245815
750,1682648245815
751,1682648245815
752,1682648245815
753,1682648245815
754,1682648245815
755,1682648245815
756,1682648245815
757,1682648245815
758,1682648245816
759,1682648245816
760,1682648245816
761,1682648245816
762,1682648245816
763,1682648245816
764,1682648245816
765,1682648245816
766,1682648245816
767,1682648245816
768,1682648245817
