1,1682647817016
2,1682647817018
3,1682647817019
4,1682647817020
5,1682647817021
6,1682647817022
7,1682647817024
8,1682647817025
9,1682647817026
10,1682647817027
11,1682647817028
12,1682647817029
13,1682647817030
14,1682647817030
15,1682647817031
16,1682647817032
17,1682647817032
18,1682647817032
19,1682647817033
20,1682647817033
21,1682647817034
22,1682647817034
23,1682647817035
24,1682647817036
25,1682647817036
26,1682647817037
27,1682647817037
28,1682647817038
29,1682647817038
30,1682647817039
31,1682647817040
32,1682647817041
33,1682647817041
34,1682647817042
35,1682647817043
36,1682647817043
37,1682647817044
38,1682647817045
39,1682647817046
40,1682647817047
41,1682647817048
42,1682647817048
43,1682647817049
44,1682647817050
45,1682647817051
46,1682647817139
47,1682647817140
48,1682647817140
49,1682647817141
50,1682647817146
51,1682647817146
52,1682647817161
53,1682647817161
54,1682647817162
55,1682647817162
56,1682647817163
57,1682647817164
58,1682647817184
59,1682647817184
60,1682647817184
61,1682647817185
62,1682647817185
63,1682647817185
64,1682647817185
65,1682647817185
66,1682647817186
67,1682647817186
68,1682647817186
69,1682647817186
70,1682647817186
71,1682647817187
72,1682647817187
73,1682647817187
74,1682647817202
75,1682647817203
76,1682647817203
77,1682647817207
78,1682647817207
79,1682647817208
80,1682647817208
81,1682647817208
82,1682647817209
83,1682647817209
84,1682647817214
85,1682647817214
86,1682647817214
87,1682647817214
88,1682647817215
89,1682647817215
90,1682647817223
91,1682647817223
92,1682647817224
93,1682647817225
94,1682647817226
95,1682647817242
96,1682647817242
97,1682647817243
98,1682647817243
99,1682647817245
100,1682647817245
101,1682647817245
102,1682647817246
103,1682647817246
104,1682647817247
105,1682647817247
106,1682647817247
107,1682647817248
108,1682647817248
109,1682647817249
110,1682647817254
111,1682647817254
112,1682647817255
113,1682647817255
114,1682647817255
115,1682647817255
116,1682647817256
117,1682647817285
118,1682647817286
119,1682647817286
120,1682647817286
121,1682647817287
122,1682647817287
123,1682647817287
124,1682647817287
125,1682647817288
126,1682647817288
127,1682647817288
128,1682647817288
