1,1682649134166
2,1682649134174
3,1682649134177
4,1682649134182
5,1682649134184
6,1682649134411
7,1682649134412
8,1682649134413
9,1682649134414
10,1682649134416
11,1682649134417
12,1682649134419
13,1682649134421
14,1682649134423
15,1682649134424
16,1682649134425
17,1682649134427
18,1682649134428
19,1682649134429
20,1682649134430
21,1682649134867
22,1682649134868
23,1682649134868
24,1682649134869
25,1682649134869
26,1682649134870
27,1682649134870
28,1682649134871
29,1682649134872
30,1682649134872
31,1682649134873
32,1682649134873
33,1682649134874
34,1682649134874
35,1682649134875
36,1682649134875
37,1682649134876
38,1682649134876
39,1682649134876
40,1682649134877
41,1682649134877
42,1682649134878
43,1682649134878
44,1682649134879
45,1682649134879
46,1682649134879
47,1682649134880
48,1682649134880
49,1682649134881
50,1682649134881
51,1682649134882
52,1682649134882
53,1682649134882
54,1682649134883
55,1682649134883
56,1682649134883
57,1682649134883
58,1682649134884
59,1682649134884
60,1682649134885
61,1682649134885
62,1682649134885
63,1682649134886
64,1682649135335
65,1682649135337
66,1682649135340
67,1682649135341
68,1682649135341
69,1682649135342
70,1682649135343
71,1682649135343
72,1682649135344
73,1682649135345
74,1682649135345
75,1682649135346
76,1682649135347
77,1682649135347
78,1682649135348
79,1682649135350
80,1682649135351
81,1682649135351
82,1682649135355
83,1682649135356
84,1682649135357
85,1682649135359
86,1682649135362
87,1682649135363
88,1682649135365
89,1682649135366
90,1682649135367
91,1682649135368
92,1682649135369
93,1682649135370
94,1682649135371
95,1682649135371
96,1682649135372
97,1682649135373
98,1682649135374
99,1682649135375
100,1682649135376
101,1682649135377
102,1682649135377
103,1682649135378
104,1682649135378
105,1682649135379
106,1682649135379
107,1682649135380
108,1682649135381
109,1682649135381
110,1682649135382
111,1682649135383
112,1682649135383
113,1682649135384
114,1682649135385
115,1682649135385
116,1682649135387
117,1682649135390
118,1682649135391
119,1682649135392
120,1682649135393
121,1682649135394
122,1682649135395
123,1682649135396
124,1682649135396
125,1682649135397
126,1682649135397
127,1682649135398
128,1682649135399
129,1682649135400
130,1682649135400
131,1682649135401
132,1682649135401
133,1682649135402
134,1682649135402
135,1682649135403
136,1682649135403
137,1682649135404
138,1682649135404
139,1682649135405
140,1682649135406
141,1682649135406
142,1682649135407
143,1682649135407
144,1682649135407
145,1682649135408
146,1682649135408
147,1682649135409
148,1682649135409
149,1682649135409
150,1682649135413
151,1682649135413
152,1682649135414
153,1682649135414
154,1682649135415
155,1682649135415
156,1682649135416
157,1682649135416
158,1682649135417
159,1682649135417
160,1682649135417
161,1682649135418
162,1682649135419
163,1682649136132
164,1682649136133
165,1682649136133
166,1682649136134
167,1682649136134
168,1682649136135
169,1682649136135
170,1682649136136
171,1682649136136
172,1682649136137
173,1682649136137
174,1682649136138
175,1682649136138
176,1682649136139
177,1682649136139
178,1682649136139
179,1682649136140
180,1682649136140
181,1682649136141
182,1682649136141
183,1682649136142
184,1682649136142
185,1682649136142
186,1682649136143
187,1682649136143
188,1682649136144
189,1682649136144
190,1682649136145
191,1682649136145
192,1682649136145
193,1682649136146
194,1682649136146
195,1682649136147
196,1682649136147
197,1682649136148
198,1682649136148
199,1682649136148
200,1682649136149
201,1682649136149
202,1682649136150
203,1682649136150
204,1682649136150
205,1682649136151
206,1682649136151
207,1682649136151
208,1682649136152
209,1682649136152
210,1682649136153
211,1682649136153
212,1682649136153
213,1682649136154
214,1682649136154
215,1682649136155
216,1682649136155
217,1682649136156
218,1682649136156
219,1682649136156
220,1682649136157
221,1682649136157
222,1682649136158
223,1682649136158
224,1682649136158
225,1682649136159
226,1682649136159
227,1682649136160
228,1682649136160
229,1682649136161
230,1682649136161
231,1682649136162
232,1682649136162
233,1682649136162
234,1682649136163
235,1682649136163
236,1682649136164
237,1682649136164
238,1682649136164
239,1682649136164
240,1682649136165
241,1682649136165
242,1682649136166
243,1682649136166
244,1682649136166
245,1682649136167
246,1682649136167
247,1682649136168
248,1682649136168
249,1682649136168
250,1682649136169
251,1682649136169
252,1682649136170
253,1682649136170
254,1682649136171
255,1682649136171
256,1682649136171
257,1682649136172
258,1682649136172
259,1682649136172
260,1682649136173
261,1682649136173
262,1682649136173
263,1682649136174
264,1682649136174
265,1682649136174
266,1682649136174
267,1682649136175
268,1682649136175
269,1682649136175
270,1682649136175
271,1682649136176
272,1682649136176
273,1682649136176
274,1682649136176
275,1682649136177
276,1682649136177
277,1682649136177
278,1682649136177
279,1682649136177
280,1682649136178
281,1682649136178
282,1682649136178
283,1682649136179
284,1682649136179
285,1682649136179
286,1682649136179
287,1682649136180
288,1682649136180
289,1682649136180
290,1682649136181
291,1682649136181
292,1682649136181
293,1682649136182
294,1682649136182
295,1682649136182
296,1682649136182
297,1682649136182
298,1682649136183
299,1682649136183
300,1682649136183
301,1682649136500
302,1682649136500
303,1682649136501
304,1682649136501
305,1682649136501
306,1682649136501
307,1682649136502
308,1682649136502
309,1682649136502
310,1682649136502
311,1682649136502
312,1682649136503
313,1682649136503
314,1682649136503
315,1682649136503
316,1682649136504
317,1682649136504
318,1682649136504
319,1682649136505
320,1682649136505
321,1682649136505
322,1682649136505
323,1682649136506
324,1682649136506
325,1682649136506
326,1682649136507
327,1682649136507
328,1682649136507
329,1682649136507
330,1682649136508
331,1682649136508
332,1682649136508
333,1682649136508
334,1682649136508
335,1682649136509
336,1682649136509
337,1682649136509
338,1682649136509
339,1682649136509
340,1682649136509
341,1682649136510
342,1682649136510
343,1682649136510
344,1682649136510
345,1682649136510
346,1682649136511
347,1682649136511
348,1682649136511
349,1682649136512
350,1682649136512
351,1682649136512
352,1682649136512
353,1682649136513
354,1682649136513
355,1682649136513
356,1682649136513
357,1682649136514
358,1682649136514
359,1682649136514
360,1682649136514
361,1682649136514
362,1682649136515
363,1682649136515
364,1682649136515
365,1682649136515
366,1682649136516
367,1682649136516
368,1682649136516
369,1682649136516
370,1682649136516
371,1682649136517
372,1682649136517
373,1682649136517
374,1682649136517
375,1682649136518
376,1682649136518
377,1682649136518
378,1682649136519
379,1682649136519
380,1682649136520
381,1682649136520
382,1682649136520
383,1682649136521
384,1682649136521
385,1682649136522
386,1682649136522
387,1682649136523
388,1682649136523
389,1682649136523
390,1682649136523
391,1682649136524
392,1682649136524
393,1682649136524
394,1682649136524
395,1682649136525
396,1682649136525
397,1682649136525
398,1682649136526
399,1682649136526
400,1682649136526
401,1682649136526
402,1682649136526
403,1682649136527
404,1682649136527
405,1682649136527
406,1682649136527
407,1682649136527
408,1682649136528
409,1682649136528
410,1682649136528
411,1682649136528
412,1682649136528
413,1682649136529
414,1682649136529
415,1682649136529
416,1682649136529
417,1682649136529
418,1682649136530
419,1682649136530
420,1682649136530
421,1682649136530
422,1682649136530
423,1682649136530
424,1682649136531
425,1682649136531
426,1682649136531
427,1682649136531
428,1682649136531
429,1682649136532
430,1682649136532
431,1682649136532
432,1682649136532
433,1682649136533
434,1682649136533
435,1682649136533
436,1682649136534
437,1682649136534
438,1682649136534
439,1682649136534
440,1682649136535
441,1682649136535
442,1682649136535
443,1682649136537
444,1682649136538
445,1682649136539
446,1682649136539
447,1682649136539
448,1682649136540
449,1682649136540
450,1682649136540
451,1682649136541
452,1682649136541
453,1682649136541
454,1682649136541
455,1682649136541
456,1682649136541
457,1682649136542
458,1682649136542
459,1682649136542
460,1682649136542
461,1682649136542
462,1682649136542
463,1682649136543
464,1682649136543
465,1682649136543
466,1682649136543
467,1682649136543
468,1682649136544
469,1682649136544
470,1682649136544
471,1682649136544
472,1682649136544
473,1682649136544
474,1682649136544
475,1682649136544
476,1682649136545
477,1682649136545
478,1682649136545
479,1682649136545
480,1682649136545
481,1682649136545
482,1682649136545
483,1682649136546
484,1682649136546
485,1682649136546
486,1682649136546
487,1682649136546
488,1682649136546
489,1682649136547
490,1682649136547
491,1682649136547
492,1682649136547
493,1682649136547
494,1682649136547
495,1682649136547
496,1682649136548
497,1682649136548
498,1682649136548
499,1682649136548
500,1682649136548
501,1682649136548
502,1682649136549
503,1682649136549
504,1682649136549
505,1682649136549
506,1682649136549
507,1682649136549
508,1682649136550
509,1682649136550
510,1682649136550
511,1682649136550
512,1682649136550
513,1682649136551
514,1682649136551
515,1682649136551
516,1682649136551
517,1682649136551
518,1682649136552
519,1682649136552
520,1682649136552
521,1682649136552
522,1682649136552
523,1682649136553
524,1682649136554
525,1682649136556
526,1682649136556
527,1682649136557
528,1682649136557
529,1682649136558
530,1682649136558
531,1682649136558
532,1682649136558
533,1682649136559
534,1682649136559
535,1682649136559
536,1682649136560
537,1682649136560
538,1682649136560
539,1682649136560
540,1682649136560
541,1682649136561
542,1682649136561
543,1682649136561
544,1682649136561
545,1682649136562
546,1682649136562
547,1682649136562
548,1682649136562
549,1682649136563
550,1682649136563
551,1682649136563
552,1682649136563
553,1682649136564
554,1682649136564
555,1682649136564
556,1682649136564
557,1682649136564
558,1682649136564
559,1682649136564
560,1682649136565
561,1682649136565
562,1682649136565
563,1682649136565
564,1682649136565
565,1682649136565
566,1682649136565
567,1682649136566
568,1682649136566
569,1682649136566
570,1682649136566
571,1682649136566
572,1682649136566
573,1682649136566
574,1682649136566
575,1682649136567
576,1682649136567
577,1682649136567
578,1682649136567
579,1682649136567
580,1682649136567
581,1682649136567
582,1682649136568
583,1682649136568
584,1682649136568
585,1682649136568
586,1682649136568
587,1682649136568
588,1682649136569
589,1682649136569
590,1682649136569
591,1682649136569
592,1682649136570
593,1682649136570
594,1682649136570
595,1682649136574
596,1682649136574
597,1682649136575
598,1682649136575
599,1682649136575
600,1682649136575
601,1682649136576
602,1682649136576
603,1682649136576
604,1682649136576
605,1682649136576
606,1682649136576
607,1682649136576
608,1682649136576
609,1682649136577
610,1682649136577
611,1682649136577
612,1682649136577
613,1682649136577
614,1682649136577
615,1682649136577
616,1682649136577
617,1682649136578
618,1682649136578
619,1682649136578
620,1682649136578
621,1682649136578
622,1682649136578
623,1682649136578
624,1682649136579
625,1682649136579
626,1682649136579
627,1682649136579
628,1682649136579
629,1682649136579
630,1682649136579
631,1682649136579
632,1682649136580
633,1682649136580
634,1682649136580
635,1682649136715
636,1682649136715
637,1682649136715
638,1682649136716
639,1682649136716
640,1682649136716
641,1682649136716
642,1682649136716
643,1682649136716
644,1682649136716
645,1682649136717
646,1682649136717
647,1682649136717
648,1682649136717
649,1682649136717
650,1682649136717
651,1682649136717
652,1682649136717
653,1682649136718
654,1682649136718
655,1682649136718
656,1682649136718
657,1682649136718
658,1682649136718
659,1682649136718
660,1682649136718
661,1682649136718
662,1682649136718
663,1682649136718
664,1682649136719
665,1682649136719
666,1682649136719
667,1682649136719
668,1682649136719
669,1682649136719
670,1682649136719
671,1682649136719
672,1682649136720
673,1682649136720
674,1682649136720
675,1682649136720
676,1682649136720
677,1682649136720
678,1682649136721
679,1682649136721
680,1682649136721
681,1682649136721
682,1682649136721
683,1682649136721
684,1682649136721
685,1682649136722
686,1682649136722
687,1682649136722
688,1682649136722
689,1682649136722
690,1682649136722
691,1682649136722
692,1682649136722
693,1682649136723
694,1682649136723
695,1682649136723
696,1682649136723
697,1682649136724
698,1682649136724
699,1682649136724
700,1682649136724
701,1682649136724
702,1682649136725
703,1682649136725
704,1682649136725
705,1682649136725
706,1682649136725
707,1682649136726
708,1682649136726
709,1682649136726
710,1682649136726
711,1682649136726
712,1682649136726
713,1682649136727
714,1682649136727
715,1682649136727
716,1682649136727
717,1682649136727
718,1682649136728
719,1682649136728
720,1682649136728
721,1682649136728
722,1682649136728
723,1682649136728
724,1682649136728
725,1682649136729
726,1682649136729
727,1682649136729
728,1682649136729
729,1682649136729
730,1682649136729
731,1682649136729
732,1682649136729
733,1682649136730
734,1682649136730
735,1682649136730
736,1682649136730
737,1682649136730
738,1682649136730
739,1682649136730
740,1682649136730
741,1682649136730
742,1682649136731
743,1682649136731
744,1682649136731
745,1682649136731
746,1682649136731
747,1682649136731
748,1682649136732
749,1682649136732
750,1682649136732
751,1682649136732
752,1682649136732
753,1682649136732
754,1682649136732
755,1682649136732
756,1682649136733
757,1682649136733
758,1682649136733
759,1682649136733
760,1682649136733
761,1682649136733
762,1682649136733
763,1682649136733
764,1682649136733
765,1682649136734
766,1682649136734
767,1682649136734
768,1682649136734
769,1682649136734
770,1682649136734
771,1682649136734
772,1682649136734
773,1682649136734
774,1682649136735
775,1682649136735
776,1682649136735
777,1682649136735
778,1682649136735
779,1682649136735
780,1682649136735
781,1682649136736
782,1682649136736
783,1682649136736
784,1682649136736
785,1682649136736
786,1682649136737
787,1682649136737
788,1682649136737
789,1682649136738
790,1682649136738
791,1682649136738
792,1682649136738
793,1682649136739
794,1682649136739
795,1682649136739
796,1682649136739
797,1682649136740
798,1682649136740
799,1682649136740
800,1682649136740
801,1682649136741
802,1682649136741
803,1682649136741
804,1682649136741
805,1682649136741
806,1682649136744
807,1682649136744
808,1682649136744
809,1682649136745
810,1682649136745
811,1682649136745
812,1682649136745
813,1682649136745
814,1682649136746
815,1682649136746
816,1682649136746
817,1682649136746
818,1682649136746
819,1682649136746
820,1682649136747
821,1682649136747
822,1682649136747
823,1682649136747
824,1682649136747
825,1682649136747
826,1682649136748
827,1682649136748
828,1682649136748
829,1682649136748
830,1682649136748
831,1682649136749
832,1682649136749
833,1682649136749
834,1682649136749
835,1682649136749
836,1682649136749
837,1682649136749
838,1682649136749
839,1682649136750
840,1682649136750
841,1682649136750
842,1682649136750
843,1682649136750
844,1682649136750
845,1682649136750
846,1682649136750
847,1682649136751
848,1682649136751
849,1682649136751
850,1682649136856
851,1682649136857
852,1682649136857
853,1682649136857
854,1682649136857
855,1682649136857
856,1682649136857
857,1682649136858
858,1682649136858
859,1682649136858
860,1682649136858
861,1682649136858
862,1682649136858
863,1682649136859
864,1682649136859
865,1682649136859
866,1682649136859
867,1682649136859
868,1682649136860
869,1682649136860
870,1682649136860
871,1682649136860
872,1682649136860
873,1682649136860
874,1682649136861
875,1682649136861
876,1682649136861
877,1682649136861
878,1682649136861
879,1682649136861
880,1682649136861
881,1682649136862
882,1682649136862
883,1682649136862
884,1682649136862
885,1682649136862
886,1682649136863
887,1682649136863
888,1682649136863
889,1682649136863
890,1682649136864
891,1682649136864
892,1682649136864
893,1682649136864
894,1682649136865
895,1682649136865
896,1682649136865
897,1682649136865
898,1682649136866
899,1682649136866
900,1682649136866
901,1682649136866
902,1682649136866
903,1682649136867
904,1682649136867
905,1682649136867
906,1682649136867
907,1682649136867
908,1682649136867
909,1682649136868
910,1682649136868
911,1682649136868
912,1682649136868
913,1682649136868
914,1682649136869
915,1682649136869
916,1682649136869
917,1682649136870
918,1682649136870
919,1682649136870
920,1682649136871
921,1682649136871
922,1682649136871
923,1682649136872
924,1682649136872
925,1682649136872
926,1682649136872
927,1682649136872
928,1682649136873
929,1682649136873
930,1682649136873
931,1682649136873
932,1682649136873
933,1682649136873
934,1682649136874
935,1682649136874
936,1682649136874
937,1682649136874
938,1682649136874
939,1682649136986
940,1682649136986
941,1682649136987
942,1682649136987
943,1682649136987
944,1682649136987
945,1682649136987
946,1682649136988
947,1682649136988
948,1682649136988
949,1682649136988
950,1682649136988
951,1682649136988
952,1682649136989
953,1682649136989
954,1682649136989
955,1682649136989
956,1682649136989
957,1682649136989
958,1682649136989
959,1682649136990
960,1682649136990
961,1682649137117
962,1682649137117
963,1682649137117
964,1682649137117
965,1682649137117
966,1682649137117
967,1682649137117
968,1682649137117
969,1682649137118
970,1682649137118
971,1682649137118
972,1682649137118
973,1682649137118
974,1682649137118
975,1682649137118
976,1682649137118
977,1682649137119
978,1682649137119
979,1682649137119
980,1682649137119
981,1682649137119
982,1682649137120
983,1682649137120
984,1682649137120
985,1682649137120
986,1682649137121
987,1682649137121
988,1682649137121
989,1682649137122
990,1682649137269
991,1682649137269
992,1682649137269
993,1682649137270
994,1682649137270
995,1682649137270
996,1682649137270
997,1682649137271
998,1682649137271
999,1682649137271
1000,1682649137272
1001,1682649137272
1002,1682649137272
1003,1682649137272
1004,1682649137272
1005,1682649137273
1006,1682649137273
1007,1682649137273
1008,1682649137273
1009,1682649137273
1010,1682649137274
1011,1682649137274
1012,1682649137274
1013,1682649137274
1014,1682649137274
1015,1682649137274
1016,1682649137274
1017,1682649137275
1018,1682649137275
1019,1682649137275
1020,1682649137275
1021,1682649137275
1022,1682649137275
1023,1682649137275
1024,1682649137276
1025,1682649137276
1026,1682649137276
1027,1682649137276
1028,1682649137277
1029,1682649137277
1030,1682649137277
1031,1682649137277
1032,1682649137278
1033,1682649137278
1034,1682649137278
1035,1682649137278
1036,1682649137279
1037,1682649137279
1038,1682649137279
1039,1682649137279
1040,1682649137279
1041,1682649137280
1042,1682649137588
1043,1682649137589
1044,1682649137589
1045,1682649137589
1046,1682649137589
1047,1682649137589
1048,1682649137590
1049,1682649137590
1050,1682649137590
1051,1682649137590
1052,1682649137591
1053,1682649137591
1054,1682649137591
1055,1682649137591
1056,1682649137591
1057,1682649137591
1058,1682649137592
1059,1682649137592
1060,1682649137592
1061,1682649137592
1062,1682649137592
1063,1682649137593
1064,1682649137593
1065,1682649137593
1066,1682649137593
1067,1682649137593
1068,1682649137594
1069,1682649137594
1070,1682649137594
1071,1682649137594
1072,1682649137595
1073,1682649137595
1074,1682649137595
1075,1682649137595
1076,1682649137595
1077,1682649137596
1078,1682649137596
1079,1682649137596
1080,1682649137596
1081,1682649137596
1082,1682649137596
1083,1682649137597
1084,1682649137597
1085,1682649137597
1086,1682649137597
1087,1682649137597
1088,1682649137597
1089,1682649137598
1090,1682649137598
1091,1682649137598
1092,1682649137598
1093,1682649137598
1094,1682649137598
1095,1682649137599
1096,1682649137599
1097,1682649137599
1098,1682649137599
1099,1682649137599
1100,1682649137599
1101,1682649137600
1102,1682649137600
1103,1682649137600
1104,1682649137600
1105,1682649137600
1106,1682649137600
1107,1682649137600
1108,1682649137600
1109,1682649138199
1110,1682649138200
1111,1682649138200
1112,1682649138200
1113,1682649138200
1114,1682649138200
1115,1682649138201
1116,1682649138201
1117,1682649138201
1118,1682649138201
1119,1682649138201
1120,1682649138202
1121,1682649138202
1122,1682649138203
1123,1682649138203
1124,1682649138204
1125,1682649138204
1126,1682649138204
1127,1682649138204
1128,1682649138205
1129,1682649138205
1130,1682649138205
1131,1682649138205
1132,1682649138206
1133,1682649138206
1134,1682649138206
1135,1682649138206
1136,1682649138206
1137,1682649138207
1138,1682649138207
1139,1682649138207
1140,1682649138207
1141,1682649138208
1142,1682649138208
1143,1682649138208
1144,1682649138208
1145,1682649138208
1146,1682649138209
1147,1682649138209
1148,1682649138209
1149,1682649138209
1150,1682649138210
1151,1682649138210
1152,1682649138210
1153,1682649138210
1154,1682649138211
1155,1682649138211
1156,1682649138211
1157,1682649138211
1158,1682649138211
1159,1682649138211
1160,1682649138212
1161,1682649138212
1162,1682649138212
1163,1682649138212
1164,1682649138212
1165,1682649138213
1166,1682649138213
1167,1682649138213
1168,1682649138213
1169,1682649138213
1170,1682649138213
1171,1682649138214
1172,1682649138214
1173,1682649138214
1174,1682649138214
1175,1682649138214
1176,1682649138214
1177,1682649138215
1178,1682649138215
1179,1682649138215
1180,1682649138215
1181,1682649138215
1182,1682649138216
1183,1682649138216
1184,1682649138216
1185,1682649138216
1186,1682649138216
1187,1682649138216
1188,1682649138217
1189,1682649138217
1190,1682649138217
1191,1682649138217
1192,1682649138217
1193,1682649138218
1194,1682649138218
1195,1682649138218
1196,1682649138218
1197,1682649138219
1198,1682649138219
1199,1682649138219
1200,1682649138220
1201,1682649138220
1202,1682649138220
1203,1682649138221
1204,1682649138221
1205,1682649138222
1206,1682649138222
1207,1682649138222
1208,1682649138222
1209,1682649138222
1210,1682649138223
1211,1682649138223
1212,1682649138223
1213,1682649138223
1214,1682649138223
1215,1682649138223
1216,1682649138224
1217,1682649138224
1218,1682649138224
1219,1682649138224
1220,1682649138224
1221,1682649138224
1222,1682649138225
1223,1682649138225
1224,1682649138225
1225,1682649138225
1226,1682649138225
1227,1682649138225
1228,1682649138225
1229,1682649138226
1230,1682649138226
1231,1682649138226
1232,1682649138226
1233,1682649138226
1234,1682649138227
1235,1682649138227
1236,1682649138227
1237,1682649138227
1238,1682649138227
1239,1682649138227
1240,1682649138228
1241,1682649138228
1242,1682649138228
1243,1682649138228
1244,1682649138228
1245,1682649138228
1246,1682649138229
1247,1682649138229
1248,1682649138229
1249,1682649138229
1250,1682649138229
1251,1682649138229
1252,1682649138229
1253,1682649138230
1254,1682649138230
1255,1682649138230
1256,1682649138230
1257,1682649138230
1258,1682649138230
1259,1682649138230
1260,1682649138230
1261,1682649138231
1262,1682649138231
1263,1682649138231
1264,1682649138231
1265,1682649138231
1266,1682649138231
1267,1682649138231
1268,1682649138231
1269,1682649138232
1270,1682649138232
1271,1682649138232
1272,1682649138232
1273,1682649138232
1274,1682649138232
1275,1682649138232
1276,1682649138233
1277,1682649138233
1278,1682649138233
1279,1682649138233
1280,1682649138233
1281,1682649138234
1282,1682649138234
1283,1682649138234
1284,1682649138234
1285,1682649138234
1286,1682649138234
1287,1682649138234
1288,1682649138235
1289,1682649138235
1290,1682649138235
1291,1682649138235
1292,1682649138235
1293,1682649138236
1294,1682649138236
1295,1682649138236
1296,1682649138236
1297,1682649138236
1298,1682649138237
1299,1682649138237
1300,1682649138237
1301,1682649138237
1302,1682649138237
1303,1682649138238
1304,1682649138238
1305,1682649138238
1306,1682649138238
1307,1682649138238
1308,1682649138239
1309,1682649138239
1310,1682649138239
1311,1682649138239
1312,1682649138239
1313,1682649138239
1314,1682649138240
1315,1682649138240
1316,1682649138240
1317,1682649139031
1318,1682649139031
1319,1682649139031
1320,1682649139032
1321,1682649139032
1322,1682649139033
1323,1682649139033
1324,1682649139034
1325,1682649139036
1326,1682649139037
1327,1682649139038
1328,1682649139039
1329,1682649139039
1330,1682649139040
1331,1682649139040
1332,1682649139040
1333,1682649139040
1334,1682649139041
1335,1682649139041
1336,1682649139041
1337,1682649139042
1338,1682649139042
1339,1682649139042
1340,1682649139042
1341,1682649139043
1342,1682649139043
1343,1682649139043
1344,1682649139044
1345,1682649139044
1346,1682649139044
1347,1682649139045
1348,1682649139045
1349,1682649139045
1350,1682649139046
1351,1682649139046
1352,1682649139047
1353,1682649139047
1354,1682649139047
1355,1682649139048
1356,1682649139048
1357,1682649139048
1358,1682649139048
1359,1682649139049
1360,1682649139049
1361,1682649139049
1362,1682649139050
1363,1682649139050
1364,1682649139050
1365,1682649139051
1366,1682649139051
1367,1682649139051
1368,1682649139052
1369,1682649139052
1370,1682649139052
1371,1682649139053
1372,1682649139053
1373,1682649139053
1374,1682649139054
1375,1682649139055
1376,1682649139057
1377,1682649139058
1378,1682649139058
1379,1682649139059
1380,1682649139059
1381,1682649139060
1382,1682649139061
1383,1682649139061
1384,1682649139062
1385,1682649139062
1386,1682649139062
1387,1682649139063
1388,1682649139063
1389,1682649139064
1390,1682649139064
1391,1682649139065
1392,1682649139065
1393,1682649139066
1394,1682649139066
1395,1682649139067
1396,1682649139067
1397,1682649139067
1398,1682649139067
1399,1682649139068
1400,1682649139068
1401,1682649139070
1402,1682649139070
1403,1682649139071
1404,1682649139072
1405,1682649139072
1406,1682649139072
1407,1682649139072
1408,1682649139073
1409,1682649139073
1410,1682649139073
1411,1682649139073
1412,1682649139073
1413,1682649139073
1414,1682649139074
1415,1682649139074
1416,1682649139074
1417,1682649139074
1418,1682649139074
1419,1682649139074
1420,1682649139075
1421,1682649139075
1422,1682649139075
1423,1682649139075
1424,1682649139076
1425,1682649139076
1426,1682649139076
1427,1682649139076
1428,1682649139077
1429,1682649139077
1430,1682649139077
1431,1682649139077
1432,1682649139078
1433,1682649139078
1434,1682649139078
1435,1682649139078
1436,1682649139078
1437,1682649139079
1438,1682649139079
1439,1682649139079
1440,1682649139080
1441,1682649139080
1442,1682649139081
1443,1682649139081
1444,1682649139081
1445,1682649139082
1446,1682649139082
1447,1682649139082
1448,1682649139082
1449,1682649139083
1450,1682649139083
1451,1682649139083
1452,1682649139083
1453,1682649139084
1454,1682649139084
1455,1682649139084
1456,1682649139084
1457,1682649139084
1458,1682649139085
1459,1682649139085
1460,1682649139085
1461,1682649139085
1462,1682649139086
1463,1682649139086
1464,1682649139086
1465,1682649139087
1466,1682649139087
1467,1682649139088
1468,1682649139088
1469,1682649139089
1470,1682649139089
1471,1682649139089
1472,1682649139089
1473,1682649139090
1474,1682649139090
1475,1682649139090
1476,1682649139090
1477,1682649139091
1478,1682649139091
1479,1682649139091
1480,1682649139091
1481,1682649139091
1482,1682649139092
1483,1682649139092
1484,1682649139092
1485,1682649139092
1486,1682649139093
1487,1682649139093
1488,1682649139093
1489,1682649139094
1490,1682649139094
1491,1682649139094
1492,1682649139095
1493,1682649139095
1494,1682649139095
1495,1682649139095
1496,1682649139095
1497,1682649139096
1498,1682649139096
1499,1682649139096
1500,1682649139096
1501,1682649139097
1502,1682649139097
1503,1682649139097
1504,1682649139097
1505,1682649139097
1506,1682649139097
1507,1682649139097
1508,1682649139097
1509,1682649139098
1510,1682649139098
1511,1682649139098
1512,1682649139098
1513,1682649139098
1514,1682649139098
1515,1682649139098
1516,1682649139099
1517,1682649139099
1518,1682649139099
1519,1682649139099
1520,1682649139099
1521,1682649139099
1522,1682649139099
1523,1682649139100
1524,1682649139100
1525,1682649139100
1526,1682649139100
1527,1682649139100
1528,1682649139101
1529,1682649139101
1530,1682649139102
1531,1682649139102
1532,1682649139102
1533,1682649139103
1534,1682649139103
1535,1682649139104
1536,1682649139104
1537,1682649139104
1538,1682649139104
1539,1682649139105
1540,1682649139105
1541,1682649139105
1542,1682649139105
1543,1682649139106
1544,1682649139106
1545,1682649139107
1546,1682649139107
1547,1682649139107
1548,1682649139108
1549,1682649139108
1550,1682649139109
1551,1682649139109
1552,1682649139109
1553,1682649139109
1554,1682649139109
1555,1682649139110
1556,1682649139110
1557,1682649139110
1558,1682649139110
1559,1682649139110
1560,1682649139110
1561,1682649139110
1562,1682649139111
1563,1682649139111
1564,1682649139111
1565,1682649139111
1566,1682649139111
1567,1682649139111
1568,1682649139111
1569,1682649139112
1570,1682649139112
1571,1682649139112
1572,1682649139112
1573,1682649139112
1574,1682649139112
1575,1682649139112
1576,1682649139113
1577,1682649139113
1578,1682649139113
1579,1682649139113
1580,1682649139113
1581,1682649139113
1582,1682649139113
1583,1682649139114
1584,1682649139114
1585,1682649139114
1586,1682649139114
1587,1682649139114
1588,1682649139114
1589,1682649139115
1590,1682649139115
1591,1682649139115
1592,1682649139115
1593,1682649139115
1594,1682649139115
1595,1682649139116
1596,1682649139116
1597,1682649139116
1598,1682649139116
1599,1682649139116
1600,1682649139116
1601,1682649139117
1602,1682649139117
1603,1682649139117
1604,1682649139117
1605,1682649139117
1606,1682649139117
1607,1682649139117
1608,1682649139117
1609,1682649139117
1610,1682649139118
1611,1682649139118
1612,1682649139118
1613,1682649139118
1614,1682649139118
1615,1682649139118
1616,1682649139119
1617,1682649139119
1618,1682649139119
1619,1682649139119
1620,1682649139119
1621,1682649139119
1622,1682649139120
1623,1682649139120
1624,1682649139120
1625,1682649139120
1626,1682649139120
1627,1682649139121
1628,1682649139121
1629,1682649139121
1630,1682649139121
1631,1682649139121
1632,1682649139121
1633,1682649139122
1634,1682649139122
1635,1682649139122
1636,1682649139122
1637,1682649139122
1638,1682649139122
1639,1682649139123
1640,1682649139123
1641,1682649139129
1642,1682649139130
1643,1682649139130
1644,1682649139130
1645,1682649139130
1646,1682649139131
1647,1682649139131
1648,1682649139132
1649,1682649139132
1650,1682649139139
1651,1682649139139
1652,1682649139140
1653,1682649139140
1654,1682649139141
1655,1682649139142
1656,1682649139144
1657,1682649139144
1658,1682649139145
1659,1682649139145
1660,1682649139148
1661,1682649139148
1662,1682649139149
1663,1682649139149
1664,1682649139150
1665,1682649139150
1666,1682649139151
1667,1682649139151
1668,1682649139153
1669,1682649139154
1670,1682649139158
1671,1682649139159
1672,1682649139159
1673,1682649139159
1674,1682649139160
1675,1682649139160
1676,1682649139160
1677,1682649139160
1678,1682649139161
1679,1682649139161
1680,1682649139161
1681,1682649139162
1682,1682649139162
1683,1682649139162
1684,1682649139167
1685,1682649139167
1686,1682649139169
1687,1682649139169
1688,1682649139170
1689,1682649139170
1690,1682649139172
1691,1682649139173
1692,1682649139173
1693,1682649139173
1694,1682649139173
1695,1682649139173
1696,1682649139177
1697,1682649139178
1698,1682649139178
1699,1682649139178
1700,1682649139178
1701,1682649139179
1702,1682649139179
1703,1682649139179
1704,1682649139179
1705,1682649139179
1706,1682649139184
1707,1682649139184
1708,1682649139186
1709,1682649139187
1710,1682649139188
1711,1682649139188
1712,1682649139188
1713,1682649139188
1714,1682649139190
1715,1682649139190
1716,1682649139190
1717,1682649139190
1718,1682649139194
1719,1682649139194
1720,1682649139194
1721,1682649139195
1722,1682649139195
1723,1682649139195
1724,1682649139195
1725,1682649139195
1726,1682649139195
1727,1682649139199
1728,1682649139200
1729,1682649139201
1730,1682649139201
1731,1682649139203
1732,1682649139204
1733,1682649139204
1734,1682649139204
1735,1682649139205
1736,1682649139205
1737,1682649139205
1738,1682649139208
1739,1682649139209
1740,1682649139209
1741,1682649139209
1742,1682649139210
1743,1682649139211
1744,1682649139211
1745,1682649139216
1746,1682649139216
1747,1682649139217
1748,1682649139217
1749,1682649139218
1750,1682649139218
1751,1682649139218
1752,1682649139219
1753,1682649139220
1754,1682649139220
1755,1682649139220
1756,1682649139220
1757,1682649139220
1758,1682649139221
1759,1682649139221
1760,1682649139221
1761,1682649139221
1762,1682649139221
1763,1682649139228
1764,1682649139228
1765,1682649139229
1766,1682649139229
1767,1682649139230
1768,1682649139230
1769,1682649139230
1770,1682649139235
1771,1682649139235
1772,1682649139237
1773,1682649139237
1774,1682649139238
1775,1682649139238
1776,1682649139238
1777,1682649139238
1778,1682649139238
1779,1682649139238
1780,1682649139240
1781,1682649139241
1782,1682649139245
1783,1682649139245
1784,1682649139245
1785,1682649139245
1786,1682649139246
1787,1682649139246
1788,1682649139246
1789,1682649139246
1790,1682649139246
1791,1682649139247
1792,1682649139247
1793,1682649139247
1794,1682649139247
1795,1682649139247
1796,1682649139254
1797,1682649139255
1798,1682649139255
1799,1682649139255
1800,1682649139256
1801,1682649139256
1802,1682649139256
1803,1682649139256
1804,1682649139256
1805,1682649139257
1806,1682649139259
1807,1682649139259
1808,1682649139259
1809,1682649139259
1810,1682649139259
1811,1682649139260
1812,1682649139261
1813,1682649139261
1814,1682649139263
1815,1682649139263
1816,1682649139264
1817,1682649139265
1818,1682649139265
1819,1682649139265
1820,1682649139266
1821,1682649139266
1822,1682649139266
1823,1682649139270
1824,1682649139271
1825,1682649139271
1826,1682649139273
1827,1682649139273
1828,1682649139273
1829,1682649139288
1830,1682649139298
1831,1682649139298
1832,1682649139299
1833,1682649139299
1834,1682649139302
1835,1682649139303
1836,1682649139303
1837,1682649139303
1838,1682649139304
1839,1682649139304
1840,1682649139304
1841,1682649139304
1842,1682649139305
1843,1682649139305
1844,1682649139305
1845,1682649139305
1846,1682649139305
1847,1682649139306
1848,1682649139306
1849,1682649139306
1850,1682649139307
1851,1682649139307
1852,1682649139307
1853,1682649139307
1854,1682649139307
1855,1682649139308
1856,1682649139308
1857,1682649139308
1858,1682649139308
1859,1682649139309
1860,1682649139309
1861,1682649139309
1862,1682649139309
1863,1682649139309
1864,1682649139310
1865,1682649139310
1866,1682649139310
1867,1682649139310
1868,1682649139310
1869,1682649139311
1870,1682649139311
1871,1682649139311
1872,1682649139311
1873,1682649139311
1874,1682649139311
1875,1682649139312
1876,1682649139312
1877,1682649139312
1878,1682649139312
1879,1682649139313
1880,1682649139313
1881,1682649139313
1882,1682649139313
1883,1682649139314
1884,1682649139314
1885,1682649139314
1886,1682649139314
1887,1682649139314
1888,1682649139315
1889,1682649139316
1890,1682649139316
1891,1682649139316
1892,1682649139317
1893,1682649139317
1894,1682649139317
1895,1682649139317
1896,1682649139320
1897,1682649139321
1898,1682649139321
1899,1682649139322
1900,1682649139323
1901,1682649139323
1902,1682649139323
1903,1682649139324
1904,1682649139324
1905,1682649139324
1906,1682649139324
1907,1682649139324
1908,1682649139325
1909,1682649139325
1910,1682649139325
1911,1682649139330
1912,1682649139330
1913,1682649139330
1914,1682649139331
1915,1682649139334
1916,1682649139334
1917,1682649139335
1918,1682649139335
1919,1682649139335
1920,1682649139335
1921,1682649139335
1922,1682649139336
1923,1682649139336
1924,1682649139336
1925,1682649139336
1926,1682649139337
1927,1682649139339
1928,1682649139340
1929,1682649139340
1930,1682649139340
1931,1682649139340
1932,1682649139340
1933,1682649139341
1934,1682649139341
1935,1682649139341
1936,1682649139357
1937,1682649139357
1938,1682649139357
1939,1682649139358
1940,1682649139358
1941,1682649139358
1942,1682649139358
1943,1682649139359
1944,1682649139359
1945,1682649139359
1946,1682649139359
1947,1682649139360
1948,1682649139360
1949,1682649139360
1950,1682649139360
1951,1682649139361
1952,1682649139361
1953,1682649139361
1954,1682649139361
1955,1682649139361
1956,1682649139362
1957,1682649139362
1958,1682649139362
1959,1682649139370
1960,1682649139370
1961,1682649139371
1962,1682649139371
1963,1682649139371
1964,1682649139371
1965,1682649139371
1966,1682649139372
1967,1682649139372
1968,1682649139372
1969,1682649139372
1970,1682649139373
1971,1682649139373
1972,1682649139373
1973,1682649139373
1974,1682649139373
1975,1682649139373
1976,1682649139374
1977,1682649139374
1978,1682649139374
1979,1682649139374
1980,1682649139374
1981,1682649139374
1982,1682649139381
1983,1682649139381
1984,1682649139381
1985,1682649139382
1986,1682649139382
1987,1682649139382
1988,1682649139382
1989,1682649139387
1990,1682649139389
1991,1682649139393
1992,1682649139393
1993,1682649139396
1994,1682649139397
1995,1682649139398
1996,1682649139398
1997,1682649139398
1998,1682649139398
1999,1682649139399
2000,1682649139399
2001,1682649139399
2002,1682649139399
2003,1682649139399
2004,1682649139400
2005,1682649139401
2006,1682649139403
2007,1682649139403
2008,1682649139404
2009,1682649139404
2010,1682649139404
2011,1682649139404
2012,1682649139404
2013,1682649139405
2014,1682649139405
2015,1682649139405
2016,1682649139405
2017,1682649139405
2018,1682649139406
2019,1682649139406
2020,1682649139406
2021,1682649139406
2022,1682649139407
2023,1682649139407
2024,1682649139407
2025,1682649139407
2026,1682649139407
2027,1682649139408
2028,1682649139408
2029,1682649139408
2030,1682649139408
2031,1682649139409
2032,1682649139409
2033,1682649139409
2034,1682649139410
2035,1682649139410
2036,1682649139410
2037,1682649139412
2038,1682649139413
2039,1682649139413
2040,1682649139414
2041,1682649139414
2042,1682649139414
2043,1682649139414
2044,1682649139415
2045,1682649139415
2046,1682649139415
2047,1682649139415
2048,1682649139416
