1,1682649016033
2,1682649016035
3,1682649016038
4,1682649016040
5,1682649016041
6,1682649016046
7,1682649016055
8,1682649016056
9,1682649016057
10,1682649016059
11,1682649019988
12,1682649020003
13,1682649020005
14,1682649020006
15,1682649020007
16,1682649020007
17,1682649020008
18,1682649020008
19,1682649020009
20,1682649020010
21,1682649020010
22,1682649020011
23,1682649020011
24,1682649020012
25,1682649020012
26,1682649020012
27,1682649020013
28,1682649020013
29,1682649020014
30,1682649020015
31,1682649020016
32,1682649020016
33,1682649020017
34,1682649020018
35,1682649020019
36,1682649020019
37,1682649020019
38,1682649020020
39,1682649020020
40,1682649020021
41,1682649020021
42,1682649020022
43,1682649020023
44,1682649020024
45,1682649020024
46,1682649020025
47,1682649020025
48,1682649020026
49,1682649020028
50,1682649020028
51,1682649020029
52,1682649020030
53,1682649020030
54,1682649020030
55,1682649020031
56,1682649020031
57,1682649020032
58,1682649020032
59,1682649020033
60,1682649020033
61,1682649020034
62,1682649020035
63,1682649020035
64,1682649020036
65,1682649020037
66,1682649020037
67,1682649020038
68,1682649020038
69,1682649020039
70,1682649020039
71,1682649020040
72,1682649020040
73,1682649020040
74,1682649020041
75,1682649020041
76,1682649020041
77,1682649020042
78,1682649020042
79,1682649020043
80,1682649020043
81,1682649020043
82,1682649020044
83,1682649020044
84,1682649020045
85,1682649020045
86,1682649020046
87,1682649020046
88,1682649020047
89,1682649020047
90,1682649020048
91,1682649020048
92,1682649020049
93,1682649020049
94,1682649020050
95,1682649020050
96,1682649020051
97,1682649020051
98,1682649020052
99,1682649020052
100,1682649020053
101,1682649020053
102,1682649020054
103,1682649020054
104,1682649020055
105,1682649020055
106,1682649020055
107,1682649020056
108,1682649020056
109,1682649020056
110,1682649020057
111,1682649020057
112,1682649020057
113,1682649020058
114,1682649020058
115,1682649020058
116,1682649020059
117,1682649020059
118,1682649020059
119,1682649020060
120,1682649020060
121,1682649020061
122,1682649020061
123,1682649020061
124,1682649020062
125,1682649020062
126,1682649020062
127,1682649020063
128,1682649020063
129,1682649020063
130,1682649020064
131,1682649020064
132,1682649020065
133,1682649020065
134,1682649020066
135,1682649020066
136,1682649020066
137,1682649020067
138,1682649020067
139,1682649020068
140,1682649020068
141,1682649020069
142,1682649020069
143,1682649020070
144,1682649020070
145,1682649020071
146,1682649020071
147,1682649020071
148,1682649020072
149,1682649020072
150,1682649020072
151,1682649020073
152,1682649020073
153,1682649020073
154,1682649020074
155,1682649020074
156,1682649020074
157,1682649020074
158,1682649020075
159,1682649020075
160,1682649020075
161,1682649020076
162,1682649020076
163,1682649020076
164,1682649020076
165,1682649020077
166,1682649020077
167,1682649020077
168,1682649020077
169,1682649020078
170,1682649020078
171,1682649020078
172,1682649020079
173,1682649020079
174,1682649020079
175,1682649020080
176,1682649020080
177,1682649020080
178,1682649020081
179,1682649020081
180,1682649020082
181,1682649020082
182,1682649020082
183,1682649020083
184,1682649020083
185,1682649020083
186,1682649020084
187,1682649020084
188,1682649020085
189,1682649020085
190,1682649020085
191,1682649020086
192,1682649020086
193,1682649020087
194,1682649020087
195,1682649020087
196,1682649020088
197,1682649020088
198,1682649020088
199,1682649020089
200,1682649020089
201,1682649020089
202,1682649020090
203,1682649020090
204,1682649020090
205,1682649020090
206,1682649020091
207,1682649020091
208,1682649020091
209,1682649020091
210,1682649020092
211,1682649020092
212,1682649020092
213,1682649020093
214,1682649020093
215,1682649020093
216,1682649020093
217,1682649020093
218,1682649020094
219,1682649020094
220,1682649020094
221,1682649020095
222,1682649020095
223,1682649020095
224,1682649020096
225,1682649020096
226,1682649020096
227,1682649020096
228,1682649020097
229,1682649020097
230,1682649020098
231,1682649020098
232,1682649020098
233,1682649020099
234,1682649020099
235,1682649020100
236,1682649020100
237,1682649020100
238,1682649020101
239,1682649020101
240,1682649020102
241,1682649020102
242,1682649020102
243,1682649020103
244,1682649020103
245,1682649020104
246,1682649020104
247,1682649020105
248,1682649020105
249,1682649020106
250,1682649020106
251,1682649020107
252,1682649020107
253,1682649020108
254,1682649020108
255,1682649020109
256,1682649020109
257,1682649020109
258,1682649020109
259,1682649020110
260,1682649020110
261,1682649020110
262,1682649020111
263,1682649020111
264,1682649020111
265,1682649020112
266,1682649020112
267,1682649020112
268,1682649020112
269,1682649020113
270,1682649020113
271,1682649020113
272,1682649020114
273,1682649020114
274,1682649020115
275,1682649020115
276,1682649020116
277,1682649020116
278,1682649020116
279,1682649020117
280,1682649020117
281,1682649020118
282,1682649020118
283,1682649020119
284,1682649020119
285,1682649020119
286,1682649020120
287,1682649020120
288,1682649020120
289,1682649020121
290,1682649020121
291,1682649020121
292,1682649020122
293,1682649020127
294,1682649020127
295,1682649020128
296,1682649020128
297,1682649020129
298,1682649020129
299,1682649020130
300,1682649020130
301,1682649020130
302,1682649020130
303,1682649020131
304,1682649020131
305,1682649020131
306,1682649020132
307,1682649020132
308,1682649020132
309,1682649020133
310,1682649020133
311,1682649020133
312,1682649020134
313,1682649020134
314,1682649020134
315,1682649020134
316,1682649020135
317,1682649020152
318,1682649020152
319,1682649020153
320,1682649020153
321,1682649020153
322,1682649020153
323,1682649020154
324,1682649020154
325,1682649020154
326,1682649020155
327,1682649020155
328,1682649020155
329,1682649020155
330,1682649020156
331,1682649020156
332,1682649020156
333,1682649020157
334,1682649020157
335,1682649020168
336,1682649020168
337,1682649020169
338,1682649020169
339,1682649020169
340,1682649020178
341,1682649020179
342,1682649020179
343,1682649020179
344,1682649020180
345,1682649020180
346,1682649020180
347,1682649020182
348,1682649020183
349,1682649020184
350,1682649020185
351,1682649020185
352,1682649020185
353,1682649020185
354,1682649020186
355,1682649020186
356,1682649020186
357,1682649020187
358,1682649020187
359,1682649020187
360,1682649020187
361,1682649020188
362,1682649020188
363,1682649020188
364,1682649020188
365,1682649020189
366,1682649020189
367,1682649020189
368,1682649020189
369,1682649020198
370,1682649020199
371,1682649020199
372,1682649020200
373,1682649020200
374,1682649020200
375,1682649020201
376,1682649020201
377,1682649020201
378,1682649020202
379,1682649020202
380,1682649020202
381,1682649020202
382,1682649020211
383,1682649020211
384,1682649020211
385,1682649020212
386,1682649020212
387,1682649020212
388,1682649020213
389,1682649020213
390,1682649020213
391,1682649020214
392,1682649020222
393,1682649020223
394,1682649020223
395,1682649020223
396,1682649020224
397,1682649020224
398,1682649020231
399,1682649020232
400,1682649020232
401,1682649020233
402,1682649020233
403,1682649020234
404,1682649020234
405,1682649020234
406,1682649020235
407,1682649020235
408,1682649020235
409,1682649020235
410,1682649020236
411,1682649020236
412,1682649020236
413,1682649020236
414,1682649020237
415,1682649020237
416,1682649020237
417,1682649020237
418,1682649020238
419,1682649020238
420,1682649020238
421,1682649020238
422,1682649020238
423,1682649020239
424,1682649020239
425,1682649020254
426,1682649020257
427,1682649020257
428,1682649020258
429,1682649020258
430,1682649020258
431,1682649020259
432,1682649020259
433,1682649020260
434,1682649020260
435,1682649020260
436,1682649020260
437,1682649020261
438,1682649020261
439,1682649020261
440,1682649020262
441,1682649020262
442,1682649020262
443,1682649020263
444,1682649020263
445,1682649020263
446,1682649020264
447,1682649020265
448,1682649020277
449,1682649020278
450,1682649020278
451,1682649020279
452,1682649020279
453,1682649020279
454,1682649020280
455,1682649020281
456,1682649020285
457,1682649020285
458,1682649020286
459,1682649020286
460,1682649020286
461,1682649020287
462,1682649020287
463,1682649020287
464,1682649020287
465,1682649020288
466,1682649020288
467,1682649020288
468,1682649020288
469,1682649020289
470,1682649020289
471,1682649020289
472,1682649020289
473,1682649020290
474,1682649020295
475,1682649020295
476,1682649020295
477,1682649020296
478,1682649020296
479,1682649020296
480,1682649020297
481,1682649020303
482,1682649020303
483,1682649020304
484,1682649020304
485,1682649020305
486,1682649020305
487,1682649020305
488,1682649020305
489,1682649020306
490,1682649020306
491,1682649020306
492,1682649020307
493,1682649020307
494,1682649020308
495,1682649020308
496,1682649020308
497,1682649020308
498,1682649020309
499,1682649020309
500,1682649020309
501,1682649020310
502,1682649020310
503,1682649020310
504,1682649020310
505,1682649020311
506,1682649020327
507,1682649020327
508,1682649020328
509,1682649020328
510,1682649020328
511,1682649020329
512,1682649020329
513,1682649020329
514,1682649020330
515,1682649020330
516,1682649020330
517,1682649020330
518,1682649020331
519,1682649020332
520,1682649020332
521,1682649020333
522,1682649020333
523,1682649020333
524,1682649020334
525,1682649020334
526,1682649020334
527,1682649020335
528,1682649020335
529,1682649020335
530,1682649020336
531,1682649020336
532,1682649020336
533,1682649020336
534,1682649020337
535,1682649020357
536,1682649020357
537,1682649020357
538,1682649020358
539,1682649020358
540,1682649020363
541,1682649020363
542,1682649020363
543,1682649020363
544,1682649020364
545,1682649020364
546,1682649020364
547,1682649020365
548,1682649020365
549,1682649020365
550,1682649020365
551,1682649020365
552,1682649020366
553,1682649020366
554,1682649020366
555,1682649020366
556,1682649020366
557,1682649020366
558,1682649020367
559,1682649020367
560,1682649020383
561,1682649020383
562,1682649020384
563,1682649020384
564,1682649020384
565,1682649020385
566,1682649020385
567,1682649020385
568,1682649020385
569,1682649020386
570,1682649020386
571,1682649020386
572,1682649020386
573,1682649020387
574,1682649020387
575,1682649020393
576,1682649020393
577,1682649020394
578,1682649020394
579,1682649020394
580,1682649020394
581,1682649020395
582,1682649020395
583,1682649020395
584,1682649020395
585,1682649020396
586,1682649020396
587,1682649020396
588,1682649020397
589,1682649020397
590,1682649020397
591,1682649020406
592,1682649020406
593,1682649020406
594,1682649020407
595,1682649020407
596,1682649020407
597,1682649020408
598,1682649020408
599,1682649020408
600,1682649020408
601,1682649020409
602,1682649020409
603,1682649020409
604,1682649020409
605,1682649020409
606,1682649020409
607,1682649020423
608,1682649020423
609,1682649020424
610,1682649020424
611,1682649020424
612,1682649020424
613,1682649020424
614,1682649020424
615,1682649020425
616,1682649020425
617,1682649020425
618,1682649020425
619,1682649020426
620,1682649020426
621,1682649020426
622,1682649020426
623,1682649020427
624,1682649020427
625,1682649020437
626,1682649020438
627,1682649020438
628,1682649020438
629,1682649020442
630,1682649020442
631,1682649020443
632,1682649020443
633,1682649020446
634,1682649020446
635,1682649020446
636,1682649020447
637,1682649020447
638,1682649020447
639,1682649020447
640,1682649020449
641,1682649020450
642,1682649020454
643,1682649020455
644,1682649020455
645,1682649020456
646,1682649020456
647,1682649020456
648,1682649020456
649,1682649020457
650,1682649020457
651,1682649020457
652,1682649020458
653,1682649020458
654,1682649020458
655,1682649020458
656,1682649020471
657,1682649020472
658,1682649020472
659,1682649020472
660,1682649020472
661,1682649020472
662,1682649020480
663,1682649020480
664,1682649020480
665,1682649020481
666,1682649020483
667,1682649020483
668,1682649020483
669,1682649020484
670,1682649020484
671,1682649020484
672,1682649020484
673,1682649020485
674,1682649020485
675,1682649020485
676,1682649020485
677,1682649020500
678,1682649020500
679,1682649020500
680,1682649020501
681,1682649020501
682,1682649020501
683,1682649020501
684,1682649020502
685,1682649020502
686,1682649020502
687,1682649020502
688,1682649020502
689,1682649020502
690,1682649020503
691,1682649020503
692,1682649020503
693,1682649020503
694,1682649020503
695,1682649020503
696,1682649020512
697,1682649020512
698,1682649020512
699,1682649020513
700,1682649020513
701,1682649020513
702,1682649020514
703,1682649020515
704,1682649020516
705,1682649020516
706,1682649020517
707,1682649020517
708,1682649020517
709,1682649020517
710,1682649020518
711,1682649020518
712,1682649020518
713,1682649020518
714,1682649020518
715,1682649020518
716,1682649020519
717,1682649020519
718,1682649020526
719,1682649020526
720,1682649020526
721,1682649020527
722,1682649020527
723,1682649020527
724,1682649020527
725,1682649020528
726,1682649020528
727,1682649020528
728,1682649020528
729,1682649020529
730,1682649020529
731,1682649020529
732,1682649020529
733,1682649020530
734,1682649020530
735,1682649020530
736,1682649020530
737,1682649020530
738,1682649020531
739,1682649020531
740,1682649020532
741,1682649020532
742,1682649020532
743,1682649020533
744,1682649020533
745,1682649020533
746,1682649020534
747,1682649020534
748,1682649020534
749,1682649020535
750,1682649020535
751,1682649020535
752,1682649020535
753,1682649020536
754,1682649020536
755,1682649020545
756,1682649020545
757,1682649020545
758,1682649020545
759,1682649020546
760,1682649020546
761,1682649020546
762,1682649020546
763,1682649020547
764,1682649020547
765,1682649020547
766,1682649020547
767,1682649020548
768,1682649020548
769,1682649020548
770,1682649020550
771,1682649020550
772,1682649020550
773,1682649020551
774,1682649020551
775,1682649020551
776,1682649020552
777,1682649020552
778,1682649020552
779,1682649020552
780,1682649020552
781,1682649020552
782,1682649020553
783,1682649020553
784,1682649020553
785,1682649020553
786,1682649020553
787,1682649020553
788,1682649020554
789,1682649020554
790,1682649020554
791,1682649020554
792,1682649020554
793,1682649020554
794,1682649020555
795,1682649020555
796,1682649020555
797,1682649020555
798,1682649020556
799,1682649020556
800,1682649020556
801,1682649020556
802,1682649020557
803,1682649020557
804,1682649020557
805,1682649020557
806,1682649020557
807,1682649020557
808,1682649020566
809,1682649020566
810,1682649020567
811,1682649020567
812,1682649020567
813,1682649020567
814,1682649020567
815,1682649020568
816,1682649020568
817,1682649020568
818,1682649020568
819,1682649020568
820,1682649020568
821,1682649020569
822,1682649020569
823,1682649020574
824,1682649020574
825,1682649020574
826,1682649020575
827,1682649020575
828,1682649020575
829,1682649020575
830,1682649020575
831,1682649020575
832,1682649020576
833,1682649020576
834,1682649020576
835,1682649020584
836,1682649020584
837,1682649020584
838,1682649020584
839,1682649020585
840,1682649020585
841,1682649020585
842,1682649020585
843,1682649020585
844,1682649020585
845,1682649020586
846,1682649020586
847,1682649020586
848,1682649020586
849,1682649020586
850,1682649020587
851,1682649020587
852,1682649020587
853,1682649020587
854,1682649020587
855,1682649020587
856,1682649020588
857,1682649020588
858,1682649020588
859,1682649020588
860,1682649020588
861,1682649020588
862,1682649020588
863,1682649020589
864,1682649020589
865,1682649020589
866,1682649020589
867,1682649020589
868,1682649020589
869,1682649020589
870,1682649020590
871,1682649020590
872,1682649020590
873,1682649020590
874,1682649020590
875,1682649020590
876,1682649020590
877,1682649020591
878,1682649020591
879,1682649020591
880,1682649020591
881,1682649020591
882,1682649020592
883,1682649020606
884,1682649020606
885,1682649020606
886,1682649020607
887,1682649020607
888,1682649020607
889,1682649020607
890,1682649020608
891,1682649020608
892,1682649020608
893,1682649020608
894,1682649020608
895,1682649020609
896,1682649020609
897,1682649020609
898,1682649020609
899,1682649020610
900,1682649020610
901,1682649020610
902,1682649020610
903,1682649020610
904,1682649020611
905,1682649020611
906,1682649020611
907,1682649020611
908,1682649020611
909,1682649020611
910,1682649020611
911,1682649020612
912,1682649020612
913,1682649020612
914,1682649020612
915,1682649020612
916,1682649020612
917,1682649020613
918,1682649020613
919,1682649020613
920,1682649020613
921,1682649020613
922,1682649020613
923,1682649020614
924,1682649020614
925,1682649020614
926,1682649020614
927,1682649020615
928,1682649020615
929,1682649020615
930,1682649020615
931,1682649020615
932,1682649020616
933,1682649020616
934,1682649020616
935,1682649020616
936,1682649020616
937,1682649020616
938,1682649020617
939,1682649020617
940,1682649020625
941,1682649020626
942,1682649020626
943,1682649020630
944,1682649020630
945,1682649020630
946,1682649020631
947,1682649020631
948,1682649020631
949,1682649020631
950,1682649020632
951,1682649020632
952,1682649020632
953,1682649020632
954,1682649020636
955,1682649020636
956,1682649020636
957,1682649020637
958,1682649020637
959,1682649020637
960,1682649020637
961,1682649020637
962,1682649020637
963,1682649020638
964,1682649020638
965,1682649020638
966,1682649020638
967,1682649020638
968,1682649020638
969,1682649020639
970,1682649020639
971,1682649020639
972,1682649020639
973,1682649020639
974,1682649020640
975,1682649020640
976,1682649020640
977,1682649020640
978,1682649020640
979,1682649020640
980,1682649020641
981,1682649020641
982,1682649020641
983,1682649020641
984,1682649020641
985,1682649020642
986,1682649020642
987,1682649020655
988,1682649020655
989,1682649020655
990,1682649020655
991,1682649020655
992,1682649020656
993,1682649020656
994,1682649020656
995,1682649020656
996,1682649020656
997,1682649020657
998,1682649020657
999,1682649020657
1000,1682649020657
1001,1682649020657
1002,1682649020658
1003,1682649020658
1004,1682649020658
1005,1682649020658
1006,1682649020658
1007,1682649020658
1008,1682649020658
1009,1682649020658
1010,1682649020659
1011,1682649020659
1012,1682649020659
1013,1682649020659
1014,1682649020659
1015,1682649020659
1016,1682649020659
1017,1682649020659
1018,1682649020660
1019,1682649020660
1020,1682649020660
1021,1682649020660
1022,1682649020660
1023,1682649020661
1024,1682649020661
1025,1682649020661
1026,1682649020661
1027,1682649020670
1028,1682649020671
1029,1682649020671
1030,1682649020671
1031,1682649020671
1032,1682649020672
1033,1682649020672
1034,1682649020672
1035,1682649020672
1036,1682649020672
1037,1682649020673
1038,1682649020673
1039,1682649020673
1040,1682649020673
1041,1682649020673
1042,1682649020674
1043,1682649020674
1044,1682649020674
1045,1682649020674
1046,1682649020675
1047,1682649020675
1048,1682649020675
1049,1682649020675
1050,1682649020675
1051,1682649020676
1052,1682649020676
1053,1682649020676
1054,1682649020676
1055,1682649020677
1056,1682649020677
1057,1682649020677
1058,1682649020677
1059,1682649020677
1060,1682649020677
1061,1682649020677
1062,1682649020678
1063,1682649020678
1064,1682649020678
1065,1682649020678
1066,1682649020678
1067,1682649020679
1068,1682649020679
1069,1682649020679
1070,1682649020679
1071,1682649020679
1072,1682649020679
1073,1682649020680
1074,1682649020680
1075,1682649020680
1076,1682649020680
1077,1682649020680
1078,1682649020681
1079,1682649020681
1080,1682649020681
1081,1682649020681
1082,1682649020682
1083,1682649020682
1084,1682649020682
1085,1682649020694
1086,1682649020694
1087,1682649020695
1088,1682649020695
1089,1682649020695
1090,1682649020695
1091,1682649020696
1092,1682649020696
1093,1682649020696
1094,1682649020696
1095,1682649020697
1096,1682649020697
1097,1682649020697
1098,1682649020698
1099,1682649020698
1100,1682649020698
1101,1682649020705
1102,1682649020706
1103,1682649020706
1104,1682649020706
1105,1682649020706
1106,1682649020707
1107,1682649020707
1108,1682649020707
1109,1682649020707
1110,1682649020707
1111,1682649020707
1112,1682649020708
1113,1682649020708
1114,1682649020708
1115,1682649020708
1116,1682649020708
1117,1682649020708
1118,1682649020708
1119,1682649020708
1120,1682649020709
1121,1682649020709
1122,1682649020709
1123,1682649020709
1124,1682649020709
1125,1682649020709
1126,1682649020709
1127,1682649020710
1128,1682649020710
1129,1682649020710
1130,1682649020710
1131,1682649020710
1132,1682649020710
1133,1682649020710
1134,1682649020710
1135,1682649020711
1136,1682649020711
1137,1682649020711
1138,1682649020711
1139,1682649020711
1140,1682649020711
1141,1682649020723
1142,1682649020724
1143,1682649020724
1144,1682649020724
1145,1682649020724
1146,1682649020724
1147,1682649020724
1148,1682649020725
1149,1682649020725
1150,1682649020725
1151,1682649020725
1152,1682649020726
1153,1682649020726
1154,1682649020726
1155,1682649020726
1156,1682649020726
1157,1682649020726
1158,1682649020727
1159,1682649020727
1160,1682649020727
1161,1682649020727
1162,1682649020727
1163,1682649020727
1164,1682649020727
1165,1682649020728
1166,1682649020728
1167,1682649020728
1168,1682649020728
1169,1682649020728
1170,1682649020728
1171,1682649020729
1172,1682649020729
1173,1682649020729
1174,1682649020729
1175,1682649020729
1176,1682649020730
1177,1682649020730
1178,1682649020730
1179,1682649020730
1180,1682649020730
1181,1682649020730
1182,1682649020731
1183,1682649020731
1184,1682649020731
1185,1682649020731
1186,1682649020731
1187,1682649020731
1188,1682649020742
1189,1682649020743
1190,1682649020743
1191,1682649020743
1192,1682649020744
1193,1682649020744
1194,1682649020744
1195,1682649020744
1196,1682649020745
1197,1682649020745
1198,1682649020745
1199,1682649020745
1200,1682649020746
1201,1682649020746
1202,1682649020746
1203,1682649020746
1204,1682649020746
1205,1682649020747
1206,1682649020747
1207,1682649020747
1208,1682649020747
1209,1682649020747
1210,1682649020748
1211,1682649020748
1212,1682649020748
1213,1682649020748
1214,1682649020749
1215,1682649020749
1216,1682649020749
1217,1682649020749
1218,1682649020750
1219,1682649020750
1220,1682649020750
1221,1682649020750
1222,1682649020750
1223,1682649020750
1224,1682649020751
1225,1682649020758
1226,1682649020758
1227,1682649020759
1228,1682649020759
1229,1682649020759
1230,1682649020759
1231,1682649020759
1232,1682649020759
1233,1682649020759
1234,1682649020760
1235,1682649020760
1236,1682649020760
1237,1682649020760
1238,1682649020760
1239,1682649020761
1240,1682649020761
1241,1682649020761
1242,1682649020761
1243,1682649020762
1244,1682649020762
1245,1682649020762
1246,1682649020762
1247,1682649020770
1248,1682649020770
1249,1682649020770
1250,1682649020770
1251,1682649020771
1252,1682649020771
1253,1682649020771
1254,1682649020771
1255,1682649020771
1256,1682649020771
1257,1682649020772
1258,1682649020772
1259,1682649020772
1260,1682649020772
1261,1682649020772
1262,1682649020772
1263,1682649020773
1264,1682649020773
1265,1682649020773
1266,1682649020773
1267,1682649020774
1268,1682649020774
1269,1682649020787
1270,1682649020787
1271,1682649020787
1272,1682649020787
1273,1682649020788
1274,1682649020788
1275,1682649020788
1276,1682649020788
1277,1682649020789
1278,1682649020789
1279,1682649020789
1280,1682649020789
1281,1682649020790
1282,1682649020790
1283,1682649020790
1284,1682649020790
1285,1682649020790
1286,1682649020791
1287,1682649020791
1288,1682649020791
1289,1682649020791
1290,1682649020791
1291,1682649020792
1292,1682649020792
1293,1682649020792
1294,1682649020792
1295,1682649020792
1296,1682649020793
1297,1682649020793
1298,1682649020793
1299,1682649020793
1300,1682649020793
1301,1682649020794
1302,1682649020794
1303,1682649020794
1304,1682649020794
1305,1682649020794
1306,1682649020794
1307,1682649020795
1308,1682649020795
1309,1682649020795
1310,1682649020795
1311,1682649020795
1312,1682649020795
1313,1682649020796
1314,1682649020796
1315,1682649020796
1316,1682649020796
1317,1682649020796
1318,1682649020796
1319,1682649020797
1320,1682649020797
1321,1682649020797
1322,1682649020797
1323,1682649020797
1324,1682649020797
1325,1682649020798
1326,1682649020798
1327,1682649020798
1328,1682649020798
1329,1682649020798
1330,1682649020799
1331,1682649020799
1332,1682649020799
1333,1682649020799
1334,1682649020800
1335,1682649020800
1336,1682649020800
1337,1682649020800
1338,1682649020800
1339,1682649020801
1340,1682649020801
1341,1682649020801
1342,1682649020801
1343,1682649020801
1344,1682649020801
1345,1682649020801
1346,1682649020802
1347,1682649020802
1348,1682649020802
1349,1682649020802
1350,1682649020802
1351,1682649020803
1352,1682649020803
1353,1682649020803
1354,1682649020803
1355,1682649020803
1356,1682649020822
1357,1682649020823
1358,1682649020823
1359,1682649020823
1360,1682649020823
1361,1682649020824
1362,1682649020824
1363,1682649020824
1364,1682649020824
1365,1682649020824
1366,1682649020825
1367,1682649020825
1368,1682649020825
1369,1682649020825
1370,1682649020825
1371,1682649020825
1372,1682649020826
1373,1682649020829
1374,1682649020830
1375,1682649020830
1376,1682649020830
1377,1682649020830
1378,1682649020831
1379,1682649020831
1380,1682649020832
1381,1682649020832
1382,1682649020832
1383,1682649020832
1384,1682649020833
1385,1682649020833
1386,1682649020833
1387,1682649020833
1388,1682649020833
1389,1682649020834
1390,1682649020834
1391,1682649020834
1392,1682649020834
1393,1682649020835
1394,1682649020835
1395,1682649020835
1396,1682649020835
1397,1682649020835
1398,1682649020835
1399,1682649020836
1400,1682649020836
1401,1682649020836
1402,1682649020836
1403,1682649020836
1404,1682649020836
1405,1682649020836
1406,1682649020837
1407,1682649020837
1408,1682649020837
1409,1682649020837
1410,1682649020837
1411,1682649020838
1412,1682649020838
1413,1682649020838
1414,1682649020838
1415,1682649020838
1416,1682649020839
1417,1682649020839
1418,1682649020839
1419,1682649020839
1420,1682649020839
1421,1682649020840
1422,1682649020841
1423,1682649020841
1424,1682649020841
1425,1682649020841
1426,1682649020841
1427,1682649020841
1428,1682649020842
1429,1682649020842
1430,1682649020842
1431,1682649020842
1432,1682649020842
1433,1682649020842
1434,1682649020843
1435,1682649020843
1436,1682649020843
1437,1682649020843
1438,1682649020843
1439,1682649020844
1440,1682649020844
1441,1682649020844
1442,1682649020844
1443,1682649020844
1444,1682649020845
1445,1682649020845
1446,1682649020845
1447,1682649020845
1448,1682649020846
1449,1682649020846
1450,1682649020846
1451,1682649020846
1452,1682649020847
1453,1682649020847
1454,1682649020847
1455,1682649020847
1456,1682649020847
1457,1682649020848
1458,1682649020848
1459,1682649020848
1460,1682649020848
1461,1682649020848
1462,1682649020849
1463,1682649020849
1464,1682649020849
1465,1682649020849
1466,1682649020849
1467,1682649020850
1468,1682649020850
1469,1682649020850
1470,1682649020850
1471,1682649020850
1472,1682649020850
1473,1682649020851
1474,1682649020851
1475,1682649020851
1476,1682649020851
1477,1682649020851
1478,1682649020852
1479,1682649020852
1480,1682649020852
1481,1682649020852
1482,1682649020852
1483,1682649020852
1484,1682649020853
1485,1682649020853
1486,1682649020853
1487,1682649020853
1488,1682649020853
1489,1682649020853
1490,1682649020854
1491,1682649020861
1492,1682649020861
1493,1682649020861
1494,1682649020861
1495,1682649020862
1496,1682649020862
1497,1682649020862
1498,1682649020862
1499,1682649020863
1500,1682649020863
1501,1682649020863
1502,1682649020863
1503,1682649020864
1504,1682649020864
1505,1682649020864
1506,1682649020864
1507,1682649020864
1508,1682649020865
1509,1682649020865
1510,1682649020865
1511,1682649020865
1512,1682649020865
1513,1682649020865
1514,1682649020866
1515,1682649020866
1516,1682649020866
1517,1682649020866
1518,1682649020867
1519,1682649020867
1520,1682649020867
1521,1682649020867
1522,1682649020867
1523,1682649020867
1524,1682649020867
1525,1682649020868
1526,1682649020868
1527,1682649020868
1528,1682649020868
1529,1682649020868
1530,1682649020868
1531,1682649020868
1532,1682649020869
1533,1682649020869
1534,1682649020869
1535,1682649020869
1536,1682649020869
1537,1682649020869
1538,1682649020876
1539,1682649020876
1540,1682649020876
1541,1682649020876
1542,1682649020876
1543,1682649020877
1544,1682649020877
1545,1682649020877
1546,1682649020877
1547,1682649020877
1548,1682649020878
1549,1682649020878
1550,1682649020878
1551,1682649020878
1552,1682649020879
1553,1682649020879
1554,1682649020879
1555,1682649020879
1556,1682649020879
1557,1682649020879
1558,1682649020879
1559,1682649020879
1560,1682649020880
1561,1682649020880
1562,1682649020880
1563,1682649020880
1564,1682649020880
1565,1682649020880
1566,1682649020880
1567,1682649020880
1568,1682649020881
1569,1682649020881
1570,1682649020881
1571,1682649020881
1572,1682649020894
1573,1682649020895
1574,1682649020895
1575,1682649020895
1576,1682649020895
1577,1682649020895
1578,1682649020896
1579,1682649020896
1580,1682649020896
1581,1682649020896
1582,1682649020896
1583,1682649020897
1584,1682649020897
1585,1682649020897
1586,1682649020897
1587,1682649020897
1588,1682649020897
1589,1682649020897
1590,1682649020898
1591,1682649020898
1592,1682649020898
1593,1682649020898
1594,1682649020898
1595,1682649020898
1596,1682649020899
1597,1682649020899
1598,1682649020899
1599,1682649020899
1600,1682649020899
1601,1682649020899
1602,1682649020899
1603,1682649020899
1604,1682649020900
1605,1682649020900
1606,1682649020905
1607,1682649020906
1608,1682649020906
1609,1682649020906
1610,1682649020906
1611,1682649020906
1612,1682649020906
1613,1682649020906
1614,1682649020907
1615,1682649020907
1616,1682649020907
1617,1682649020907
1618,1682649020907
1619,1682649020907
1620,1682649020907
1621,1682649020907
1622,1682649020908
1623,1682649020908
1624,1682649020908
1625,1682649020908
1626,1682649020908
1627,1682649020908
1628,1682649020908
1629,1682649020908
1630,1682649020909
1631,1682649020909
1632,1682649020909
1633,1682649020909
1634,1682649020909
1635,1682649020909
1636,1682649020909
1637,1682649020910
1638,1682649020910
1639,1682649020910
1640,1682649020910
1641,1682649020910
1642,1682649020910
1643,1682649020911
1644,1682649020911
1645,1682649020911
1646,1682649020911
1647,1682649020911
1648,1682649020911
1649,1682649020912
1650,1682649020912
1651,1682649020912
1652,1682649020912
1653,1682649020912
1654,1682649020912
1655,1682649020912
1656,1682649020912
1657,1682649020912
1658,1682649020913
1659,1682649020913
1660,1682649020913
1661,1682649020913
1662,1682649020913
1663,1682649020913
1664,1682649020913
1665,1682649020913
1666,1682649020913
1667,1682649020914
1668,1682649020914
1669,1682649020914
1670,1682649020914
1671,1682649020914
1672,1682649020915
1673,1682649020915
1674,1682649020915
1675,1682649020915
1676,1682649020915
1677,1682649020915
1678,1682649020916
1679,1682649020916
1680,1682649020916
1681,1682649020916
1682,1682649020917
1683,1682649020917
1684,1682649020917
1685,1682649020917
1686,1682649020917
1687,1682649020918
1688,1682649020918
1689,1682649020918
1690,1682649020918
1691,1682649020919
1692,1682649020919
1693,1682649020919
1694,1682649020919
1695,1682649020919
1696,1682649020920
1697,1682649020920
1698,1682649020920
1699,1682649020920
1700,1682649020920
1701,1682649020920
1702,1682649020921
1703,1682649020940
1704,1682649020940
1705,1682649020940
1706,1682649020940
1707,1682649020941
1708,1682649020941
1709,1682649020941
1710,1682649020941
1711,1682649020941
1712,1682649020942
1713,1682649020942
1714,1682649020942
1715,1682649020942
1716,1682649020942
1717,1682649020943
1718,1682649020943
1719,1682649020943
1720,1682649020943
1721,1682649020944
1722,1682649020944
1723,1682649020944
1724,1682649020944
1725,1682649020944
1726,1682649020944
1727,1682649020945
1728,1682649020945
1729,1682649020945
1730,1682649020945
1731,1682649020946
1732,1682649020946
1733,1682649020946
1734,1682649020946
1735,1682649020946
1736,1682649020947
1737,1682649020947
1738,1682649020947
1739,1682649020947
1740,1682649020948
1741,1682649020948
1742,1682649020948
1743,1682649020948
1744,1682649020948
1745,1682649020949
1746,1682649020949
1747,1682649020949
1748,1682649020949
1749,1682649020950
1750,1682649020950
1751,1682649020950
1752,1682649020950
1753,1682649020951
1754,1682649020951
1755,1682649020951
1756,1682649020951
1757,1682649020952
1758,1682649020952
1759,1682649020952
1760,1682649020952
1761,1682649020952
1762,1682649020953
1763,1682649020953
1764,1682649020953
1765,1682649020953
1766,1682649020954
1767,1682649020954
1768,1682649020954
1769,1682649020954
1770,1682649020955
1771,1682649020955
1772,1682649020955
1773,1682649020955
1774,1682649020955
1775,1682649020955
1776,1682649020956
1777,1682649020956
1778,1682649020956
1779,1682649020956
1780,1682649020956
1781,1682649020957
1782,1682649020957
1783,1682649020957
1784,1682649020957
1785,1682649020957
1786,1682649020958
1787,1682649020958
1788,1682649020958
1789,1682649020958
1790,1682649020958
1791,1682649020959
1792,1682649020959
