1,1682648425662
2,1682648425667
3,1682648425668
4,1682648425671
5,1682648425672
6,1682648425673
7,1682648425674
8,1682648425675
9,1682648425676
10,1682648425680
11,1682648425681
12,1682648425682
13,1682648425683
14,1682648425684
15,1682648425685
16,1682648425686
17,1682648425686
18,1682648425687
19,1682648425688
20,1682648425689
21,1682648425689
22,1682648427482
23,1682648427483
24,1682648427484
25,1682648427485
26,1682648427486
27,1682648427487
28,1682648427487
29,1682648427488
30,1682648427489
31,1682648427490
32,1682648427490
33,1682648427492
34,1682648427493
35,1682648427497
36,1682648427499
37,1682648427500
38,1682648427501
39,1682648427502
40,1682648427503
41,1682648427504
42,1682648427505
43,1682648427506
44,1682648427507
45,1682648427507
46,1682648427509
47,1682648427509
48,1682648427510
49,1682648427511
50,1682648427512
51,1682648427513
52,1682648427513
53,1682648427514
54,1682648427514
55,1682648427515
56,1682648427516
57,1682648427516
58,1682648427517
59,1682648427518
60,1682648427518
61,1682648427519
62,1682648427521
63,1682648427522
64,1682648427523
65,1682648427524
66,1682648427525
67,1682648427525
68,1682648427526
69,1682648427526
70,1682648427527
71,1682648427528
72,1682648427529
73,1682648427529
74,1682648427530
75,1682648427530
76,1682648427531
77,1682648427531
78,1682648427532
79,1682648427532
80,1682648427533
81,1682648427533
82,1682648427534
83,1682648427534
84,1682648427534
85,1682648427535
86,1682648427535
87,1682648427536
88,1682648427536
89,1682648427537
90,1682648427537
91,1682648427538
92,1682648427538
93,1682648427539
94,1682648427539
95,1682648427540
96,1682648427540
97,1682648427541
98,1682648427541
99,1682648427542
100,1682648427542
101,1682648427543
102,1682648427547
103,1682648427547
104,1682648427548
105,1682648427548
106,1682648427549
107,1682648427549
108,1682648427549
109,1682648427550
110,1682648427550
111,1682648427551
112,1682648427551
113,1682648427552
114,1682648427552
115,1682648427553
116,1682648427553
117,1682648427554
118,1682648427554
119,1682648427555
120,1682648427556
121,1682648427557
122,1682648427557
123,1682648427558
124,1682648427558
125,1682648427559
126,1682648427559
127,1682648427560
128,1682648427561
129,1682648427562
130,1682648427563
131,1682648427564
132,1682648427564
133,1682648427565
134,1682648427566
135,1682648427567
136,1682648427567
137,1682648427568
138,1682648427568
139,1682648427569
140,1682648427570
141,1682648427570
142,1682648427570
143,1682648427571
144,1682648427572
145,1682648427573
146,1682648427573
147,1682648427574
148,1682648427575
149,1682648427575
150,1682648427576
151,1682648427577
152,1682648427577
153,1682648427578
154,1682648427581
155,1682648427582
156,1682648427583
157,1682648427583
158,1682648427584
159,1682648427584
160,1682648427585
161,1682648427585
162,1682648427586
163,1682648427586
164,1682648427587
165,1682648427587
166,1682648427588
167,1682648427588
168,1682648427588
169,1682648427589
170,1682648427589
171,1682648427590
172,1682648427590
173,1682648427591
174,1682648427591
175,1682648427593
176,1682648427596
177,1682648427597
178,1682648427598
179,1682648427600
180,1682648427601
181,1682648427601
182,1682648427602
183,1682648427603
184,1682648427604
185,1682648427604
186,1682648427605
187,1682648427605
188,1682648427606
189,1682648427607
190,1682648427607
191,1682648427608
192,1682648427608
193,1682648427609
194,1682648427609
195,1682648427609
196,1682648427610
197,1682648427611
198,1682648427611
199,1682648427612
200,1682648427613
201,1682648427614
202,1682648427614
203,1682648427615
204,1682648427616
205,1682648427616
206,1682648427616
207,1682648427617
208,1682648427617
209,1682648427618
210,1682648427618
211,1682648427619
212,1682648427619
213,1682648427619
214,1682648427620
215,1682648427620
216,1682648427621
217,1682648427621
218,1682648427622
219,1682648427622
220,1682648427623
221,1682648427623
222,1682648427623
223,1682648427624
224,1682648427624
225,1682648427625
226,1682648427625
227,1682648427626
228,1682648427626
229,1682648427628
230,1682648427628
231,1682648427629
232,1682648427629
233,1682648427630
234,1682648427631
235,1682648427631
236,1682648427631
237,1682648427632
238,1682648427633
239,1682648427633
240,1682648427634
241,1682648427634
242,1682648427635
243,1682648427635
244,1682648427636
245,1682648427636
246,1682648427637
247,1682648427637
248,1682648427638
249,1682648427638
250,1682648427639
251,1682648427639
252,1682648427640
253,1682648427640
254,1682648427641
255,1682648427641
256,1682648427642
257,1682648427642
258,1682648427643
259,1682648427643
260,1682648427644
261,1682648427648
262,1682648427648
263,1682648427649
264,1682648427649
265,1682648427649
266,1682648427650
267,1682648427650
268,1682648427651
269,1682648427651
270,1682648427652
271,1682648427652
272,1682648427653
273,1682648427653
274,1682648427654
275,1682648427654
276,1682648427654
277,1682648427655
278,1682648427655
279,1682648427656
280,1682648427656
281,1682648427657
282,1682648427657
283,1682648427658
284,1682648427658
285,1682648427659
286,1682648427659
287,1682648427660
288,1682648427661
289,1682648427661
290,1682648427664
291,1682648427665
292,1682648427665
293,1682648427666
294,1682648427666
295,1682648427667
296,1682648427667
297,1682648427668
298,1682648427668
299,1682648427669
300,1682648427669
301,1682648427669
302,1682648427670
303,1682648427670
304,1682648427670
305,1682648427671
306,1682648427671
307,1682648427672
308,1682648427672
309,1682648427672
310,1682648427673
311,1682648427673
312,1682648427674
313,1682648427674
314,1682648427674
315,1682648427675
316,1682648427675
317,1682648427675
318,1682648427676
319,1682648427676
320,1682648427677
321,1682648427677
322,1682648427677
323,1682648427681
324,1682648427681
325,1682648427682
326,1682648427683
327,1682648427683
328,1682648427684
329,1682648427684
330,1682648427685
331,1682648427685
332,1682648427686
333,1682648427686
334,1682648427686
335,1682648427687
336,1682648427692
337,1682648427693
338,1682648427694
339,1682648427695
340,1682648427696
341,1682648427696
342,1682648427697
343,1682648427698
344,1682648427698
345,1682648427699
346,1682648427699
347,1682648427700
348,1682648427700
349,1682648427702
350,1682648427702
351,1682648427703
352,1682648427703
353,1682648427704
354,1682648427705
355,1682648427705
356,1682648427706
357,1682648427706
358,1682648427707
359,1682648427707
360,1682648427708
361,1682648427708
362,1682648427709
363,1682648427709
364,1682648427722
365,1682648427722
366,1682648427723
367,1682648427724
368,1682648427724
369,1682648427725
370,1682648427725
371,1682648427726
372,1682648427732
373,1682648427732
374,1682648427732
375,1682648427732
376,1682648427733
377,1682648427733
378,1682648427733
379,1682648427733
380,1682648427734
381,1682648427734
382,1682648427734
383,1682648427734
384,1682648427735
385,1682648427739
386,1682648427739
387,1682648427739
388,1682648427740
389,1682648427740
390,1682648427740
391,1682648427741
392,1682648427741
393,1682648427741
394,1682648427741
395,1682648427742
396,1682648427742
397,1682648427742
398,1682648427742
399,1682648427743
400,1682648427743
401,1682648427743
402,1682648427743
403,1682648427743
404,1682648427744
405,1682648427744
406,1682648427744
407,1682648427744
408,1682648427744
409,1682648427745
410,1682648427745
411,1682648427762
412,1682648427763
413,1682648427763
414,1682648427763
415,1682648427763
416,1682648427763
417,1682648427764
418,1682648427764
419,1682648427764
420,1682648427764
421,1682648427764
422,1682648427764
423,1682648427765
424,1682648427765
425,1682648427765
426,1682648427765
427,1682648427765
428,1682648427765
429,1682648427766
430,1682648427766
431,1682648427766
432,1682648427766
433,1682648427766
434,1682648427766
435,1682648427780
436,1682648427780
437,1682648427780
438,1682648427781
439,1682648427781
440,1682648427781
441,1682648427781
442,1682648427782
443,1682648427782
444,1682648427782
445,1682648427782
446,1682648427782
447,1682648427783
448,1682648427783
449,1682648427783
450,1682648427783
451,1682648427783
452,1682648427784
453,1682648427798
454,1682648427798
455,1682648427798
456,1682648427798
457,1682648427798
458,1682648427798
459,1682648427799
460,1682648427805
461,1682648427805
462,1682648427805
463,1682648427805
464,1682648427805
465,1682648427806
466,1682648427806
467,1682648427806
468,1682648427806
469,1682648427806
470,1682648427807
471,1682648427807
472,1682648427807
473,1682648427807
474,1682648427807
475,1682648427807
476,1682648427807
477,1682648427808
478,1682648427808
479,1682648427808
480,1682648427808
481,1682648427808
482,1682648427821
483,1682648427821
484,1682648427821
485,1682648427822
486,1682648427822
487,1682648427836
488,1682648427837
489,1682648427837
490,1682648427837
491,1682648427837
492,1682648427838
493,1682648427838
494,1682648427838
495,1682648427839
496,1682648427839
497,1682648427839
498,1682648427839
499,1682648427840
500,1682648427840
501,1682648427840
502,1682648427841
503,1682648427841
504,1682648427841
505,1682648427841
506,1682648427841
507,1682648427842
508,1682648427842
509,1682648427842
510,1682648427843
511,1682648427843
512,1682648427843
513,1682648427844
514,1682648427844
515,1682648427844
516,1682648427844
517,1682648427845
518,1682648427845
519,1682648427845
520,1682648427845
521,1682648427845
522,1682648427846
523,1682648427846
524,1682648427846
525,1682648427847
526,1682648427847
527,1682648427847
528,1682648427847
529,1682648427847
530,1682648427848
531,1682648427848
532,1682648427865
533,1682648427865
534,1682648427866
535,1682648427866
536,1682648427866
537,1682648427866
538,1682648427867
539,1682648427867
540,1682648427867
541,1682648427867
542,1682648427868
543,1682648427868
544,1682648427868
545,1682648427868
546,1682648427868
547,1682648427868
548,1682648427869
549,1682648427869
550,1682648427869
551,1682648427869
552,1682648427869
553,1682648427869
554,1682648427870
555,1682648427870
556,1682648427881
557,1682648427881
558,1682648427881
559,1682648427881
560,1682648427881
561,1682648427882
562,1682648427882
563,1682648427882
564,1682648427882
565,1682648427882
566,1682648427883
567,1682648427883
568,1682648427883
569,1682648427883
570,1682648427883
571,1682648427883
572,1682648427883
573,1682648427884
574,1682648427884
575,1682648427884
576,1682648427884
577,1682648427884
578,1682648427884
579,1682648427885
580,1682648427885
581,1682648427885
582,1682648427885
583,1682648427885
584,1682648427885
585,1682648427885
586,1682648427886
587,1682648427886
588,1682648427886
589,1682648427886
590,1682648427886
591,1682648427886
592,1682648427887
593,1682648427887
594,1682648427887
595,1682648427887
596,1682648427887
597,1682648427888
598,1682648427888
599,1682648427888
600,1682648427888
601,1682648427888
602,1682648427900
603,1682648427900
604,1682648427901
605,1682648427901
606,1682648427901
607,1682648427901
608,1682648427901
609,1682648427901
610,1682648427902
611,1682648427902
612,1682648427902
613,1682648427902
614,1682648427902
615,1682648427903
616,1682648427903
617,1682648427903
618,1682648427903
619,1682648427903
620,1682648427903
621,1682648427904
622,1682648427904
623,1682648427909
624,1682648427909
625,1682648427909
626,1682648427909
627,1682648427910
628,1682648427910
629,1682648427910
630,1682648427910
631,1682648427911
632,1682648427911
633,1682648427911
634,1682648427912
635,1682648427912
636,1682648427912
637,1682648427912
638,1682648427912
639,1682648427913
640,1682648427913
641,1682648427913
642,1682648427914
643,1682648427914
644,1682648427914
645,1682648427921
646,1682648427921
647,1682648427921
648,1682648427922
649,1682648427922
650,1682648427922
651,1682648427922
652,1682648427923
653,1682648427923
654,1682648427923
655,1682648427923
656,1682648427923
657,1682648427924
658,1682648427924
659,1682648427924
660,1682648427924
661,1682648427924
662,1682648427924
663,1682648427924
664,1682648427925
665,1682648427925
666,1682648427925
667,1682648427925
668,1682648427925
669,1682648427925
670,1682648427926
671,1682648427926
672,1682648427926
673,1682648427926
674,1682648427926
675,1682648427926
676,1682648427926
677,1682648427927
678,1682648427927
679,1682648427927
680,1682648427927
681,1682648427927
682,1682648427928
683,1682648427928
684,1682648427928
685,1682648427928
686,1682648427928
687,1682648427941
688,1682648427941
689,1682648427941
690,1682648427942
691,1682648427942
692,1682648427942
693,1682648427942
694,1682648427943
695,1682648427943
696,1682648427943
697,1682648427944
698,1682648427944
699,1682648427944
700,1682648427944
701,1682648427945
702,1682648427945
703,1682648427945
704,1682648427945
705,1682648427945
706,1682648427946
707,1682648427946
708,1682648427946
709,1682648427946
710,1682648427946
711,1682648427947
712,1682648427947
713,1682648427947
714,1682648427947
715,1682648427948
716,1682648427948
717,1682648427948
718,1682648427948
719,1682648427948
720,1682648427949
721,1682648427949
722,1682648427949
723,1682648427949
724,1682648427949
725,1682648427950
726,1682648427950
727,1682648427950
728,1682648427950
729,1682648427951
730,1682648427951
731,1682648427951
732,1682648427951
733,1682648427951
734,1682648427951
735,1682648427960
736,1682648427961
737,1682648427961
738,1682648427961
739,1682648427962
740,1682648427962
741,1682648427962
742,1682648427962
743,1682648427963
744,1682648427963
745,1682648427963
746,1682648427963
747,1682648427964
748,1682648427964
749,1682648427964
750,1682648427965
751,1682648427965
752,1682648427965
753,1682648427965
754,1682648427966
755,1682648427966
756,1682648427966
757,1682648427966
758,1682648427966
759,1682648427966
760,1682648427967
761,1682648427967
762,1682648427967
763,1682648427967
764,1682648427967
765,1682648427967
766,1682648427967
767,1682648427968
768,1682648427968
769,1682648427968
770,1682648427968
771,1682648427969
772,1682648427969
773,1682648427969
774,1682648427969
775,1682648427970
776,1682648427970
777,1682648427970
778,1682648427970
779,1682648427971
780,1682648427971
781,1682648427971
782,1682648427971
783,1682648427972
784,1682648427972
785,1682648427972
786,1682648427972
787,1682648427976
788,1682648427977
789,1682648427977
790,1682648427977
791,1682648427977
792,1682648427978
793,1682648427978
794,1682648427978
795,1682648427978
796,1682648427979
797,1682648427979
798,1682648427982
799,1682648427982
800,1682648427982
801,1682648427983
802,1682648427983
803,1682648427983
804,1682648427983
805,1682648427983
806,1682648427984
807,1682648427984
808,1682648428005
809,1682648428005
810,1682648428005
811,1682648428006
812,1682648428006
813,1682648428006
814,1682648428006
815,1682648428006
816,1682648428007
817,1682648428007
818,1682648428007
819,1682648428007
820,1682648428008
821,1682648428008
822,1682648428008
823,1682648428008
824,1682648428008
825,1682648428009
826,1682648428009
827,1682648428009
828,1682648428009
829,1682648428009
830,1682648428009
831,1682648428010
832,1682648428010
833,1682648428010
834,1682648428010
835,1682648428010
836,1682648428011
837,1682648428011
838,1682648428011
839,1682648428011
840,1682648428012
841,1682648428012
842,1682648428012
843,1682648428012
844,1682648428013
845,1682648428013
846,1682648428013
847,1682648428013
848,1682648428014
849,1682648428014
850,1682648428014
851,1682648428014
852,1682648428015
853,1682648428015
854,1682648428015
855,1682648428015
856,1682648428015
857,1682648428015
858,1682648428016
859,1682648428016
860,1682648428016
861,1682648428016
862,1682648428016
863,1682648428016
864,1682648428017
865,1682648428017
866,1682648428017
867,1682648428021
868,1682648428021
869,1682648428022
870,1682648428022
871,1682648428022
872,1682648428022
873,1682648428023
874,1682648428023
875,1682648428023
876,1682648428023
877,1682648428023
878,1682648428023
879,1682648428023
880,1682648428024
881,1682648428024
882,1682648428024
883,1682648428024
884,1682648428024
885,1682648428024
886,1682648428025
887,1682648428025
888,1682648428025
889,1682648428025
890,1682648428026
891,1682648428026
892,1682648428026
893,1682648428026
894,1682648428027
895,1682648428027
896,1682648428027
897,1682648428028
898,1682648428028
899,1682648428028
900,1682648428028
901,1682648428029
902,1682648428029
903,1682648428029
904,1682648428029
905,1682648428029
906,1682648428029
907,1682648428030
908,1682648428030
909,1682648428030
910,1682648428030
911,1682648428030
912,1682648428031
913,1682648428031
914,1682648428031
915,1682648428031
916,1682648428032
917,1682648428032
918,1682648428032
919,1682648428032
920,1682648428033
921,1682648428033
922,1682648428033
923,1682648428033
924,1682648428033
925,1682648428040
926,1682648428040
927,1682648428041
928,1682648428041
929,1682648428041
930,1682648428041
931,1682648428042
932,1682648428042
933,1682648428042
934,1682648428042
935,1682648428043
936,1682648428043
937,1682648428043
938,1682648428043
939,1682648428044
940,1682648428044
941,1682648428044
942,1682648428044
943,1682648428044
944,1682648428045
945,1682648428045
946,1682648428045
947,1682648428045
948,1682648428045
949,1682648428046
950,1682648428046
951,1682648428046
952,1682648428046
953,1682648428046
954,1682648428047
955,1682648428047
956,1682648428047
957,1682648428047
958,1682648428047
959,1682648428063
960,1682648428064
961,1682648428064
962,1682648428064
963,1682648428064
964,1682648428064
965,1682648428065
966,1682648428065
967,1682648428065
968,1682648428065
969,1682648428066
970,1682648428066
971,1682648428066
972,1682648428066
973,1682648428067
974,1682648428067
975,1682648428067
976,1682648428067
977,1682648428068
978,1682648428068
979,1682648428068
980,1682648428068
981,1682648428068
982,1682648428069
983,1682648428069
984,1682648428069
985,1682648428069
986,1682648428070
987,1682648428070
988,1682648428070
989,1682648428070
990,1682648428071
991,1682648428071
992,1682648428071
993,1682648428071
994,1682648428072
995,1682648428072
996,1682648428072
997,1682648428072
998,1682648428072
999,1682648428073
1000,1682648428073
1001,1682648428073
1002,1682648428073
1003,1682648428073
1004,1682648428074
1005,1682648428074
1006,1682648428074
1007,1682648428074
1008,1682648428074
1009,1682648428074
1010,1682648428075
1011,1682648428075
1012,1682648428075
1013,1682648428075
1014,1682648428075
1015,1682648428075
1016,1682648428076
1017,1682648428076
1018,1682648428076
1019,1682648428076
1020,1682648428076
1021,1682648428076
1022,1682648428077
1023,1682648428077
1024,1682648428077
