1,1682648054740
2,1682648054742
3,1682648054744
4,1682648054745
5,1682648054747
6,1682648054748
7,1682648054749
8,1682648054750
9,1682648054757
10,1682648054761
11,1682648054764
12,1682648054774
13,1682648054776
14,1682648054784
15,1682648054793
16,1682648054797
17,1682648054799
18,1682648054807
19,1682648054810
20,1682648054812
21,1682648054816
22,1682648054817
23,1682648054818
24,1682648054823
25,1682648054827
26,1682648055348
27,1682648055357
28,1682648055361
29,1682648055362
30,1682648055364
31,1682648055365
32,1682648055365
33,1682648055366
34,1682648055367
35,1682648055374
36,1682648055375
37,1682648055376
38,1682648055378
39,1682648055379
40,1682648055380
41,1682648055382
42,1682648055383
43,1682648055384
44,1682648055388
45,1682648055390
46,1682648055392
47,1682648055406
48,1682648055410
49,1682648055412
50,1682648055414
51,1682648055415
52,1682648055416
53,1682648055461
54,1682648055462
55,1682648055463
56,1682648055464
57,1682648055465
58,1682648055466
59,1682648055467
60,1682648055467
61,1682648055469
62,1682648055476
63,1682648055480
64,1682648055490
65,1682648055508
66,1682648055513
67,1682648055514
68,1682648055515
69,1682648055516
70,1682648055516
71,1682648055517
72,1682648055517
73,1682648055523
74,1682648055529
75,1682648055531
76,1682648055532
77,1682648055532
78,1682648055533
79,1682648055534
80,1682648055534
81,1682648055539
82,1682648055541
83,1682648055542
84,1682648055543
85,1682648055545
86,1682648055549
87,1682648055557
88,1682648055560
89,1682648055560
90,1682648055561
91,1682648055561
92,1682648055562
93,1682648055562
94,1682648055563
95,1682648055564
96,1682648055564
97,1682648055565
98,1682648055565
99,1682648055566
100,1682648055566
101,1682648055567
102,1682648055567
103,1682648055567
104,1682648055568
105,1682648055573
106,1682648055575
107,1682648055577
108,1682648055582
109,1682648055583
110,1682648055584
111,1682648055587
112,1682648055589
113,1682648055592
114,1682648055593
115,1682648055594
116,1682648055596
117,1682648055596
118,1682648055597
119,1682648055597
120,1682648055597
121,1682648055598
122,1682648055598
123,1682648055598
124,1682648055599
125,1682648055599
126,1682648055600
127,1682648055600
128,1682648055601
129,1682648055601
130,1682648055601
131,1682648055613
132,1682648055614
133,1682648055614
134,1682648055614
135,1682648055615
136,1682648055615
137,1682648055616
138,1682648055617
139,1682648055617
140,1682648055618
141,1682648055627
142,1682648055627
143,1682648055628
144,1682648055629
145,1682648055632
146,1682648055633
147,1682648055634
148,1682648055640
149,1682648055645
150,1682648055648
151,1682648055648
152,1682648055649
153,1682648055649
154,1682648055649
155,1682648056217
156,1682648056219
157,1682648056222
158,1682648056222
159,1682648056223
160,1682648056224
161,1682648056224
162,1682648056225
163,1682648056226
164,1682648056226
165,1682648056227
166,1682648056227
167,1682648056228
168,1682648056229
169,1682648056229
170,1682648056230
171,1682648056231
172,1682648056232
173,1682648056232
174,1682648056234
175,1682648056234
176,1682648056240
177,1682648056242
178,1682648056242
179,1682648056243
180,1682648056244
181,1682648056245
182,1682648056246
183,1682648056246
184,1682648056247
185,1682648056248
186,1682648056248
187,1682648056249
188,1682648056250
189,1682648056251
190,1682648056256
191,1682648056258
192,1682648056259
193,1682648056261
194,1682648056262
195,1682648056265
196,1682648056266
197,1682648056267
198,1682648056269
199,1682648056271
200,1682648056272
201,1682648056273
202,1682648056274
203,1682648056276
204,1682648056277
205,1682648056278
206,1682648056279
207,1682648056280
208,1682648056281
209,1682648056281
210,1682648056282
211,1682648056282
212,1682648056283
213,1682648056283
214,1682648056284
215,1682648056289
216,1682648056290
217,1682648056291
218,1682648056291
219,1682648056292
220,1682648056293
221,1682648056293
222,1682648056294
223,1682648056294
224,1682648056295
225,1682648056296
226,1682648056298
227,1682648056298
228,1682648056299
229,1682648056300
230,1682648056301
231,1682648056306
232,1682648056307
233,1682648056308
234,1682648056310
235,1682648056311
236,1682648056311
237,1682648056312
238,1682648056313
239,1682648056314
240,1682648056315
241,1682648056316
242,1682648056317
243,1682648056321
244,1682648056324
245,1682648056325
246,1682648056326
247,1682648056328
248,1682648056329
249,1682648056329
250,1682648056330
251,1682648056331
252,1682648056331
253,1682648056332
254,1682648056333
255,1682648056334
256,1682648056339
257,1682648056340
258,1682648056341
259,1682648056341
260,1682648056342
261,1682648056342
262,1682648056343
263,1682648056343
264,1682648056344
265,1682648056344
266,1682648056345
267,1682648056346
268,1682648056347
269,1682648056347
270,1682648056348
271,1682648056349
272,1682648056350
273,1682648056352
274,1682648056353
275,1682648056355
276,1682648056356
277,1682648056357
278,1682648056357
279,1682648056358
280,1682648056359
281,1682648056359
282,1682648056361
283,1682648056362
284,1682648056363
285,1682648056363
286,1682648056365
287,1682648056367
288,1682648056369
289,1682648056370
290,1682648056371
291,1682648056373
292,1682648056374
293,1682648056375
294,1682648056376
295,1682648056376
296,1682648056377
297,1682648056377
298,1682648056378
299,1682648056379
300,1682648056380
301,1682648056380
302,1682648056381
303,1682648056383
304,1682648056384
305,1682648056387
306,1682648056388
307,1682648056389
308,1682648056390
309,1682648056397
310,1682648056398
311,1682648056398
312,1682648056398
313,1682648056399
314,1682648056399
315,1682648056399
316,1682648056400
317,1682648056400
318,1682648056400
319,1682648056401
320,1682648056401
321,1682648056401
322,1682648056402
323,1682648056403
324,1682648056404
325,1682648056405
326,1682648056406
327,1682648056406
328,1682648056407
329,1682648056407
330,1682648056408
331,1682648056409
332,1682648056409
333,1682648056410
334,1682648056410
335,1682648056410
336,1682648056411
337,1682648056411
338,1682648056412
339,1682648056412
340,1682648056412
341,1682648056413
342,1682648056414
343,1682648056414
344,1682648056415
345,1682648056415
346,1682648056416
347,1682648056416
348,1682648056417
349,1682648056417
350,1682648056418
351,1682648056418
352,1682648056419
353,1682648056420
354,1682648056421
355,1682648056422
356,1682648056422
357,1682648056422
358,1682648056423
359,1682648056423
360,1682648056423
361,1682648056424
362,1682648056424
363,1682648056424
364,1682648056425
365,1682648056425
366,1682648056425
367,1682648056426
368,1682648056426
369,1682648056427
370,1682648056427
371,1682648056427
372,1682648056428
373,1682648056428
374,1682648056428
375,1682648056429
376,1682648056429
377,1682648056429
378,1682648056429
379,1682648056430
380,1682648056430
381,1682648056430
382,1682648056431
383,1682648056431
384,1682648056432
385,1682648056432
386,1682648056432
387,1682648056433
388,1682648056433
389,1682648056433
390,1682648056434
391,1682648056434
392,1682648056435
393,1682648056436
394,1682648056437
395,1682648056437
396,1682648056438
397,1682648056439
398,1682648056439
399,1682648056440
400,1682648056440
401,1682648056440
402,1682648056441
403,1682648056441
404,1682648056441
405,1682648056442
406,1682648056442
407,1682648056442
408,1682648056442
409,1682648056443
410,1682648056443
411,1682648056443
412,1682648056443
413,1682648056444
414,1682648056444
415,1682648056444
416,1682648056444
417,1682648056445
418,1682648056445
419,1682648056445
420,1682648056446
421,1682648056446
422,1682648056446
423,1682648056447
424,1682648056447
425,1682648056447
426,1682648056447
427,1682648056448
428,1682648056448
429,1682648056449
430,1682648056449
431,1682648056449
432,1682648056450
433,1682648056450
434,1682648056451
435,1682648056452
436,1682648056452
437,1682648056452
438,1682648056453
439,1682648056454
440,1682648056454
441,1682648056454
442,1682648056455
443,1682648056455
444,1682648056456
445,1682648056456
446,1682648056457
447,1682648056457
448,1682648056457
449,1682648056458
450,1682648056458
451,1682648056459
452,1682648056459
453,1682648056459
454,1682648056460
455,1682648056460
456,1682648056460
457,1682648056461
458,1682648056461
459,1682648056461
460,1682648056462
461,1682648056462
462,1682648056462
463,1682648056463
464,1682648056463
465,1682648056463
466,1682648056464
467,1682648056464
468,1682648056464
469,1682648056465
470,1682648056465
471,1682648056465
472,1682648056466
473,1682648056466
474,1682648056466
475,1682648056466
476,1682648056467
477,1682648056467
478,1682648056467
479,1682648056468
480,1682648056470
481,1682648056471
482,1682648056472
483,1682648056472
484,1682648056473
485,1682648056473
486,1682648056473
487,1682648056474
488,1682648056474
489,1682648056474
490,1682648056475
491,1682648056475
492,1682648056475
493,1682648056476
494,1682648056476
495,1682648056476
496,1682648056477
497,1682648056477
498,1682648056478
499,1682648056478
500,1682648056478
501,1682648056479
502,1682648056479
503,1682648056479
504,1682648056479
505,1682648056480
506,1682648056480
507,1682648056480
508,1682648056481
509,1682648056481
510,1682648056481
511,1682648056482
512,1682648056482
