1,1682648543631
2,1682648543637
3,1682648543638
4,1682648543638
5,1682648543639
6,1682648543639
7,1682648543640
8,1682648543641
9,1682648543641
10,1682648543642
11,1682648543642
12,1682648543643
13,1682648543643
14,1682648543644
15,1682648543650
16,1682648543651
17,1682648543651
18,1682648543652
19,1682648543652
20,1682648543652
21,1682648543653
22,1682648543653
23,1682648543654
24,1682648543654
25,1682648543654
26,1682648543655
27,1682648546045
28,1682648546046
29,1682648546047
30,1682648546048
31,1682648546049
32,1682648546051
33,1682648546052
34,1682648546053
35,1682648546054
36,1682648546055
37,1682648546056
38,1682648546057
39,1682648546058
40,1682648546059
41,1682648546061
42,1682648546062
43,1682648546063
44,1682648546064
45,1682648546066
46,1682648546067
47,1682648546068
48,1682648546069
49,1682648546069
50,1682648546070
51,1682648546070
52,1682648546071
53,1682648546071
54,1682648546071
55,1682648546072
56,1682648546072
57,1682648546072
58,1682648546073
59,1682648546073
60,1682648546073
61,1682648546074
62,1682648546074
63,1682648546074
64,1682648546075
65,1682648546075
66,1682648546075
67,1682648546076
68,1682648546076
69,1682648546077
70,1682648546077
71,1682648546078
72,1682648546078
73,1682648546079
74,1682648546079
75,1682648546080
76,1682648546080
77,1682648546081
78,1682648546081
79,1682648546082
80,1682648546082
81,1682648546083
82,1682648546083
83,1682648546084
84,1682648546084
85,1682648546085
86,1682648546085
87,1682648546086
88,1682648546086
89,1682648546087
90,1682648546087
91,1682648546088
92,1682648546088
93,1682648546088
94,1682648546089
95,1682648546089
96,1682648546090
97,1682648546090
98,1682648546091
99,1682648546091
100,1682648546091
101,1682648546092
102,1682648546092
103,1682648546092
104,1682648546092
105,1682648546093
106,1682648546093
107,1682648546093
108,1682648546094
109,1682648546094
110,1682648546094
111,1682648546094
112,1682648546095
113,1682648546095
114,1682648546095
115,1682648546096
116,1682648546096
117,1682648546096
118,1682648546097
119,1682648546097
120,1682648546097
121,1682648546098
122,1682648546098
123,1682648546099
124,1682648546099
125,1682648546100
126,1682648546100
127,1682648546101
128,1682648546101
129,1682648546101
130,1682648546102
131,1682648546102
132,1682648546103
133,1682648546103
134,1682648546104
135,1682648546104
136,1682648546104
137,1682648546105
138,1682648546105
139,1682648546105
140,1682648546105
141,1682648546106
142,1682648546106
143,1682648546107
144,1682648546107
145,1682648546107
146,1682648546108
147,1682648546108
148,1682648546108
149,1682648546109
150,1682648546109
151,1682648546110
152,1682648546110
153,1682648546110
154,1682648546110
155,1682648546111
156,1682648546111
157,1682648546111
158,1682648546111
159,1682648546112
160,1682648546112
161,1682648546112
162,1682648546112
163,1682648546113
164,1682648546113
165,1682648546113
166,1682648546113
167,1682648546114
168,1682648546114
169,1682648546114
170,1682648546114
171,1682648546115
172,1682648546115
173,1682648546115
174,1682648546115
175,1682648546116
176,1682648546116
177,1682648546117
178,1682648546117
179,1682648546117
180,1682648546117
181,1682648546118
182,1682648546118
183,1682648546118
184,1682648546118
185,1682648546119
186,1682648546119
187,1682648546119
188,1682648546119
189,1682648546120
190,1682648546120
191,1682648546120
192,1682648546120
193,1682648546121
194,1682648546121
195,1682648546121
196,1682648546121
197,1682648546122
198,1682648546122
199,1682648546122
200,1682648546122
201,1682648546123
202,1682648546123
203,1682648546123
204,1682648546124
205,1682648546124
206,1682648546124
207,1682648546124
208,1682648546125
209,1682648546125
210,1682648546126
211,1682648546126
212,1682648546126
213,1682648546126
214,1682648546127
215,1682648546127
216,1682648546127
217,1682648546128
218,1682648546128
219,1682648546129
220,1682648546129
221,1682648546129
222,1682648546130
223,1682648546130
224,1682648546131
225,1682648546131
226,1682648546131
227,1682648546132
228,1682648546132
229,1682648546133
230,1682648546133
231,1682648546133
232,1682648546134
233,1682648546134
234,1682648546134
235,1682648546135
236,1682648546135
237,1682648546135
238,1682648546136
239,1682648546136
240,1682648546136
241,1682648546136
242,1682648546137
243,1682648546137
244,1682648546137
245,1682648546138
246,1682648546138
247,1682648546138
248,1682648546138
249,1682648546139
250,1682648546139
251,1682648546139
252,1682648546140
253,1682648546140
254,1682648546140
255,1682648546140
256,1682648546142
257,1682648546143
258,1682648546143
259,1682648546147
260,1682648546149
261,1682648546149
262,1682648546150
263,1682648546151
264,1682648546151
265,1682648546152
266,1682648546152
267,1682648546153
268,1682648546153
269,1682648546153
270,1682648546154
271,1682648546154
272,1682648546155
273,1682648546155
274,1682648546156
275,1682648546156
276,1682648546160
277,1682648546161
278,1682648546161
279,1682648546161
280,1682648546161
281,1682648546162
282,1682648546162
283,1682648546168
284,1682648546168
285,1682648546169
286,1682648546169
287,1682648546169
288,1682648546169
289,1682648546169
290,1682648546170
291,1682648546170
292,1682648546170
293,1682648546170
294,1682648546170
295,1682648546171
296,1682648546182
297,1682648546183
298,1682648546183
299,1682648546183
300,1682648546184
301,1682648546184
302,1682648546184
303,1682648546184
304,1682648546185
305,1682648546185
306,1682648546185
307,1682648546185
308,1682648546185
309,1682648546186
310,1682648546186
311,1682648546186
312,1682648546186
313,1682648546186
314,1682648546186
315,1682648546186
316,1682648546195
317,1682648546198
318,1682648546198
319,1682648546198
320,1682648546207
321,1682648546207
322,1682648546207
323,1682648546207
324,1682648546207
325,1682648546208
326,1682648546208
327,1682648546208
328,1682648546208
329,1682648546208
330,1682648546208
331,1682648546209
332,1682648546218
333,1682648546218
334,1682648546219
335,1682648546219
336,1682648546219
337,1682648546219
338,1682648546220
339,1682648546220
340,1682648546220
341,1682648546220
342,1682648546220
343,1682648546221
344,1682648546221
345,1682648546221
346,1682648546229
347,1682648546230
348,1682648546230
349,1682648546230
350,1682648546230
351,1682648546236
352,1682648546236
353,1682648546237
354,1682648546237
355,1682648546237
356,1682648546237
357,1682648546237
358,1682648546238
359,1682648546238
360,1682648546238
361,1682648546238
362,1682648546238
363,1682648546239
364,1682648546239
365,1682648546239
366,1682648546239
367,1682648546240
368,1682648546240
369,1682648546240
370,1682648546254
371,1682648546254
372,1682648546254
373,1682648546255
374,1682648546255
375,1682648546255
376,1682648546255
377,1682648546256
378,1682648546256
379,1682648546256
380,1682648546256
381,1682648546267
382,1682648546267
383,1682648546268
384,1682648546272
385,1682648546272
386,1682648546272
387,1682648546272
388,1682648546273
389,1682648546273
390,1682648546273
391,1682648546273
392,1682648546273
393,1682648546273
394,1682648546274
395,1682648546274
396,1682648546274
397,1682648546285
398,1682648546285
399,1682648546286
400,1682648546286
401,1682648546286
402,1682648546287
403,1682648546287
404,1682648546287
405,1682648546287
406,1682648546287
407,1682648546288
408,1682648546288
409,1682648546288
410,1682648546288
411,1682648546289
412,1682648546289
413,1682648546300
414,1682648546301
415,1682648546301
416,1682648546301
417,1682648546301
418,1682648546302
419,1682648546302
420,1682648546302
421,1682648546302
422,1682648546303
423,1682648546303
424,1682648546303
425,1682648546304
426,1682648546304
427,1682648546304
428,1682648546304
429,1682648546305
430,1682648546305
431,1682648546305
432,1682648546306
433,1682648546317
434,1682648546317
435,1682648546317
436,1682648546318
437,1682648546318
438,1682648546318
439,1682648546319
440,1682648546319
441,1682648546319
442,1682648546320
443,1682648546320
444,1682648546320
445,1682648546320
446,1682648546321
447,1682648546321
448,1682648546321
449,1682648546322
450,1682648546322
451,1682648546322
452,1682648546323
453,1682648546323
454,1682648546335
455,1682648546335
456,1682648546335
457,1682648546336
458,1682648546336
459,1682648546336
460,1682648546336
461,1682648546337
462,1682648546337
463,1682648546337
464,1682648546337
465,1682648546338
466,1682648546338
467,1682648546338
468,1682648546339
469,1682648546339
470,1682648546355
471,1682648546355
472,1682648546355
473,1682648546356
474,1682648546356
475,1682648546356
476,1682648546356
477,1682648546356
478,1682648546357
479,1682648546357
480,1682648546357
481,1682648546358
482,1682648546358
483,1682648546358
484,1682648546358
485,1682648546359
486,1682648546359
487,1682648546359
488,1682648546359
489,1682648546360
490,1682648546360
491,1682648546360
492,1682648546361
493,1682648546361
494,1682648546361
495,1682648546361
496,1682648546362
497,1682648546362
498,1682648546362
499,1682648546363
500,1682648546363
501,1682648546377
502,1682648546377
503,1682648546380
504,1682648546380
505,1682648546380
506,1682648546381
507,1682648546381
508,1682648546381
509,1682648546381
510,1682648546382
511,1682648546382
512,1682648546382
513,1682648546382
514,1682648546382
515,1682648546383
516,1682648546383
517,1682648546383
518,1682648546383
519,1682648546383
520,1682648546383
521,1682648546400
522,1682648546400
523,1682648546401
524,1682648546401
525,1682648546401
526,1682648546401
527,1682648546402
528,1682648546402
529,1682648546402
530,1682648546402
531,1682648546402
532,1682648546402
533,1682648546403
534,1682648546403
535,1682648546403
536,1682648546403
537,1682648546403
538,1682648546404
539,1682648546404
540,1682648546404
541,1682648546404
542,1682648546404
543,1682648546404
544,1682648546405
545,1682648546405
546,1682648546405
547,1682648546405
548,1682648546405
549,1682648546405
550,1682648546406
551,1682648546406
552,1682648546430
553,1682648546430
554,1682648546430
555,1682648546431
556,1682648546431
557,1682648546431
558,1682648546431
559,1682648546431
560,1682648546432
561,1682648546432
562,1682648546432
563,1682648546432
564,1682648546432
565,1682648546432
566,1682648546433
567,1682648546433
568,1682648546433
569,1682648546433
570,1682648546433
571,1682648546434
572,1682648546434
573,1682648546434
574,1682648546434
575,1682648546434
576,1682648546434
577,1682648546434
578,1682648546435
579,1682648546435
580,1682648546435
581,1682648546435
582,1682648546435
583,1682648546435
584,1682648546435
585,1682648546435
586,1682648546436
587,1682648546436
588,1682648546436
589,1682648546436
590,1682648546436
591,1682648546436
592,1682648546436
593,1682648546459
594,1682648546463
595,1682648546464
596,1682648546464
597,1682648546464
598,1682648546464
599,1682648546465
600,1682648546465
601,1682648546465
602,1682648546465
603,1682648546465
604,1682648546465
605,1682648546465
606,1682648546465
607,1682648546466
608,1682648546466
609,1682648546466
610,1682648546466
611,1682648546466
612,1682648546466
613,1682648546466
614,1682648546488
615,1682648546488
616,1682648546488
617,1682648546488
618,1682648546489
619,1682648546489
620,1682648546489
621,1682648546489
622,1682648546490
623,1682648546490
624,1682648546490
625,1682648546490
626,1682648546490
627,1682648546491
628,1682648546491
629,1682648546491
630,1682648546491
631,1682648546491
632,1682648546492
633,1682648546492
634,1682648546492
635,1682648546492
636,1682648546492
637,1682648546493
638,1682648546493
639,1682648546493
640,1682648546493
641,1682648546494
642,1682648546494
643,1682648546494
644,1682648546494
645,1682648546494
646,1682648546495
647,1682648546495
648,1682648546495
649,1682648546495
650,1682648546496
651,1682648546496
652,1682648546496
653,1682648546496
654,1682648546496
655,1682648546497
656,1682648546497
657,1682648546497
658,1682648546497
659,1682648546497
660,1682648546498
661,1682648546498
662,1682648546498
663,1682648546498
664,1682648546498
665,1682648546498
666,1682648546499
667,1682648546499
668,1682648546499
669,1682648546499
670,1682648546499
671,1682648546500
672,1682648546500
673,1682648546500
674,1682648546500
675,1682648546500
676,1682648546501
677,1682648546518
678,1682648546518
679,1682648546518
680,1682648546518
681,1682648546519
682,1682648546519
683,1682648546519
684,1682648546519
685,1682648546519
686,1682648546520
687,1682648546520
688,1682648546520
689,1682648546520
690,1682648546521
691,1682648546521
692,1682648546521
693,1682648546524
694,1682648546524
695,1682648546524
696,1682648546525
697,1682648546525
698,1682648546525
699,1682648546525
700,1682648546526
701,1682648546526
702,1682648546526
703,1682648546526
704,1682648546526
705,1682648546527
706,1682648546527
707,1682648546527
708,1682648546527
709,1682648546527
710,1682648546528
711,1682648546528
712,1682648546528
713,1682648546528
714,1682648546529
715,1682648546529
716,1682648546529
717,1682648546529
718,1682648546529
719,1682648546530
720,1682648546530
721,1682648546530
722,1682648546530
723,1682648546531
724,1682648546536
725,1682648546536
726,1682648546536
727,1682648546536
728,1682648546537
729,1682648546537
730,1682648546537
731,1682648546537
732,1682648546537
733,1682648546538
734,1682648546538
735,1682648546538
736,1682648546538
737,1682648546538
738,1682648546539
739,1682648546539
740,1682648546539
741,1682648546539
742,1682648546540
743,1682648546540
744,1682648546540
745,1682648546540
746,1682648546540
747,1682648546541
748,1682648546541
749,1682648546541
750,1682648546541
751,1682648546542
752,1682648546542
753,1682648546542
754,1682648546542
755,1682648546542
756,1682648546542
757,1682648546543
758,1682648546543
759,1682648546543
760,1682648546543
761,1682648546543
762,1682648546546
763,1682648546546
764,1682648546546
765,1682648546552
766,1682648546553
767,1682648546553
768,1682648546553
769,1682648546553
770,1682648546554
771,1682648546554
772,1682648546554
773,1682648546554
774,1682648546554
775,1682648546554
776,1682648546555
777,1682648546555
778,1682648546555
779,1682648546555
780,1682648546555
781,1682648546555
782,1682648546556
783,1682648546556
784,1682648546556
785,1682648546556
786,1682648546557
787,1682648546557
788,1682648546557
789,1682648546557
790,1682648546557
791,1682648546558
792,1682648546558
793,1682648546558
794,1682648546558
795,1682648546558
796,1682648546558
797,1682648546559
798,1682648546559
799,1682648546559
800,1682648546559
801,1682648546568
802,1682648546568
803,1682648546568
804,1682648546569
805,1682648546569
806,1682648546569
807,1682648546569
808,1682648546569
809,1682648546569
810,1682648546569
811,1682648546570
812,1682648546570
813,1682648546570
814,1682648546570
815,1682648546570
816,1682648546570
817,1682648546571
818,1682648546571
819,1682648546571
820,1682648546571
821,1682648546571
822,1682648546572
823,1682648546572
824,1682648546572
825,1682648546572
826,1682648546572
827,1682648546572
828,1682648546573
829,1682648546573
830,1682648546573
831,1682648546573
832,1682648546573
833,1682648546573
834,1682648546574
835,1682648546574
836,1682648546574
837,1682648546574
838,1682648546574
839,1682648546575
840,1682648546575
841,1682648546575
842,1682648546575
843,1682648546575
844,1682648546576
845,1682648546576
846,1682648546576
847,1682648546576
848,1682648546576
849,1682648546576
850,1682648546577
851,1682648546577
852,1682648546577
853,1682648546577
854,1682648546577
855,1682648546577
856,1682648546577
857,1682648546578
858,1682648546578
859,1682648546578
860,1682648546591
861,1682648546591
862,1682648546591
863,1682648546591
864,1682648546591
865,1682648546592
866,1682648546592
867,1682648546592
868,1682648546592
869,1682648546592
870,1682648546592
871,1682648546593
872,1682648546593
873,1682648546593
874,1682648546593
875,1682648546593
876,1682648546594
877,1682648546594
878,1682648546594
879,1682648546594
880,1682648546595
881,1682648546595
882,1682648546595
883,1682648546595
884,1682648546596
885,1682648546596
886,1682648546596
887,1682648546596
888,1682648546596
889,1682648546597
890,1682648546597
891,1682648546597
892,1682648546597
893,1682648546598
894,1682648546598
895,1682648546598
896,1682648546598
897,1682648546606
898,1682648546606
899,1682648546606
900,1682648546607
901,1682648546607
902,1682648546607
903,1682648546611
904,1682648546612
905,1682648546612
906,1682648546612
907,1682648546612
908,1682648546612
909,1682648546612
910,1682648546612
911,1682648546613
912,1682648546613
913,1682648546613
914,1682648546613
915,1682648546613
916,1682648546614
917,1682648546614
918,1682648546614
919,1682648546614
920,1682648546614
921,1682648546614
922,1682648546615
923,1682648546615
924,1682648546615
925,1682648546615
926,1682648546615
927,1682648546615
928,1682648546616
929,1682648546616
930,1682648546616
931,1682648546628
932,1682648546628
933,1682648546628
934,1682648546628
935,1682648546629
936,1682648546629
937,1682648546629
938,1682648546629
939,1682648546629
940,1682648546629
941,1682648546630
942,1682648546630
943,1682648546630
944,1682648546630
945,1682648546630
946,1682648546631
947,1682648546631
948,1682648546631
949,1682648546631
950,1682648546632
951,1682648546632
952,1682648546632
953,1682648546632
954,1682648546632
955,1682648546633
956,1682648546633
957,1682648546633
958,1682648546633
959,1682648546633
960,1682648546634
961,1682648546634
962,1682648546634
963,1682648546634
964,1682648546634
965,1682648546635
966,1682648546635
967,1682648546648
968,1682648546648
969,1682648546648
970,1682648546648
971,1682648546648
972,1682648546648
973,1682648546649
974,1682648546649
975,1682648546649
976,1682648546649
977,1682648546649
978,1682648546650
979,1682648546650
980,1682648546650
981,1682648546650
982,1682648546650
983,1682648546650
984,1682648546651
985,1682648546651
986,1682648546651
987,1682648546651
988,1682648546651
989,1682648546651
990,1682648546651
991,1682648546652
992,1682648546652
993,1682648546652
994,1682648546652
995,1682648546652
996,1682648546652
997,1682648546652
998,1682648546653
999,1682648546653
1000,1682648546653
1001,1682648546653
1002,1682648546653
1003,1682648546653
1004,1682648546653
1005,1682648546653
1006,1682648546653
1007,1682648546653
1008,1682648546654
1009,1682648546654
1010,1682648546654
1011,1682648546654
1012,1682648546654
1013,1682648546654
1014,1682648546654
1015,1682648546654
1016,1682648546654
1017,1682648546654
1018,1682648546672
1019,1682648546672
1020,1682648546672
1021,1682648546672
1022,1682648546672
1023,1682648546672
1024,1682648546673
1025,1682648546673
1026,1682648546673
1027,1682648546673
1028,1682648546673
1029,1682648546673
1030,1682648546673
1031,1682648546673
1032,1682648546674
1033,1682648546674
1034,1682648546674
1035,1682648546674
1036,1682648546674
1037,1682648546674
1038,1682648546674
1039,1682648546674
1040,1682648546674
1041,1682648546674
1042,1682648546675
1043,1682648546675
1044,1682648546675
1045,1682648546675
1046,1682648546675
1047,1682648546675
1048,1682648546675
1049,1682648546687
1050,1682648546687
1051,1682648546687
1052,1682648546688
1053,1682648546688
1054,1682648546688
1055,1682648546688
1056,1682648546688
1057,1682648546688
1058,1682648546688
1059,1682648546688
1060,1682648546689
1061,1682648546689
1062,1682648546689
1063,1682648546689
1064,1682648546689
1065,1682648546689
1066,1682648546689
1067,1682648546689
1068,1682648546689
1069,1682648546689
1070,1682648546690
1071,1682648546690
1072,1682648546690
1073,1682648546690
1074,1682648546690
1075,1682648546690
1076,1682648546690
1077,1682648546690
1078,1682648546691
1079,1682648546691
1080,1682648546691
1081,1682648546691
1082,1682648546691
1083,1682648546691
1084,1682648546691
1085,1682648546691
1086,1682648546692
1087,1682648546692
1088,1682648546692
1089,1682648546692
1090,1682648546692
1091,1682648546692
1092,1682648546692
1093,1682648546693
1094,1682648546693
1095,1682648546693
1096,1682648546693
1097,1682648546693
1098,1682648546712
1099,1682648546712
1100,1682648546712
1101,1682648546712
1102,1682648546713
1103,1682648546713
1104,1682648546713
1105,1682648546713
1106,1682648546713
1107,1682648546714
1108,1682648546717
1109,1682648546717
1110,1682648546717
1111,1682648546717
1112,1682648546717
1113,1682648546718
1114,1682648546718
1115,1682648546718
1116,1682648546718
1117,1682648546718
1118,1682648546718
1119,1682648546719
1120,1682648546719
1121,1682648546719
1122,1682648546719
1123,1682648546719
1124,1682648546719
1125,1682648546719
1126,1682648546720
1127,1682648546720
1128,1682648546720
1129,1682648546720
1130,1682648546720
1131,1682648546720
1132,1682648546720
1133,1682648546720
1134,1682648546720
1135,1682648546721
1136,1682648546721
1137,1682648546721
1138,1682648546721
1139,1682648546721
1140,1682648546721
1141,1682648546721
1142,1682648546721
1143,1682648546721
1144,1682648546722
1145,1682648546722
1146,1682648546722
1147,1682648546722
1148,1682648546722
1149,1682648546722
1150,1682648546722
1151,1682648546722
1152,1682648546722
1153,1682648546722
1154,1682648546723
1155,1682648546723
1156,1682648546723
1157,1682648546723
1158,1682648546723
1159,1682648546723
1160,1682648546723
1161,1682648546723
1162,1682648546723
1163,1682648546723
1164,1682648546723
1165,1682648546723
1166,1682648546724
1167,1682648546724
1168,1682648546724
1169,1682648546724
1170,1682648546724
1171,1682648546724
1172,1682648546724
1173,1682648546724
1174,1682648546724
1175,1682648546724
1176,1682648546724
1177,1682648546724
1178,1682648546729
1179,1682648546730
1180,1682648546730
1181,1682648546730
1182,1682648546730
1183,1682648546730
1184,1682648546731
1185,1682648546731
1186,1682648546731
1187,1682648546731
1188,1682648546731
1189,1682648546731
1190,1682648546732
1191,1682648546732
1192,1682648546732
1193,1682648546732
1194,1682648546732
1195,1682648546733
1196,1682648546733
1197,1682648546755
1198,1682648546755
1199,1682648546756
1200,1682648546756
1201,1682648546756
1202,1682648546756
1203,1682648546756
1204,1682648546757
1205,1682648546757
1206,1682648546757
1207,1682648546757
1208,1682648546757
1209,1682648546757
1210,1682648546757
1211,1682648546757
1212,1682648546758
1213,1682648546758
1214,1682648546758
1215,1682648546758
1216,1682648546758
1217,1682648546758
1218,1682648546759
1219,1682648546759
1220,1682648546759
1221,1682648546759
1222,1682648546759
1223,1682648546760
1224,1682648546760
1225,1682648546760
1226,1682648546760
1227,1682648546760
1228,1682648546760
1229,1682648546761
1230,1682648546761
1231,1682648546761
1232,1682648546761
1233,1682648546761
1234,1682648546784
1235,1682648546785
1236,1682648546785
1237,1682648546785
1238,1682648546786
1239,1682648546786
1240,1682648546786
1241,1682648546786
1242,1682648546787
1243,1682648546787
1244,1682648546787
1245,1682648546787
1246,1682648546787
1247,1682648546788
1248,1682648546788
1249,1682648546788
1250,1682648546788
1251,1682648546788
1252,1682648546788
1253,1682648546789
1254,1682648546789
1255,1682648546789
1256,1682648546789
1257,1682648546789
1258,1682648546790
1259,1682648546790
1260,1682648546790
1261,1682648546790
1262,1682648546790
1263,1682648546791
1264,1682648546791
1265,1682648546791
1266,1682648546791
1267,1682648546791
1268,1682648546792
1269,1682648546792
1270,1682648546792
1271,1682648546792
1272,1682648546792
1273,1682648546792
1274,1682648546793
1275,1682648546793
1276,1682648546793
1277,1682648546793
1278,1682648546793
1279,1682648546793
1280,1682648546794
