1,1682648949195
2,1682648949197
3,1682648949200
4,1682648949203
5,1682648949207
6,1682648949208
7,1682648949210
8,1682648949211
9,1682648949313
10,1682648949314
11,1682648949319
12,1682648949321
13,1682648949419
14,1682648949420
15,1682648949421
16,1682648949422
17,1682648949423
18,1682648949424
19,1682648949425
20,1682648949425
21,1682648949427
22,1682648949430
23,1682648949431
24,1682648949439
25,1682648949440
26,1682648949441
27,1682648949442
28,1682648949443
29,1682648949443
30,1682648949444
31,1682648949526
32,1682648949527
33,1682648949528
34,1682648949528
35,1682648949529
36,1682648949529
37,1682648949530
38,1682648949531
39,1682648949533
40,1682648949534
41,1682648949535
42,1682648949536
43,1682648949536
44,1682648949537
45,1682648949537
46,1682648949538
47,1682648949538
48,1682648949539
49,1682648949539
50,1682648949540
51,1682648949540
52,1682648949540
53,1682648949653
54,1682648949654
55,1682648949654
56,1682648949654
57,1682648949655
58,1682648949655
59,1682648949656
60,1682648949656
61,1682648949657
62,1682648949657
63,1682648949658
64,1682648949658
65,1682648949658
66,1682648949659
67,1682648949659
68,1682648949660
69,1682648949660
70,1682648949661
71,1682648949661
72,1682648949661
73,1682648949662
74,1682648949662
75,1682648949663
76,1682648949663
77,1682648949664
78,1682648949821
79,1682648949822
80,1682648949822
81,1682648949823
82,1682648949823
83,1682648949824
84,1682648949825
85,1682648949826
86,1682648949827
87,1682648949828
88,1682648949829
89,1682648949831
90,1682648949835
91,1682648949838
92,1682648949839
93,1682648949842
94,1682648949843
95,1682648949844
96,1682648949845
97,1682648949846
98,1682648949848
99,1682648949853
100,1682648949854
101,1682648949855
102,1682648949855
103,1682648949856
104,1682648949857
105,1682648949857
106,1682648949858
107,1682648949858
108,1682648949859
109,1682648949860
110,1682648949861
111,1682648949862
112,1682648949862
113,1682648949864
114,1682648950109
115,1682648950110
116,1682648950110
117,1682648950110
118,1682648950111
119,1682648950112
120,1682648950112
121,1682648950113
122,1682648950114
123,1682648950119
124,1682648950121
125,1682648950123
126,1682648950129
127,1682648950137
128,1682648950139
129,1682648950139
130,1682648950140
131,1682648950141
132,1682648950141
133,1682648950142
134,1682648950143
135,1682648950145
136,1682648950146
137,1682648950146
138,1682648950147
139,1682648950147
140,1682648950148
141,1682648950149
142,1682648950150
143,1682648950151
144,1682648950152
145,1682648950154
146,1682648950158
147,1682648950159
148,1682648950162
149,1682648950162
150,1682648950165
151,1682648950168
152,1682648950172
153,1682648950173
154,1682648950174
155,1682648950175
156,1682648950175
157,1682648950175
158,1682648950176
159,1682648950176
160,1682648950177
161,1682648950178
162,1682648950178
163,1682648950178
164,1682648950178
165,1682648950179
166,1682648950179
167,1682648950180
168,1682648950180
169,1682648950181
170,1682648950184
171,1682648950185
172,1682648950358
173,1682648950359
174,1682648950359
175,1682648950360
176,1682648950360
177,1682648950360
178,1682648950361
179,1682648950361
180,1682648950362
181,1682648950364
182,1682648950364
183,1682648950368
184,1682648950369
185,1682648950369
186,1682648950370
187,1682648950370
188,1682648950372
189,1682648950374
190,1682648950379
191,1682648950381
192,1682648950387
193,1682648950389
194,1682648950390
195,1682648950392
196,1682648950394
197,1682648950395
198,1682648950396
199,1682648950404
200,1682648950406
201,1682648950407
202,1682648950408
203,1682648950411
204,1682648950412
205,1682648950413
206,1682648950414
207,1682648950414
208,1682648950418
209,1682648950419
210,1682648950419
211,1682648950420
212,1682648950420
213,1682648950421
214,1682648950421
215,1682648950421
216,1682648950422
217,1682648950423
218,1682648950423
219,1682648950573
220,1682648950574
221,1682648950574
222,1682648950575
223,1682648950575
224,1682648950576
225,1682648950577
226,1682648950577
227,1682648950578
228,1682648950578
229,1682648950579
230,1682648950579
231,1682648950580
232,1682648950580
233,1682648950581
234,1682648950585
235,1682648950586
236,1682648950587
237,1682648950587
238,1682648950588
239,1682648950588
240,1682648950589
241,1682648950590
242,1682648950590
243,1682648950591
244,1682648950591
245,1682648950592
246,1682648950592
247,1682648950593
248,1682648950593
249,1682648950594
250,1682648950594
251,1682648950595
252,1682648950596
253,1682648950596
254,1682648950597
255,1682648950597
256,1682648950598
257,1682648950598
258,1682648950599
259,1682648950599
260,1682648950600
261,1682648950600
262,1682648950601
263,1682648950601
264,1682648950602
265,1682648950602
266,1682648950603
267,1682648950603
268,1682648950603
269,1682648950604
270,1682648950604
271,1682648950605
272,1682648950605
273,1682648950606
274,1682648950606
275,1682648950606
276,1682648950607
277,1682648950608
278,1682648950608
279,1682648950609
280,1682648950609
281,1682648950610
282,1682648950610
283,1682648950611
284,1682648950611
285,1682648950611
286,1682648950612
287,1682648950612
288,1682648950613
289,1682648950613
290,1682648950614
291,1682648950614
292,1682648950615
293,1682648950616
294,1682648950616
295,1682648950617
296,1682648950617
297,1682648950618
298,1682648950619
299,1682648950619
300,1682648950620
301,1682648950621
302,1682648950621
303,1682648950622
304,1682648950622
305,1682648950623
306,1682648950623
307,1682648950624
308,1682648950624
309,1682648950624
310,1682648950625
311,1682648950625
312,1682648950626
313,1682648950626
314,1682648950627
315,1682648950627
316,1682648950627
317,1682648950628
318,1682648950629
319,1682648950629
320,1682648950630
321,1682648950631
322,1682648950634
323,1682648950635
324,1682648950635
325,1682648950636
326,1682648950637
327,1682648950637
328,1682648950825
329,1682648950826
330,1682648950826
331,1682648950826
332,1682648950827
333,1682648950827
334,1682648950828
335,1682648950828
336,1682648950829
337,1682648950829
338,1682648950830
339,1682648950831
340,1682648950833
341,1682648950835
342,1682648950835
343,1682648950836
344,1682648950836
345,1682648950837
346,1682648950837
347,1682648950837
348,1682648950838
349,1682648950839
350,1682648950840
351,1682648950841
352,1682648950841
353,1682648950842
354,1682648950843
355,1682648950845
356,1682648950846
357,1682648950847
358,1682648950850
359,1682648950852
360,1682648950854
361,1682648950855
362,1682648950855
363,1682648950856
364,1682648950856
365,1682648950857
366,1682648950858
367,1682648950858
368,1682648950859
369,1682648950860
370,1682648950860
371,1682648950862
372,1682648950863
373,1682648950866
374,1682648950869
375,1682648950869
376,1682648950871
377,1682648950871
378,1682648950872
379,1682648950872
380,1682648950873
381,1682648950985
382,1682648950986
383,1682648950986
384,1682648950987
385,1682648950987
386,1682648950987
387,1682648950987
388,1682648950988
389,1682648950988
390,1682648950988
391,1682648950989
392,1682648950989
393,1682648950989
394,1682648950990
395,1682648950990
396,1682648950990
397,1682648950991
398,1682648950991
399,1682648950991
400,1682648950992
401,1682648950992
402,1682648950992
403,1682648950992
404,1682648950993
405,1682648950993
406,1682648950993
407,1682648950993
408,1682648950993
409,1682648950994
410,1682648950994
411,1682648950994
412,1682648950994
413,1682648950995
414,1682648950995
415,1682648950995
416,1682648950995
417,1682648950996
418,1682648950996
419,1682648950996
420,1682648950996
421,1682648950997
422,1682648950997
423,1682648950997
424,1682648950997
425,1682648950997
426,1682648950998
427,1682648950998
428,1682648950998
429,1682648950999
430,1682648950999
431,1682648951000
432,1682648951000
433,1682648951000
434,1682648951001
435,1682648951001
436,1682648951001
437,1682648951159
438,1682648951160
439,1682648951160
440,1682648951160
441,1682648951160
442,1682648951160
443,1682648951161
444,1682648951161
445,1682648951161
446,1682648951161
447,1682648951162
448,1682648951162
449,1682648951162
450,1682648951162
451,1682648951163
452,1682648951163
453,1682648951163
454,1682648951163
455,1682648951163
456,1682648951163
457,1682648951164
458,1682648951164
459,1682648951164
460,1682648951164
461,1682648951164
462,1682648951165
463,1682648951165
464,1682648951165
465,1682648951166
466,1682648951167
467,1682648951167
468,1682648951167
469,1682648951168
470,1682648951168
471,1682648951168
472,1682648951168
473,1682648951169
474,1682648951169
475,1682648951169
476,1682648951170
477,1682648951170
478,1682648951170
479,1682648951171
480,1682648951171
481,1682648951171
482,1682648951171
483,1682648951171
484,1682648951172
485,1682648951172
486,1682648951172
487,1682648951175
488,1682648951176
489,1682648951176
490,1682648951176
491,1682648951177
492,1682648951177
493,1682648951177
494,1682648951177
495,1682648951241
496,1682648951241
497,1682648951242
498,1682648951242
499,1682648951242
500,1682648951242
501,1682648951243
502,1682648951243
503,1682648951243
504,1682648951243
505,1682648951243
506,1682648951243
507,1682648951243
508,1682648951244
509,1682648951244
510,1682648951244
511,1682648951244
512,1682648951244
513,1682648951244
514,1682648951244
515,1682648951245
516,1682648951245
517,1682648951245
518,1682648951245
519,1682648951245
520,1682648951245
521,1682648951246
522,1682648951246
523,1682648951246
524,1682648951246
525,1682648951246
526,1682648951246
527,1682648951247
528,1682648951247
529,1682648951247
530,1682648951247
531,1682648951247
532,1682648951247
533,1682648951419
534,1682648951419
535,1682648951419
536,1682648951420
537,1682648951420
538,1682648951420
539,1682648951420
540,1682648951420
541,1682648951420
542,1682648951421
543,1682648951421
544,1682648951421
545,1682648951421
546,1682648951421
547,1682648951421
548,1682648951422
549,1682648951422
550,1682648951422
551,1682648951422
552,1682648951422
553,1682648951422
554,1682648951422
555,1682648951423
556,1682648951423
557,1682648951423
558,1682648951423
559,1682648951423
560,1682648951423
561,1682648951423
562,1682648951423
563,1682648951423
564,1682648951423
565,1682648951424
566,1682648951424
567,1682648951424
568,1682648951424
569,1682648951424
570,1682648951424
571,1682648951424
572,1682648951424
573,1682648951424
574,1682648951425
575,1682648951425
576,1682648951425
577,1682648951425
578,1682648951425
579,1682648951425
580,1682648951425
581,1682648951426
582,1682648951426
583,1682648951426
584,1682648951426
585,1682648951426
586,1682648951426
587,1682648951427
588,1682648951427
589,1682648951427
590,1682648951427
591,1682648951427
592,1682648951428
593,1682648951428
594,1682648951428
595,1682648951428
596,1682648951428
597,1682648951428
598,1682648951428
599,1682648951429
600,1682648951429
601,1682648951429
602,1682648951429
603,1682648951429
604,1682648951429
605,1682648951430
606,1682648951430
607,1682648951430
608,1682648951430
609,1682648951430
610,1682648951430
611,1682648951430
612,1682648951430
613,1682648951431
614,1682648951431
615,1682648951431
616,1682648951431
617,1682648951431
618,1682648951431
619,1682648951431
620,1682648951432
621,1682648951432
622,1682648951432
623,1682648951432
624,1682648951432
625,1682648951432
626,1682648951432
627,1682648951433
628,1682648951433
629,1682648951433
630,1682648951433
631,1682648951433
632,1682648951433
633,1682648951433
634,1682648951434
635,1682648951434
636,1682648951434
637,1682648951434
638,1682648951434
639,1682648951434
640,1682648951435
641,1682648951736
642,1682648951736
643,1682648951737
644,1682648951737
645,1682648951737
646,1682648951738
647,1682648951738
648,1682648951739
649,1682648951739
650,1682648951739
651,1682648951739
652,1682648951740
653,1682648951740
654,1682648951740
655,1682648951740
656,1682648951740
657,1682648951741
658,1682648951741
659,1682648951741
660,1682648951742
661,1682648951742
662,1682648951742
663,1682648951743
664,1682648951743
665,1682648951743
666,1682648951744
667,1682648951744
668,1682648951744
669,1682648951745
670,1682648951745
671,1682648951745
672,1682648951745
673,1682648951746
674,1682648951746
675,1682648951746
676,1682648951746
677,1682648951747
678,1682648951747
679,1682648951747
680,1682648951749
681,1682648951750
682,1682648951751
683,1682648951751
684,1682648951752
685,1682648951752
686,1682648951752
687,1682648951753
688,1682648951753
689,1682648951753
690,1682648951754
691,1682648951754
692,1682648951754
693,1682648951755
694,1682648951755
695,1682648951755
696,1682648951755
697,1682648951756
698,1682648951756
699,1682648951756
700,1682648951756
701,1682648951757
702,1682648951757
703,1682648951757
704,1682648951757
705,1682648951758
706,1682648951758
707,1682648951758
708,1682648951758
709,1682648951758
710,1682648951759
711,1682648951759
712,1682648951759
713,1682648951759
714,1682648951759
715,1682648951760
716,1682648951760
717,1682648951760
718,1682648951760
719,1682648951761
720,1682648951761
721,1682648951762
722,1682648951763
723,1682648951764
724,1682648951764
725,1682648951767
726,1682648951768
727,1682648951769
728,1682648951769
729,1682648951770
730,1682648951770
731,1682648951771
732,1682648951772
733,1682648951772
734,1682648951773
735,1682648951773
736,1682648951773
737,1682648951774
738,1682648951959
739,1682648951959
740,1682648951960
741,1682648951961
742,1682648951961
743,1682648951962
744,1682648951963
745,1682648951963
746,1682648951964
747,1682648951967
748,1682648951971
749,1682648951974
750,1682648951976
751,1682648951977
752,1682648951977
753,1682648951978
754,1682648951980
755,1682648951985
756,1682648951986
757,1682648951986
758,1682648951987
759,1682648951989
760,1682648951989
761,1682648951990
762,1682648951990
763,1682648951990
764,1682648951991
765,1682648951991
766,1682648951991
767,1682648951991
768,1682648951992
769,1682648951992
770,1682648951993
771,1682648951993
772,1682648951994
773,1682648951994
774,1682648951994
775,1682648951995
776,1682648951995
777,1682648951995
778,1682648951996
779,1682648951996
780,1682648951996
781,1682648951997
782,1682648951997
783,1682648952002
784,1682648952401
785,1682648952402
786,1682648952404
787,1682648952405
788,1682648952405
789,1682648952405
790,1682648952406
791,1682648952406
792,1682648952407
793,1682648952408
794,1682648952408
795,1682648952409
796,1682648952409
797,1682648952410
798,1682648952411
799,1682648952411
800,1682648952412
801,1682648952412
802,1682648952413
803,1682648952413
804,1682648952416
805,1682648952419
806,1682648952420
807,1682648952421
808,1682648952421
809,1682648952422
810,1682648952422
811,1682648952423
812,1682648952423
813,1682648952424
814,1682648952424
815,1682648952425
816,1682648952425
817,1682648952425
818,1682648952426
819,1682648952426
820,1682648952427
821,1682648952427
822,1682648952427
823,1682648952428
824,1682648952428
825,1682648952428
826,1682648952429
827,1682648952429
828,1682648952429
829,1682648952429
830,1682648952430
831,1682648952430
832,1682648952430
833,1682648952434
834,1682648952435
835,1682648952435
836,1682648952435
837,1682648952436
838,1682648952436
839,1682648952437
840,1682648952437
841,1682648952437
842,1682648952438
843,1682648952438
844,1682648952439
845,1682648952439
846,1682648952440
847,1682648952444
848,1682648952451
849,1682648952452
850,1682648952452
851,1682648952453
852,1682648952453
853,1682648952453
854,1682648952453
855,1682648952454
856,1682648952455
857,1682648952456
858,1682648952458
859,1682648952459
860,1682648952460
861,1682648952462
862,1682648952462
863,1682648952463
864,1682648952464
865,1682648952467
866,1682648952468
867,1682648952469
868,1682648952469
869,1682648952470
870,1682648952470
871,1682648952471
872,1682648952471
873,1682648952471
874,1682648952472
875,1682648952472
876,1682648952472
877,1682648952472
878,1682648952473
879,1682648952473
880,1682648952473
881,1682648952473
882,1682648952474
883,1682648952474
884,1682648952630
885,1682648952631
886,1682648952635
887,1682648952636
888,1682648952637
889,1682648952637
890,1682648952638
891,1682648952639
892,1682648952639
893,1682648952640
894,1682648952641
895,1682648952642
896,1682648952642
897,1682648952642
898,1682648952643
899,1682648952643
900,1682648952643
901,1682648952644
902,1682648952644
903,1682648952644
904,1682648952644
905,1682648952645
906,1682648952645
907,1682648952646
908,1682648952646
909,1682648952646
910,1682648952646
911,1682648952647
912,1682648952647
913,1682648952647
914,1682648952648
915,1682648952648
916,1682648952649
917,1682648952650
918,1682648952650
919,1682648952650
920,1682648952651
921,1682648952651
922,1682648952652
923,1682648952652
924,1682648952652
925,1682648952652
926,1682648952652
927,1682648952653
928,1682648952653
929,1682648952653
930,1682648952653
931,1682648952654
932,1682648952654
933,1682648952654
934,1682648952655
935,1682648952655
936,1682648952655
937,1682648952655
938,1682648952656
939,1682648952656
940,1682648952656
941,1682648952656
942,1682648952657
943,1682648952657
944,1682648952657
945,1682648952658
946,1682648952658
947,1682648952658
948,1682648952658
949,1682648952659
950,1682648952659
951,1682648952659
952,1682648952659
953,1682648952660
954,1682648952660
955,1682648952660
956,1682648952660
957,1682648952661
958,1682648952661
959,1682648952661
960,1682648952661
961,1682648952661
962,1682648952662
963,1682648952662
964,1682648952662
965,1682648952662
966,1682648952663
967,1682648952663
968,1682648952663
969,1682648952664
970,1682648952665
971,1682648952666
972,1682648952667
973,1682648952668
974,1682648952668
975,1682648952670
976,1682648952670
977,1682648952670
978,1682648952671
979,1682648952671
980,1682648952671
981,1682648952671
982,1682648952672
983,1682648952672
984,1682648952672
985,1682648952672
986,1682648952673
987,1682648952673
988,1682648952673
989,1682648952674
990,1682648952674
991,1682648952674
992,1682648952674
993,1682648952675
994,1682648952675
995,1682648952675
996,1682648952676
997,1682648952676
998,1682648952676
999,1682648952677
1000,1682648952677
1001,1682648952677
1002,1682648952678
1003,1682648952678
1004,1682648952678
1005,1682648952678
1006,1682648952679
1007,1682648952679
1008,1682648952679
1009,1682648952679
1010,1682648952680
1011,1682648952680
1012,1682648952684
1013,1682648952684
1014,1682648952685
1015,1682648953379
1016,1682648953380
1017,1682648953380
1018,1682648953385
1019,1682648953385
1020,1682648953386
1021,1682648953386
1022,1682648953386
1023,1682648953387
1024,1682648953387
1025,1682648953388
1026,1682648953388
1027,1682648953389
1028,1682648953389
1029,1682648953389
1030,1682648953390
1031,1682648953390
1032,1682648953390
1033,1682648953390
1034,1682648953391
1035,1682648953391
1036,1682648953391
1037,1682648953392
1038,1682648953392
1039,1682648953393
1040,1682648953393
1041,1682648953393
1042,1682648953394
1043,1682648953394
1044,1682648953395
1045,1682648953395
1046,1682648953395
1047,1682648953396
1048,1682648953396
1049,1682648953397
1050,1682648953399
1051,1682648953401
1052,1682648953402
1053,1682648953403
1054,1682648953403
1055,1682648953403
1056,1682648953404
1057,1682648953405
1058,1682648953405
1059,1682648953405
1060,1682648953406
1061,1682648953406
1062,1682648953406
1063,1682648953406
1064,1682648953407
1065,1682648953408
1066,1682648953408
1067,1682648953409
1068,1682648953409
1069,1682648953409
1070,1682648953410
1071,1682648953410
1072,1682648953410
1073,1682648953411
1074,1682648953411
1075,1682648953411
1076,1682648953411
1077,1682648953412
1078,1682648953412
1079,1682648953412
1080,1682648953413
1081,1682648953413
1082,1682648953417
1083,1682648953418
1084,1682648953419
1085,1682648953419
1086,1682648953420
1087,1682648953420
1088,1682648953421
1089,1682648953421
1090,1682648953421
1091,1682648953422
1092,1682648953422
1093,1682648953422
1094,1682648953423
1095,1682648953423
1096,1682648953423
1097,1682648953424
1098,1682648953424
1099,1682648953425
1100,1682648953425
1101,1682648953426
1102,1682648953426
1103,1682648953427
1104,1682648953427
1105,1682648953427
1106,1682648953428
1107,1682648953428
1108,1682648953429
1109,1682648953429
1110,1682648953430
1111,1682648953430
1112,1682648953430
1113,1682648953432
1114,1682648953433
1115,1682648953433
1116,1682648953434
1117,1682648953434
1118,1682648953435
1119,1682648953435
1120,1682648953436
1121,1682648953436
1122,1682648953436
1123,1682648953437
1124,1682648953437
1125,1682648953437
1126,1682648953438
1127,1682648953438
1128,1682648953438
1129,1682648953438
1130,1682648953439
1131,1682648953439
1132,1682648953440
1133,1682648953440
1134,1682648953441
1135,1682648953441
1136,1682648953441
1137,1682648953442
1138,1682648953442
1139,1682648953443
1140,1682648953443
1141,1682648953443
1142,1682648953444
1143,1682648953444
1144,1682648953444
1145,1682648953445
1146,1682648953445
1147,1682648953445
1148,1682648953446
1149,1682648953446
1150,1682648953451
1151,1682648953452
1152,1682648953453
1153,1682648953453
1154,1682648953454
1155,1682648953454
1156,1682648953455
1157,1682648953455
1158,1682648953456
1159,1682648953456
1160,1682648953457
1161,1682648953457
1162,1682648953458
1163,1682648953458
1164,1682648953458
1165,1682648953459
1166,1682648953459
1167,1682648953460
1168,1682648953460
1169,1682648953461
1170,1682648953461
1171,1682648953461
1172,1682648953462
1173,1682648953462
1174,1682648953462
1175,1682648953462
1176,1682648953463
1177,1682648953463
1178,1682648953463
1179,1682648953463
1180,1682648953466
1181,1682648953467
1182,1682648953468
1183,1682648953469
1184,1682648953469
1185,1682648953469
1186,1682648953470
1187,1682648953470
1188,1682648953470
1189,1682648953471
1190,1682648953471
1191,1682648953471
1192,1682648953471
1193,1682648953472
1194,1682648953472
1195,1682648953475
1196,1682648953475
1197,1682648953475
1198,1682648953475
1199,1682648953476
1200,1682648953476
1201,1682648953476
1202,1682648953477
1203,1682648953477
1204,1682648953477
1205,1682648953477
1206,1682648953477
1207,1682648953477
1208,1682648953478
1209,1682648953478
1210,1682648953478
1211,1682648953478
1212,1682648953478
1213,1682648953479
1214,1682648953479
1215,1682648953480
1216,1682648953480
1217,1682648953480
1218,1682648953483
1219,1682648953485
1220,1682648953485
1221,1682648953485
1222,1682648953486
1223,1682648953486
1224,1682648953487
1225,1682648953487
1226,1682648953488
1227,1682648953488
1228,1682648953489
1229,1682648953491
1230,1682648953491
1231,1682648953491
1232,1682648953492
1233,1682648953492
1234,1682648953492
1235,1682648953493
1236,1682648953493
1237,1682648953493
1238,1682648953494
1239,1682648953494
1240,1682648953494
1241,1682648953494
1242,1682648953495
1243,1682648953495
1244,1682648953496
1245,1682648953496
1246,1682648953496
1247,1682648953497
1248,1682648953497
1249,1682648953500
1250,1682648953502
1251,1682648953502
1252,1682648953502
1253,1682648953502
1254,1682648953503
1255,1682648953503
1256,1682648953503
1257,1682648953503
1258,1682648953504
1259,1682648953504
1260,1682648953504
1261,1682648953504
1262,1682648953505
1263,1682648953506
1264,1682648953507
1265,1682648953507
1266,1682648953508
1267,1682648953508
1268,1682648953509
1269,1682648953509
1270,1682648953510
1271,1682648953510
1272,1682648953510
1273,1682648953511
1274,1682648953511
1275,1682648953512
1276,1682648953512
1277,1682648953512
1278,1682648953513
1279,1682648953513
1280,1682648953519
1281,1682648953522
1282,1682648953536
1283,1682648953539
1284,1682648953539
1285,1682648953540
1286,1682648953540
1287,1682648953540
1288,1682648953540
1289,1682648953541
1290,1682648953541
1291,1682648953541
1292,1682648953541
1293,1682648953542
1294,1682648953542
1295,1682648953542
1296,1682648953543
1297,1682648953543
1298,1682648953543
1299,1682648953543
1300,1682648953544
1301,1682648953544
1302,1682648953544
1303,1682648953544
1304,1682648953544
1305,1682648953545
1306,1682648953545
1307,1682648953545
1308,1682648953545
1309,1682648953545
1310,1682648953546
1311,1682648953546
1312,1682648953546
1313,1682648953546
1314,1682648953547
1315,1682648953547
1316,1682648953552
1317,1682648953552
1318,1682648953553
1319,1682648953553
1320,1682648953553
1321,1682648953554
1322,1682648953554
1323,1682648953554
1324,1682648953554
1325,1682648953555
1326,1682648953555
1327,1682648953555
1328,1682648953555
1329,1682648953556
1330,1682648953556
1331,1682648953556
1332,1682648953556
1333,1682648953557
1334,1682648953557
1335,1682648953557
1336,1682648953557
1337,1682648953557
1338,1682648953558
1339,1682648953558
1340,1682648953558
1341,1682648953558
1342,1682648953558
1343,1682648953559
1344,1682648953559
1345,1682648953559
1346,1682648953559
1347,1682648953560
1348,1682648953560
1349,1682648953560
1350,1682648953560
1351,1682648953560
1352,1682648953561
1353,1682648953561
1354,1682648953561
1355,1682648953561
1356,1682648953561
1357,1682648953562
1358,1682648953562
1359,1682648953562
1360,1682648953562
1361,1682648953562
1362,1682648953563
1363,1682648953563
1364,1682648953563
1365,1682648953563
1366,1682648953563
1367,1682648953564
1368,1682648953564
1369,1682648953564
1370,1682648953565
1371,1682648953565
1372,1682648953565
1373,1682648953566
1374,1682648953566
1375,1682648953567
1376,1682648953567
1377,1682648953567
1378,1682648953568
1379,1682648953568
1380,1682648953568
1381,1682648953568
1382,1682648953569
1383,1682648953569
1384,1682648953569
1385,1682648953569
1386,1682648953569
1387,1682648953570
1388,1682648953570
1389,1682648953570
1390,1682648953570
1391,1682648953570
1392,1682648953571
1393,1682648953571
1394,1682648953571
1395,1682648953571
1396,1682648953572
1397,1682648953572
1398,1682648953572
1399,1682648953572
1400,1682648953573
1401,1682648953573
1402,1682648953573
1403,1682648953573
1404,1682648953727
1405,1682648953727
1406,1682648953727
1407,1682648953727
1408,1682648953728
1409,1682648953728
1410,1682648953728
1411,1682648953728
1412,1682648953729
1413,1682648953729
1414,1682648953729
1415,1682648953730
1416,1682648953730
1417,1682648953730
1418,1682648953730
1419,1682648953730
1420,1682648953731
1421,1682648953731
1422,1682648953731
1423,1682648953732
1424,1682648953732
1425,1682648953732
1426,1682648953732
1427,1682648953733
1428,1682648953733
1429,1682648953734
1430,1682648953734
1431,1682648953735
1432,1682648953735
1433,1682648953735
1434,1682648953735
1435,1682648953736
1436,1682648953736
1437,1682648953736
1438,1682648953737
1439,1682648953737
1440,1682648953737
1441,1682648953737
1442,1682648953738
1443,1682648953738
1444,1682648953738
1445,1682648953739
1446,1682648953739
1447,1682648953739
1448,1682648953739
1449,1682648953740
1450,1682648953740
1451,1682648953740
1452,1682648953741
1453,1682648953741
1454,1682648953741
1455,1682648953741
1456,1682648953742
1457,1682648953742
1458,1682648953742
1459,1682648953742
1460,1682648953743
1461,1682648953743
1462,1682648953743
1463,1682648953743
1464,1682648953743
1465,1682648953744
1466,1682648953744
1467,1682648953744
1468,1682648953745
1469,1682648953745
1470,1682648953745
1471,1682648953745
1472,1682648953746
1473,1682648953746
1474,1682648953746
1475,1682648953746
1476,1682648953747
1477,1682648953747
1478,1682648953748
1479,1682648953748
1480,1682648953748
1481,1682648953748
1482,1682648953749
1483,1682648953749
1484,1682648953750
1485,1682648953750
1486,1682648953750
1487,1682648953751
1488,1682648953751
1489,1682648953752
1490,1682648953752
1491,1682648953752
1492,1682648953753
1493,1682648953753
1494,1682648953753
1495,1682648953754
1496,1682648953754
1497,1682648953754
1498,1682648953755
1499,1682648953755
1500,1682648953755
1501,1682648953756
1502,1682648953756
1503,1682648953756
1504,1682648953757
1505,1682648953757
1506,1682648953757
1507,1682648953758
1508,1682648953758
1509,1682648953758
1510,1682648953758
1511,1682648953759
1512,1682648953759
1513,1682648953759
1514,1682648953759
1515,1682648953759
1516,1682648953760
1517,1682648953760
1518,1682648953760
1519,1682648953761
1520,1682648953761
1521,1682648953761
1522,1682648953761
1523,1682648953762
1524,1682648953762
1525,1682648953762
1526,1682648953763
1527,1682648953763
1528,1682648953763
1529,1682648953763
1530,1682648953764
1531,1682648953764
1532,1682648953765
1533,1682648953765
1534,1682648953765
1535,1682648953766
1536,1682648953766
1537,1682648953766
1538,1682648953767
1539,1682648953767
1540,1682648953767
1541,1682648953768
1542,1682648953768
1543,1682648953768
1544,1682648953769
1545,1682648953769
1546,1682648953769
1547,1682648953770
1548,1682648953770
1549,1682648953771
1550,1682648953771
1551,1682648953771
1552,1682648953772
1553,1682648953772
1554,1682648953772
1555,1682648953773
1556,1682648953773
1557,1682648953773
1558,1682648953773
1559,1682648953774
1560,1682648953774
1561,1682648953774
1562,1682648953775
1563,1682648953775
1564,1682648953775
1565,1682648953776
1566,1682648953776
1567,1682648953776
1568,1682648953777
1569,1682648953777
1570,1682648953777
1571,1682648953777
1572,1682648953778
1573,1682648953778
1574,1682648953778
1575,1682648953779
1576,1682648953779
1577,1682648953779
1578,1682648953780
1579,1682648953780
1580,1682648953780
1581,1682648953781
1582,1682648953781
1583,1682648953781
1584,1682648953782
1585,1682648953782
1586,1682648953782
1587,1682648953782
1588,1682648953783
1589,1682648953783
1590,1682648953783
1591,1682648953784
1592,1682648953784
1593,1682648953785
1594,1682648953785
1595,1682648953785
1596,1682648953786
1597,1682648953786
1598,1682648953786
1599,1682648953787
1600,1682648953787
1601,1682648953787
1602,1682648953788
1603,1682648953788
1604,1682648953788
1605,1682648953788
1606,1682648953789
1607,1682648953789
1608,1682648953789
1609,1682648953790
1610,1682648953790
1611,1682648953790
1612,1682648953790
1613,1682648953791
1614,1682648953791
1615,1682648953791
1616,1682648953791
1617,1682648953792
1618,1682648953792
1619,1682648953792
1620,1682648953792
1621,1682648953793
1622,1682648953793
1623,1682648953793
1624,1682648953794
1625,1682648953794
1626,1682648953794
1627,1682648953794
1628,1682648953795
1629,1682648953795
1630,1682648953795
1631,1682648953795
1632,1682648953796
1633,1682648953796
1634,1682648953796
1635,1682648953797
1636,1682648953797
1637,1682648953797
1638,1682648953798
1639,1682648953798
1640,1682648953799
1641,1682648953799
1642,1682648953799
1643,1682648953800
1644,1682648953800
1645,1682648953801
1646,1682648953801
1647,1682648953801
1648,1682648953802
1649,1682648953802
1650,1682648953802
1651,1682648953803
1652,1682648953803
1653,1682648953803
1654,1682648953803
1655,1682648953804
1656,1682648953804
1657,1682648953804
1658,1682648953804
1659,1682648953804
1660,1682648953805
1661,1682648953805
1662,1682648953805
1663,1682648953805
1664,1682648953806
1665,1682648953806
1666,1682648953806
1667,1682648953806
1668,1682648953807
1669,1682648953807
1670,1682648953807
1671,1682648953807
1672,1682648953808
1673,1682648953808
1674,1682648953808
1675,1682648953808
1676,1682648953809
1677,1682648953809
1678,1682648953809
1679,1682648953810
1680,1682648953810
1681,1682648953810
1682,1682648953810
1683,1682648953811
1684,1682648953811
1685,1682648953811
1686,1682648953812
1687,1682648953812
1688,1682648953812
1689,1682648953813
1690,1682648953813
1691,1682648953813
1692,1682648953814
1693,1682648953814
1694,1682648953815
1695,1682648953815
1696,1682648953815
1697,1682648953818
1698,1682648953819
1699,1682648953819
1700,1682648953820
1701,1682648953820
1702,1682648953820
1703,1682648953821
1704,1682648953821
1705,1682648953821
1706,1682648953821
1707,1682648953822
1708,1682648953822
1709,1682648953822
1710,1682648953823
1711,1682648953823
1712,1682648953823
1713,1682648953823
1714,1682648953824
1715,1682648953824
1716,1682648953824
1717,1682648953824
1718,1682648953825
1719,1682648953825
1720,1682648953825
1721,1682648953826
1722,1682648953826
1723,1682648953826
1724,1682648953826
1725,1682648953827
1726,1682648953827
1727,1682648953827
1728,1682648953828
1729,1682648953828
1730,1682648953828
1731,1682648953829
1732,1682648953829
1733,1682648953829
1734,1682648953830
1735,1682648953830
1736,1682648953830
1737,1682648953831
1738,1682648953832
1739,1682648953832
1740,1682648953832
1741,1682648953833
1742,1682648953834
1743,1682648953834
1744,1682648953834
1745,1682648953835
1746,1682648953835
1747,1682648953836
1748,1682648953836
1749,1682648953836
1750,1682648953837
1751,1682648953837
1752,1682648953837
1753,1682648953838
1754,1682648953838
1755,1682648953838
1756,1682648953838
1757,1682648953839
1758,1682648953839
1759,1682648953839
1760,1682648953840
1761,1682648953840
1762,1682648953840
1763,1682648953840
1764,1682648953841
1765,1682648953841
1766,1682648953841
1767,1682648953841
1768,1682648953842
1769,1682648953842
1770,1682648953842
1771,1682648953843
1772,1682648953843
1773,1682648953843
1774,1682648953843
1775,1682648953844
1776,1682648953846
1777,1682648953847
1778,1682648953848
1779,1682648953848
1780,1682648953848
1781,1682648953849
1782,1682648953850
1783,1682648953850
1784,1682648953851
1785,1682648953851
1786,1682648953851
1787,1682648953852
1788,1682648953852
1789,1682648953854
1790,1682648953855
1791,1682648953855
1792,1682648953861
