1,1682649605823
2,1682649605830
3,1682649605834
4,1682649605838
5,1682649605842
6,1682649605846
7,1682649605850
8,1682649605851
9,1682649605853
10,1682649605854
11,1682649605856
12,1682649605857
13,1682649605859
14,1682649605860
15,1682649605861
16,1682649605862
17,1682649605864
18,1682649605865
19,1682649605866
20,1682649605867
21,1682649605868
22,1682649609201
23,1682649609209
24,1682649609211
25,1682649609212
26,1682649609214
27,1682649609215
28,1682649609217
29,1682649609218
30,1682649609224
31,1682649609225
32,1682649609227
33,1682649609228
34,1682649609229
35,1682649609230
36,1682649609230
37,1682649609231
38,1682649609233
39,1682649609233
40,1682649609234
41,1682649609235
42,1682649609235
43,1682649609236
44,1682649609237
45,1682649609238
46,1682649609239
47,1682649609240
48,1682649609241
49,1682649609241
50,1682649609242
51,1682649609243
52,1682649609244
53,1682649609244
54,1682649609245
55,1682649609246
56,1682649609246
57,1682649609247
58,1682649609248
59,1682649609248
60,1682649609249
61,1682649609249
62,1682649609250
63,1682649609251
64,1682649609252
65,1682649609255
66,1682649609256
67,1682649609257
68,1682649609258
69,1682649609258
70,1682649609259
71,1682649609259
72,1682649609260
73,1682649609261
74,1682649609262
75,1682649609263
76,1682649609265
77,1682649609265
78,1682649609266
79,1682649609267
80,1682649609268
81,1682649609270
82,1682649609271
83,1682649609272
84,1682649609273
85,1682649609274
86,1682649609275
87,1682649609276
88,1682649609277
89,1682649609277
90,1682649609278
91,1682649609278
92,1682649609279
93,1682649609280
94,1682649609281
95,1682649609281
96,1682649609282
97,1682649609283
98,1682649609283
99,1682649609284
100,1682649609284
101,1682649609285
102,1682649609285
103,1682649609286
104,1682649609287
105,1682649609288
106,1682649609289
107,1682649609290
108,1682649609290
109,1682649609291
110,1682649609291
111,1682649609292
112,1682649609293
113,1682649609293
114,1682649609294
115,1682649609294
116,1682649609295
117,1682649609295
118,1682649609296
119,1682649609296
120,1682649609297
121,1682649609297
122,1682649609297
123,1682649609298
124,1682649609299
125,1682649609299
126,1682649609299
127,1682649609300
128,1682649609300
129,1682649609301
130,1682649609301
131,1682649609301
132,1682649609302
133,1682649609302
134,1682649609303
135,1682649609303
136,1682649609304
137,1682649609304
138,1682649609305
139,1682649609305
140,1682649609306
141,1682649609312
142,1682649609312
143,1682649609313
144,1682649609313
145,1682649609313
146,1682649609314
147,1682649609314
148,1682649609314
149,1682649609314
150,1682649609315
151,1682649609315
152,1682649609315
153,1682649609315
154,1682649609316
155,1682649609316
156,1682649609316
157,1682649609316
158,1682649609317
159,1682649609317
160,1682649609317
161,1682649609317
162,1682649609317
163,1682649609318
164,1682649609318
165,1682649609318
166,1682649609318
167,1682649609319
168,1682649609319
169,1682649609319
170,1682649609319
171,1682649609320
172,1682649609320
173,1682649609320
174,1682649609321
175,1682649609321
176,1682649609321
177,1682649609322
178,1682649609322
179,1682649609322
180,1682649609323
181,1682649609323
182,1682649609323
183,1682649609324
184,1682649609324
185,1682649609324
186,1682649609324
187,1682649609324
188,1682649609325
189,1682649609325
190,1682649609325
191,1682649609326
192,1682649609326
193,1682649609326
194,1682649609326
195,1682649609327
196,1682649609327
197,1682649609327
198,1682649609328
199,1682649609328
200,1682649609328
201,1682649609329
202,1682649609329
203,1682649609329
204,1682649609329
205,1682649609329
206,1682649609330
207,1682649609330
208,1682649609330
209,1682649609330
210,1682649609331
211,1682649609331
212,1682649609331
213,1682649609331
214,1682649609331
215,1682649609332
216,1682649609332
217,1682649609332
218,1682649609333
219,1682649609333
220,1682649609333
221,1682649609333
222,1682649609334
223,1682649609334
224,1682649609334
225,1682649609335
226,1682649609335
227,1682649609336
228,1682649609336
229,1682649609337
230,1682649609337
231,1682649609337
232,1682649609338
233,1682649609338
234,1682649609338
235,1682649609339
236,1682649609340
237,1682649609341
238,1682649609342
239,1682649609342
240,1682649609342
241,1682649609343
242,1682649609343
243,1682649609343
244,1682649609344
245,1682649609344
246,1682649609345
247,1682649609345
248,1682649609345
249,1682649609346
250,1682649609346
251,1682649609346
252,1682649609347
253,1682649609347
254,1682649609347
255,1682649609348
256,1682649609348
257,1682649609348
258,1682649609349
259,1682649609349
260,1682649609349
261,1682649609350
262,1682649609350
263,1682649609350
264,1682649609350
265,1682649609351
266,1682649609351
267,1682649609351
268,1682649609351
269,1682649609352
270,1682649609352
271,1682649609352
272,1682649609352
273,1682649609353
274,1682649609353
275,1682649609354
276,1682649609354
277,1682649609354
278,1682649609354
279,1682649609355
280,1682649609355
281,1682649609355
282,1682649609355
283,1682649609356
284,1682649609356
285,1682649609356
286,1682649609357
287,1682649609357
288,1682649609357
289,1682649609358
290,1682649609358
291,1682649609358
292,1682649609359
293,1682649609359
294,1682649609359
295,1682649609360
296,1682649609360
297,1682649609360
298,1682649609361
299,1682649609361
300,1682649609361
301,1682649609362
302,1682649609362
303,1682649609362
304,1682649609363
305,1682649609363
306,1682649609363
307,1682649609364
308,1682649609364
309,1682649609364
310,1682649609365
311,1682649609365
312,1682649609365
313,1682649609366
314,1682649609366
315,1682649609366
316,1682649609366
317,1682649609367
318,1682649609367
319,1682649609367
320,1682649609368
321,1682649609368
322,1682649609368
323,1682649609369
324,1682649609369
325,1682649609369
326,1682649609370
327,1682649609370
328,1682649609371
329,1682649609371
330,1682649609371
331,1682649609372
332,1682649609372
333,1682649609372
334,1682649609373
335,1682649609373
336,1682649609373
337,1682649609374
338,1682649609374
339,1682649609375
340,1682649609375
341,1682649609375
342,1682649609376
343,1682649609376
344,1682649609377
345,1682649609377
346,1682649609377
347,1682649609378
348,1682649609378
349,1682649609378
350,1682649609379
351,1682649609379
352,1682649609382
353,1682649609383
354,1682649609383
355,1682649609384
356,1682649609384
357,1682649609384
358,1682649609385
359,1682649609385
360,1682649609385
361,1682649609387
362,1682649609387
363,1682649609393
364,1682649609393
365,1682649609394
366,1682649609394
367,1682649609394
368,1682649609394
369,1682649609395
370,1682649609395
371,1682649609395
372,1682649609396
373,1682649609396
374,1682649609406
375,1682649609407
376,1682649609407
377,1682649609408
378,1682649609408
379,1682649609409
380,1682649609409
381,1682649609410
382,1682649609410
383,1682649609410
384,1682649609411
385,1682649609411
386,1682649609411
387,1682649609412
388,1682649609412
389,1682649609424
390,1682649609424
391,1682649609425
392,1682649609425
393,1682649609426
394,1682649609426
395,1682649609426
396,1682649609427
397,1682649609427
398,1682649609427
399,1682649609428
400,1682649609428
401,1682649609428
402,1682649609429
403,1682649609429
404,1682649609429
405,1682649609429
406,1682649609429
407,1682649609430
408,1682649609432
409,1682649609432
410,1682649609433
411,1682649609434
412,1682649609434
413,1682649609434
414,1682649609434
415,1682649609435
416,1682649609435
417,1682649609435
418,1682649609436
419,1682649609436
420,1682649609436
421,1682649609448
422,1682649609448
423,1682649609449
424,1682649609449
425,1682649609449
426,1682649609450
427,1682649609450
428,1682649609450
429,1682649609450
430,1682649609451
431,1682649609451
432,1682649609451
433,1682649609451
434,1682649609460
435,1682649609463
436,1682649609463
437,1682649609464
438,1682649609464
439,1682649609464
440,1682649609464
441,1682649609465
442,1682649609465
443,1682649609465
444,1682649609465
445,1682649609466
446,1682649609466
447,1682649609466
448,1682649609466
449,1682649609467
450,1682649609467
451,1682649609467
452,1682649609467
453,1682649609467
454,1682649609479
455,1682649609480
456,1682649609480
457,1682649609480
458,1682649609480
459,1682649609481
460,1682649609481
461,1682649609481
462,1682649609481
463,1682649609482
464,1682649609482
465,1682649609482
466,1682649609482
467,1682649609483
468,1682649609483
469,1682649609483
470,1682649609483
471,1682649609483
472,1682649609484
473,1682649609484
474,1682649609484
475,1682649609484
476,1682649609484
477,1682649609496
478,1682649609496
479,1682649609496
480,1682649609497
481,1682649609497
482,1682649609499
483,1682649609500
484,1682649609500
485,1682649609500
486,1682649609501
487,1682649609501
488,1682649609501
489,1682649609501
490,1682649609502
491,1682649609502
492,1682649609502
493,1682649609502
494,1682649609503
495,1682649609509
496,1682649609509
497,1682649609509
498,1682649609510
499,1682649609510
500,1682649609510
501,1682649609511
502,1682649609511
503,1682649609511
504,1682649609511
505,1682649609511
506,1682649609512
507,1682649609512
508,1682649609512
509,1682649609512
510,1682649609513
511,1682649609529
512,1682649609529
513,1682649609530
514,1682649609530
515,1682649609531
516,1682649609531
517,1682649609531
518,1682649609531
519,1682649609532
520,1682649609532
521,1682649609532
522,1682649609532
523,1682649609533
524,1682649609533
525,1682649609533
526,1682649609534
527,1682649609534
528,1682649609534
529,1682649609534
530,1682649609535
531,1682649609535
532,1682649609535
533,1682649609535
534,1682649609536
535,1682649609536
536,1682649609536
537,1682649609536
538,1682649609537
539,1682649609537
540,1682649609537
541,1682649609552
542,1682649609552
543,1682649609552
544,1682649609553
545,1682649609554
546,1682649609555
547,1682649609555
548,1682649609556
549,1682649609556
550,1682649609556
551,1682649609556
552,1682649609557
553,1682649609557
554,1682649609557
555,1682649609557
556,1682649609558
557,1682649609558
558,1682649609558
559,1682649609558
560,1682649609558
561,1682649609559
562,1682649609559
563,1682649609559
564,1682649609559
565,1682649609560
566,1682649609560
567,1682649609560
568,1682649609560
569,1682649609560
570,1682649609561
571,1682649609561
572,1682649609577
573,1682649609577
574,1682649609578
575,1682649609578
576,1682649609578
577,1682649609589
578,1682649609589
579,1682649609590
580,1682649609590
581,1682649609590
582,1682649609591
583,1682649609591
584,1682649609591
585,1682649609592
586,1682649609592
587,1682649609592
588,1682649609592
589,1682649609593
590,1682649609593
591,1682649609593
592,1682649609593
593,1682649609594
594,1682649609594
595,1682649609594
596,1682649609594
597,1682649609595
598,1682649609595
599,1682649609595
600,1682649609595
601,1682649609596
602,1682649609596
603,1682649609596
604,1682649609596
605,1682649609596
606,1682649609608
607,1682649609612
608,1682649609612
609,1682649609613
610,1682649609613
611,1682649609613
612,1682649609614
613,1682649609615
614,1682649609615
615,1682649609615
616,1682649609615
617,1682649609616
618,1682649609616
619,1682649609616
620,1682649609616
621,1682649609617
622,1682649609617
623,1682649609617
624,1682649609617
625,1682649609618
626,1682649609618
627,1682649609618
628,1682649609618
629,1682649609619
630,1682649609620
631,1682649609620
632,1682649609621
633,1682649609621
634,1682649609621
635,1682649609621
636,1682649609622
637,1682649609622
638,1682649609631
639,1682649609637
640,1682649609637
641,1682649609637
642,1682649609637
643,1682649609638
644,1682649609638
645,1682649609639
646,1682649609639
647,1682649609640
648,1682649609640
649,1682649609640
650,1682649609640
651,1682649609641
652,1682649609641
653,1682649609641
654,1682649609641
655,1682649609641
656,1682649609641
657,1682649609642
658,1682649609642
659,1682649609642
660,1682649609642
661,1682649609642
662,1682649609642
663,1682649609642
664,1682649609642
665,1682649609643
666,1682649609663
667,1682649609663
668,1682649609663
669,1682649609664
670,1682649609664
671,1682649609664
672,1682649609664
673,1682649609664
674,1682649609665
675,1682649609665
676,1682649609665
677,1682649609665
678,1682649609665
679,1682649609666
680,1682649609666
681,1682649609666
682,1682649609666
683,1682649609666
684,1682649609666
685,1682649609667
686,1682649609667
687,1682649609667
688,1682649609667
689,1682649609667
690,1682649609667
691,1682649609668
692,1682649609668
693,1682649609685
694,1682649609685
695,1682649609685
696,1682649609686
697,1682649609686
698,1682649609686
699,1682649609686
700,1682649609687
701,1682649609687
702,1682649609687
703,1682649609687
704,1682649609687
705,1682649609688
706,1682649609688
707,1682649609688
708,1682649609688
709,1682649609688
710,1682649609688
711,1682649609689
712,1682649609689
713,1682649609689
714,1682649609689
715,1682649609689
716,1682649609689
717,1682649609689
718,1682649609699
719,1682649609699
720,1682649609700
721,1682649609700
722,1682649609700
723,1682649609700
724,1682649609700
725,1682649609700
726,1682649609701
727,1682649609701
728,1682649609701
729,1682649609701
730,1682649609701
731,1682649609702
732,1682649609702
733,1682649609702
734,1682649609702
735,1682649609703
736,1682649609703
737,1682649609703
738,1682649609703
739,1682649609703
740,1682649609704
741,1682649609704
742,1682649609704
743,1682649609704
744,1682649609705
745,1682649609705
746,1682649609705
747,1682649609705
748,1682649609706
749,1682649609706
750,1682649609706
751,1682649609706
752,1682649609707
753,1682649609707
754,1682649609707
755,1682649609707
756,1682649609707
757,1682649609708
758,1682649609708
759,1682649609708
760,1682649609708
761,1682649609709
762,1682649609709
763,1682649609709
764,1682649609709
765,1682649609709
766,1682649609709
767,1682649609710
768,1682649609722
769,1682649609723
770,1682649609723
771,1682649609723
772,1682649609723
773,1682649609724
774,1682649609724
775,1682649609724
776,1682649609724
777,1682649609725
778,1682649609725
779,1682649609725
780,1682649609726
781,1682649609726
782,1682649609726
783,1682649609726
784,1682649609727
785,1682649609727
786,1682649609727
787,1682649609727
788,1682649609728
789,1682649609728
790,1682649609728
791,1682649609728
792,1682649609729
793,1682649609729
794,1682649609729
795,1682649609729
796,1682649609730
797,1682649609730
798,1682649609730
799,1682649609731
800,1682649609731
801,1682649609731
802,1682649609731
803,1682649609732
804,1682649609732
805,1682649609732
806,1682649609732
807,1682649609733
808,1682649609733
809,1682649609733
810,1682649609733
811,1682649609733
812,1682649609734
813,1682649609734
814,1682649609734
815,1682649609734
816,1682649609734
817,1682649609735
818,1682649609735
819,1682649609739
820,1682649609740
821,1682649609740
822,1682649609740
823,1682649609740
824,1682649609740
825,1682649609744
826,1682649609745
827,1682649609745
828,1682649609745
829,1682649609745
830,1682649609746
831,1682649609746
832,1682649609746
833,1682649609746
834,1682649609747
835,1682649609747
836,1682649609747
837,1682649609747
838,1682649609748
839,1682649609748
840,1682649609748
841,1682649609748
842,1682649609749
843,1682649609749
844,1682649609749
845,1682649609749
846,1682649609750
847,1682649609750
848,1682649609750
849,1682649609751
850,1682649609751
851,1682649609751
852,1682649609751
853,1682649609752
854,1682649609752
855,1682649609752
856,1682649609752
857,1682649609752
858,1682649609752
859,1682649609753
860,1682649609753
861,1682649609753
862,1682649609769
863,1682649609770
864,1682649609770
865,1682649609770
866,1682649609770
867,1682649609771
868,1682649609771
869,1682649609771
870,1682649609771
871,1682649609772
872,1682649609772
873,1682649609772
874,1682649609773
875,1682649609773
876,1682649609773
877,1682649609773
878,1682649609774
879,1682649609774
880,1682649609774
881,1682649609774
882,1682649609775
883,1682649609775
884,1682649609775
885,1682649609775
886,1682649609776
887,1682649609776
888,1682649609776
889,1682649609776
890,1682649609777
891,1682649609777
892,1682649609777
893,1682649609777
894,1682649609778
895,1682649609778
896,1682649609778
897,1682649609778
898,1682649609779
899,1682649609779
900,1682649609779
901,1682649609779
902,1682649609780
903,1682649609780
904,1682649609780
905,1682649609780
906,1682649609780
907,1682649609781
908,1682649609781
909,1682649609781
910,1682649609781
911,1682649609781
912,1682649609782
913,1682649609782
914,1682649609782
915,1682649609782
916,1682649609782
917,1682649609783
918,1682649609783
919,1682649609790
920,1682649609790
921,1682649609791
922,1682649609791
923,1682649609791
924,1682649609792
925,1682649609792
926,1682649609792
927,1682649609792
928,1682649609793
929,1682649609793
930,1682649609793
931,1682649609793
932,1682649609794
933,1682649609794
934,1682649609794
935,1682649609794
936,1682649609794
937,1682649609795
938,1682649609795
939,1682649609795
940,1682649609795
941,1682649609795
942,1682649609796
943,1682649609796
944,1682649609799
945,1682649609799
946,1682649609800
947,1682649609800
948,1682649609800
949,1682649609800
950,1682649609801
951,1682649609801
952,1682649609801
953,1682649609801
954,1682649609802
955,1682649609802
956,1682649609802
957,1682649609802
958,1682649609802
959,1682649609803
960,1682649609803
961,1682649609803
962,1682649609803
963,1682649609803
964,1682649609804
965,1682649609804
966,1682649609804
967,1682649609804
968,1682649609805
969,1682649609805
970,1682649609805
971,1682649609806
972,1682649609806
973,1682649609806
974,1682649609806
975,1682649609807
976,1682649609807
977,1682649609807
978,1682649609808
979,1682649609808
980,1682649609808
981,1682649609808
982,1682649609809
983,1682649609809
984,1682649609809
985,1682649609809
986,1682649609810
987,1682649609810
988,1682649609810
989,1682649609810
990,1682649609811
991,1682649609811
992,1682649609811
993,1682649609811
994,1682649609812
995,1682649609812
996,1682649609816
997,1682649609817
998,1682649609817
999,1682649609817
1000,1682649609818
1001,1682649609818
1002,1682649609818
1003,1682649609818
1004,1682649609818
1005,1682649609819
1006,1682649609819
1007,1682649609819
1008,1682649609819
1009,1682649609820
1010,1682649609820
1011,1682649609820
1012,1682649609820
1013,1682649609820
1014,1682649609821
1015,1682649609821
1016,1682649609821
1017,1682649609821
1018,1682649609822
1019,1682649609822
1020,1682649609822
1021,1682649609822
1022,1682649609823
1023,1682649609823
1024,1682649609823
1025,1682649609823
1026,1682649609823
1027,1682649609824
1028,1682649609824
1029,1682649609824
1030,1682649609824
1031,1682649609825
1032,1682649609825
1033,1682649609825
1034,1682649609825
1035,1682649609825
1036,1682649609826
1037,1682649609826
1038,1682649609826
1039,1682649609826
1040,1682649609827
1041,1682649609827
1042,1682649609827
1043,1682649609827
1044,1682649609827
1045,1682649609828
1046,1682649609840
1047,1682649609841
1048,1682649609841
1049,1682649609841
1050,1682649609841
1051,1682649609844
1052,1682649609845
1053,1682649609845
1054,1682649609845
1055,1682649609845
1056,1682649609845
1057,1682649609845
1058,1682649609846
1059,1682649609846
1060,1682649609846
1061,1682649609846
1062,1682649609846
1063,1682649609846
1064,1682649609847
1065,1682649609850
1066,1682649609850
1067,1682649609850
1068,1682649609850
1069,1682649609850
1070,1682649609851
1071,1682649609851
1072,1682649609851
1073,1682649609851
1074,1682649609851
1075,1682649609851
1076,1682649609852
1077,1682649609852
1078,1682649609852
1079,1682649609852
1080,1682649609852
1081,1682649609852
1082,1682649609853
1083,1682649609853
1084,1682649609853
1085,1682649609853
1086,1682649609853
1087,1682649609853
1088,1682649609854
1089,1682649609854
1090,1682649609854
1091,1682649609854
1092,1682649609854
1093,1682649609854
1094,1682649609854
1095,1682649609855
1096,1682649609855
1097,1682649609855
1098,1682649609855
1099,1682649609855
1100,1682649609856
1101,1682649609856
1102,1682649609856
1103,1682649609864
1104,1682649609864
1105,1682649609865
1106,1682649609865
1107,1682649609865
1108,1682649609865
1109,1682649609865
1110,1682649609866
1111,1682649609866
1112,1682649609866
1113,1682649609866
1114,1682649609866
1115,1682649609867
1116,1682649609867
1117,1682649609867
1118,1682649609867
1119,1682649609867
1120,1682649609867
1121,1682649609868
1122,1682649609868
1123,1682649609868
1124,1682649609868
1125,1682649609868
1126,1682649609869
1127,1682649609869
1128,1682649609869
1129,1682649609869
1130,1682649609869
1131,1682649609869
1132,1682649609870
1133,1682649609870
1134,1682649609870
1135,1682649609870
1136,1682649609870
1137,1682649609870
1138,1682649609871
1139,1682649609871
1140,1682649609871
1141,1682649609871
1142,1682649609871
1143,1682649609871
1144,1682649609872
1145,1682649609872
1146,1682649609872
1147,1682649609879
1148,1682649609880
1149,1682649609880
1150,1682649609880
1151,1682649609880
1152,1682649609881
1153,1682649609881
1154,1682649609881
1155,1682649609881
1156,1682649609881
1157,1682649609881
1158,1682649609882
1159,1682649609882
1160,1682649609882
1161,1682649609882
1162,1682649609882
1163,1682649609882
1164,1682649609883
1165,1682649609883
1166,1682649609883
1167,1682649609896
1168,1682649609896
1169,1682649609896
1170,1682649609896
1171,1682649609897
1172,1682649609897
1173,1682649609897
1174,1682649609897
1175,1682649609897
1176,1682649609898
1177,1682649609898
1178,1682649609898
1179,1682649609898
1180,1682649609898
1181,1682649609898
1182,1682649609899
1183,1682649609899
1184,1682649609899
1185,1682649609899
1186,1682649609899
1187,1682649609899
1188,1682649609899
1189,1682649609900
1190,1682649609900
1191,1682649609900
1192,1682649609902
1193,1682649609903
1194,1682649609903
1195,1682649609903
1196,1682649609903
1197,1682649609903
1198,1682649609903
1199,1682649609904
1200,1682649609904
1201,1682649609904
1202,1682649609904
1203,1682649609904
1204,1682649609905
1205,1682649609905
1206,1682649609905
1207,1682649609905
1208,1682649609911
1209,1682649609912
1210,1682649609912
1211,1682649609912
1212,1682649609912
1213,1682649609912
1214,1682649609912
1215,1682649609913
1216,1682649609913
1217,1682649609913
1218,1682649609913
1219,1682649609913
1220,1682649609913
1221,1682649609914
1222,1682649609914
1223,1682649609914
1224,1682649609914
1225,1682649609914
1226,1682649609914
1227,1682649609915
1228,1682649609915
1229,1682649609915
1230,1682649609915
1231,1682649609915
1232,1682649609916
1233,1682649609916
1234,1682649609916
1235,1682649609916
1236,1682649609916
1237,1682649609916
1238,1682649609917
1239,1682649609917
1240,1682649609917
1241,1682649609917
1242,1682649609917
1243,1682649609917
1244,1682649609918
1245,1682649609918
1246,1682649609918
1247,1682649609918
1248,1682649609918
1249,1682649609918
1250,1682649609919
1251,1682649609919
1252,1682649609919
1253,1682649609919
1254,1682649609919
1255,1682649609919
1256,1682649609919
1257,1682649609919
1258,1682649609919
1259,1682649609919
1260,1682649609919
1261,1682649609919
1262,1682649609920
1263,1682649609935
1264,1682649609935
1265,1682649609935
1266,1682649609936
1267,1682649609936
1268,1682649609936
1269,1682649609936
1270,1682649609936
1271,1682649609937
1272,1682649609937
1273,1682649609937
1274,1682649609937
1275,1682649609937
1276,1682649609938
1277,1682649609938
1278,1682649609938
1279,1682649609938
1280,1682649609939
1281,1682649609939
1282,1682649609939
1283,1682649609939
1284,1682649609939
1285,1682649609940
1286,1682649609940
1287,1682649609940
1288,1682649609940
1289,1682649609941
1290,1682649609941
1291,1682649609941
1292,1682649609941
1293,1682649609942
1294,1682649609942
1295,1682649609942
1296,1682649609943
1297,1682649609943
1298,1682649609943
1299,1682649609943
1300,1682649609944
1301,1682649609944
1302,1682649609944
1303,1682649609944
1304,1682649609945
1305,1682649609945
1306,1682649609945
1307,1682649609945
1308,1682649609945
1309,1682649609945
1310,1682649609946
1311,1682649609946
1312,1682649609946
1313,1682649609946
1314,1682649609946
1315,1682649609946
1316,1682649609947
1317,1682649609947
1318,1682649609947
1319,1682649609947
1320,1682649609947
1321,1682649609948
1322,1682649609948
1323,1682649609954
1324,1682649609954
1325,1682649609954
1326,1682649609955
1327,1682649609955
1328,1682649609956
1329,1682649609956
1330,1682649609956
1331,1682649609956
1332,1682649609957
1333,1682649609957
1334,1682649609957
1335,1682649609957
1336,1682649609958
1337,1682649609958
1338,1682649609958
1339,1682649609958
1340,1682649609959
1341,1682649609959
1342,1682649609959
1343,1682649609959
1344,1682649609960
1345,1682649609960
1346,1682649609960
1347,1682649609960
1348,1682649609961
1349,1682649609961
1350,1682649609961
1351,1682649609961
1352,1682649609962
1353,1682649609962
1354,1682649609962
1355,1682649609962
1356,1682649609962
1357,1682649609963
1358,1682649609963
1359,1682649609963
1360,1682649609963
1361,1682649609963
1362,1682649609964
1363,1682649609964
1364,1682649609964
1365,1682649609964
1366,1682649609964
1367,1682649609965
1368,1682649609965
1369,1682649609965
1370,1682649609965
1371,1682649609965
1372,1682649609965
1373,1682649609966
1374,1682649609966
1375,1682649609966
1376,1682649609966
1377,1682649609966
1378,1682649609967
1379,1682649609967
1380,1682649609967
1381,1682649609967
1382,1682649609967
1383,1682649609967
1384,1682649609967
1385,1682649609968
1386,1682649609968
1387,1682649609968
1388,1682649609968
1389,1682649609968
1390,1682649609969
1391,1682649609969
1392,1682649609969
1393,1682649609969
1394,1682649609969
1395,1682649609969
1396,1682649609970
1397,1682649609970
1398,1682649609970
1399,1682649609970
1400,1682649609971
1401,1682649609971
1402,1682649609972
1403,1682649609972
1404,1682649609972
1405,1682649609972
1406,1682649609973
1407,1682649609973
1408,1682649609973
1409,1682649609973
1410,1682649609973
1411,1682649609974
1412,1682649609974
1413,1682649609974
1414,1682649609974
1415,1682649609974
1416,1682649609975
1417,1682649609975
1418,1682649609975
1419,1682649609975
1420,1682649609975
1421,1682649609976
1422,1682649609976
1423,1682649609976
1424,1682649609976
1425,1682649609976
1426,1682649609977
1427,1682649609977
1428,1682649609977
1429,1682649609983
1430,1682649609983
1431,1682649609984
1432,1682649609984
1433,1682649609984
1434,1682649609984
1435,1682649609984
1436,1682649609985
1437,1682649609985
1438,1682649609985
1439,1682649609985
1440,1682649609985
1441,1682649609986
1442,1682649609986
1443,1682649609986
1444,1682649609986
1445,1682649609987
1446,1682649609987
1447,1682649609987
1448,1682649609987
1449,1682649609988
1450,1682649609988
1451,1682649609988
1452,1682649609988
1453,1682649609988
1454,1682649609989
1455,1682649609989
1456,1682649610007
1457,1682649610007
1458,1682649610008
1459,1682649610008
1460,1682649610008
1461,1682649610008
1462,1682649610009
1463,1682649610009
1464,1682649610009
1465,1682649610009
1466,1682649610009
1467,1682649610010
1468,1682649610014
1469,1682649610014
1470,1682649610014
1471,1682649610014
1472,1682649610014
1473,1682649610015
1474,1682649610015
1475,1682649610015
1476,1682649610015
1477,1682649610016
1478,1682649610016
1479,1682649610016
1480,1682649610016
1481,1682649610017
1482,1682649610017
1483,1682649610017
1484,1682649610017
1485,1682649610017
1486,1682649610018
1487,1682649610018
1488,1682649610018
1489,1682649610018
1490,1682649610018
1491,1682649610019
1492,1682649610019
1493,1682649610019
1494,1682649610019
1495,1682649610020
1496,1682649610020
1497,1682649610020
1498,1682649610020
1499,1682649610036
1500,1682649610036
1501,1682649610037
1502,1682649610037
1503,1682649610037
1504,1682649610037
1505,1682649610038
1506,1682649610038
1507,1682649610038
1508,1682649610038
1509,1682649610039
1510,1682649610039
1511,1682649610039
1512,1682649610039
1513,1682649610040
1514,1682649610040
1515,1682649610040
1516,1682649610040
1517,1682649610040
1518,1682649610041
1519,1682649610041
1520,1682649610041
1521,1682649610041
1522,1682649610042
1523,1682649610042
1524,1682649610042
1525,1682649610042
1526,1682649610042
1527,1682649610043
1528,1682649610043
1529,1682649610043
1530,1682649610043
1531,1682649610044
1532,1682649610044
1533,1682649610044
1534,1682649610044
1535,1682649610045
1536,1682649610045
