1,1682647774750
2,1682647774754
3,1682647774755
4,1682647774757
5,1682647774759
6,1682647774760
7,1682647774761
8,1682647774762
9,1682647774763
10,1682647774765
11,1682647774766
12,1682647774767
13,1682647774768
14,1682647774770
15,1682647774772
16,1682647774775
17,1682647774775
18,1682647774777
19,1682647774780
20,1682647774781
21,1682647774781
22,1682647774782
23,1682647774783
24,1682647774784
25,1682647774785
26,1682647774786
27,1682647774788
28,1682647774790
29,1682647774791
30,1682647774792
31,1682647774794
32,1682647774794
33,1682647774795
34,1682647774796
35,1682647774796
36,1682647774797
37,1682647774798
38,1682647774798
39,1682647774799
40,1682647774800
41,1682647774800
42,1682647774801
43,1682647774802
44,1682647774802
45,1682647774803
46,1682647774804
47,1682647774805
48,1682647774806
49,1682647774807
50,1682647774808
51,1682647774808
52,1682647774809
53,1682647774809
54,1682647774810
55,1682647774810
56,1682647774811
57,1682647774811
58,1682647774812
59,1682647774812
60,1682647774813
61,1682647774813
62,1682647774814
63,1682647774814
64,1682647774815
65,1682647774815
66,1682647774816
67,1682647774816
68,1682647774817
69,1682647774817
70,1682647774818
71,1682647774819
72,1682647774819
73,1682647774820
74,1682647774820
75,1682647774822
76,1682647774823
77,1682647774824
78,1682647774824
79,1682647774825
80,1682647774826
81,1682647774826
82,1682647774827
83,1682647774827
84,1682647774827
85,1682647774828
86,1682647774828
87,1682647774829
88,1682647774830
89,1682647774831
90,1682647774832
91,1682647774833
92,1682647774834
93,1682647774834
94,1682647774835
95,1682647774835
96,1682647774836
97,1682647774836
98,1682647774837
99,1682647774837
100,1682647774838
101,1682647774838
102,1682647774839
103,1682647774840
104,1682647774841
105,1682647774842
106,1682647774842
107,1682647774842
108,1682647774842
109,1682647774843
110,1682647774844
111,1682647774844
112,1682647774844
113,1682647774845
114,1682647774845
115,1682647774846
116,1682647774846
117,1682647774847
118,1682647774847
119,1682647774847
120,1682647774848
121,1682647774848
122,1682647774849
123,1682647774849
124,1682647774849
125,1682647774850
126,1682647774850
127,1682647774850
128,1682647774851
