1,1682647968029
2,1682647968048
3,1682647968061
4,1682647968070
5,1682647968072
6,1682647968078
7,1682647968082
8,1682647968084
9,1682647968086
10,1682647968087
11,1682647968089
12,1682647968093
13,1682647968094
14,1682647968095
15,1682647968097
16,1682647968098
17,1682647968099
18,1682647968100
19,1682647968101
20,1682647968101
21,1682647968102
22,1682647968103
23,1682647968105
24,1682647968109
25,1682647968111
26,1682647968113
27,1682647968114
28,1682647968115
29,1682647968116
30,1682647968117
31,1682647968117
32,1682647968122
33,1682647968130
34,1682647968131
35,1682647968133
36,1682647968143
37,1682647968145
38,1682647968147
39,1682647968151
40,1682647968153
41,1682647968156
42,1682647968165
43,1682647968167
44,1682647968173
45,1682647968177
46,1682647968180
47,1682647968181
48,1682647968183
49,1682647968185
50,1682647968187
51,1682647968196
52,1682647968199
53,1682647968202
54,1682647968204
55,1682647968206
56,1682647968211
57,1682647968214
58,1682647968215
59,1682647968216
60,1682647968217
61,1682647968218
62,1682647968219
63,1682647968220
64,1682647968221
65,1682647968222
66,1682647968222
67,1682647968227
68,1682647968229
69,1682647968230
70,1682647968231
71,1682647968231
72,1682647968232
73,1682647968233
74,1682647968234
75,1682647968235
76,1682647968236
77,1682647968237
78,1682647968238
79,1682647968239
80,1682647968244
81,1682647968246
82,1682647968247
83,1682647968248
84,1682647968249
85,1682647968250
86,1682647968251
87,1682647968252
88,1682647968253
89,1682647968253
90,1682647968254
91,1682647968255
92,1682647968256
93,1682647968257
94,1682647968260
95,1682647968261
96,1682647968262
97,1682647968264
98,1682647968265
99,1682647968266
100,1682647968266
101,1682647968267
102,1682647968268
103,1682647968269
104,1682647968269
105,1682647968270
106,1682647968270
107,1682647968271
108,1682647968272
109,1682647968273
110,1682647968275
111,1682647968278
112,1682647968280
113,1682647968281
114,1682647968282
115,1682647968282
116,1682647968283
117,1682647968284
118,1682647968284
119,1682647968285
120,1682647968285
121,1682647968286
122,1682647968287
123,1682647968288
124,1682647968288
125,1682647968289
126,1682647968292
127,1682647968294
128,1682647968296
129,1682647968297
130,1682647968298
131,1682647968299
132,1682647968300
133,1682647968301
134,1682647968301
135,1682647968303
136,1682647968313
137,1682647968314
138,1682647968315
139,1682647968316
140,1682647968317
141,1682647968318
142,1682647968318
143,1682647968320
144,1682647968320
145,1682647968321
146,1682647968324
147,1682647968326
148,1682647968327
149,1682647968329
150,1682647968329
151,1682647968331
152,1682647968331
153,1682647968332
154,1682647968332
155,1682647968333
156,1682647968348
157,1682647968349
158,1682647968349
159,1682647968350
160,1682647968350
161,1682647968351
162,1682647968351
163,1682647968351
164,1682647968352
165,1682647968352
166,1682647968352
167,1682647968353
168,1682647968353
169,1682647968353
170,1682647968354
171,1682647968354
172,1682647968354
173,1682647968355
174,1682647968355
175,1682647968355
176,1682647968356
177,1682647968361
178,1682647968363
179,1682647968364
180,1682647968365
181,1682647968367
182,1682647968368
183,1682647968369
184,1682647968378
185,1682647968379
186,1682647968381
187,1682647968382
188,1682647968383
189,1682647968383
190,1682647968384
191,1682647968384
192,1682647968385
193,1682647968385
194,1682647968386
195,1682647968386
196,1682647968387
197,1682647968387
198,1682647968388
199,1682647968388
200,1682647968389
201,1682647968389
202,1682647968394
203,1682647968394
204,1682647968395
205,1682647968395
206,1682647968396
207,1682647968396
208,1682647968397
209,1682647968397
210,1682647968398
211,1682647968398
212,1682647968399
213,1682647968399
214,1682647968400
215,1682647968400
216,1682647968400
217,1682647968401
218,1682647968401
219,1682647968401
220,1682647968402
221,1682647968402
222,1682647968403
223,1682647968403
224,1682647968403
225,1682647968404
226,1682647968404
227,1682647968404
228,1682647968405
229,1682647968405
230,1682647968406
231,1682647968406
232,1682647968410
233,1682647968411
234,1682647968412
235,1682647968413
236,1682647968413
237,1682647968414
238,1682647968414
239,1682647968415
240,1682647968415
241,1682647968416
242,1682647968416
243,1682647968417
244,1682647968417
245,1682647968417
246,1682647968417
247,1682647968418
248,1682647968418
249,1682647968419
250,1682647968420
251,1682647968420
252,1682647968421
253,1682647968421
254,1682647968422
255,1682647968422
256,1682647968427
