1,1682648367954
2,1682648367956
3,1682648367957
4,1682648367959
5,1682648367963
6,1682648367966
7,1682648367968
8,1682648367969
9,1682648367971
10,1682648367972
11,1682648367973
12,1682648368186
13,1682648368187
14,1682648368187
15,1682648368187
16,1682648368187
17,1682648368188
18,1682648368188
19,1682648368188
20,1682648368274
21,1682648368274
22,1682648368275
23,1682648368278
24,1682648368279
25,1682648368280
26,1682648368281
27,1682648368282
28,1682648368282
29,1682648368283
30,1682648368384
31,1682648368384
32,1682648368385
33,1682648368386
34,1682648368386
35,1682648368387
36,1682648368388
37,1682648368388
38,1682648368389
39,1682648368389
40,1682648368389
41,1682648368390
42,1682648368390
43,1682648368390
44,1682648368391
45,1682648368391
46,1682648368392
47,1682648368506
48,1682648368506
49,1682648368506
50,1682648368507
51,1682648368507
52,1682648368512
53,1682648368513
54,1682648368514
55,1682648368514
56,1682648368515
57,1682648368515
58,1682648368515
59,1682648368516
60,1682648368516
61,1682648368517
62,1682648368517
63,1682648368518
64,1682648368518
65,1682648368519
66,1682648368519
67,1682648368519
68,1682648368520
69,1682648368521
70,1682648368522
71,1682648368522
72,1682648368523
73,1682648368524
74,1682648368524
75,1682648368528
76,1682648368529
77,1682648368530
78,1682648368531
79,1682648368531
80,1682648368531
81,1682648368637
82,1682648368638
83,1682648368638
84,1682648368638
85,1682648368639
86,1682648368639
87,1682648368640
88,1682648368640
89,1682648368640
90,1682648368641
91,1682648368641
92,1682648368641
93,1682648368642
94,1682648368643
95,1682648368644
96,1682648368644
97,1682648368645
98,1682648368646
99,1682648368646
100,1682648368646
101,1682648368647
102,1682648368647
103,1682648368647
104,1682648368648
105,1682648368648
106,1682648368648
107,1682648368649
108,1682648368649
109,1682648368649
110,1682648368649
111,1682648368650
112,1682648368650
113,1682648368650
114,1682648368650
115,1682648368651
116,1682648368651
117,1682648368651
118,1682648368652
119,1682648368652
120,1682648368652
121,1682648368652
122,1682648368653
123,1682648368653
124,1682648368654
125,1682648368654
126,1682648368654
127,1682648368768
128,1682648368769
129,1682648368769
130,1682648368769
131,1682648368770
132,1682648368770
133,1682648368770
134,1682648368771
135,1682648368771
136,1682648368771
137,1682648368772
138,1682648368772
139,1682648368772
140,1682648368773
141,1682648368773
142,1682648368773
143,1682648368773
144,1682648368774
145,1682648368774
146,1682648368775
147,1682648368775
148,1682648368776
149,1682648368776
150,1682648368777
151,1682648368777
152,1682648368777
153,1682648368778
154,1682648368778
155,1682648368778
156,1682648368779
157,1682648368779
158,1682648368779
159,1682648368780
160,1682648368780
161,1682648368781
162,1682648368869
163,1682648368870
164,1682648368870
165,1682648368870
166,1682648368871
167,1682648368871
168,1682648368871
169,1682648368872
170,1682648368872
171,1682648368872
172,1682648368873
173,1682648368873
174,1682648368873
175,1682648368874
176,1682648368874
177,1682648368874
178,1682648368879
179,1682648368879
180,1682648368880
181,1682648368881
182,1682648368881
183,1682648368881
184,1682648368882
185,1682648368882
186,1682648368883
187,1682648368883
188,1682648368883
189,1682648368884
190,1682648368884
191,1682648368885
192,1682648368885
193,1682648368885
194,1682648368885
195,1682648368886
196,1682648368886
197,1682648368887
198,1682648368887
199,1682648368888
200,1682648368889
201,1682648368889
202,1682648368890
203,1682648368896
204,1682648368897
205,1682648368898
206,1682648368898
207,1682648368898
208,1682648368898
209,1682648368950
210,1682648368950
211,1682648368950
212,1682648368950
213,1682648368951
214,1682648368951
215,1682648368951
216,1682648368951
217,1682648368951
218,1682648368951
219,1682648368952
220,1682648368952
221,1682648368952
222,1682648368952
223,1682648368953
224,1682648368953
225,1682648368953
226,1682648368953
227,1682648368953
228,1682648368953
229,1682648368954
230,1682648368954
231,1682648368954
232,1682648368954
233,1682648368954
234,1682648368954
235,1682648368955
236,1682648368955
237,1682648368955
238,1682648368955
239,1682648368955
240,1682648368956
241,1682648368956
242,1682648368956
243,1682648368956
244,1682648369086
245,1682648369087
246,1682648369088
247,1682648369088
248,1682648369089
249,1682648369090
250,1682648369090
251,1682648369091
252,1682648369094
253,1682648369094
254,1682648369095
255,1682648369095
256,1682648369096
257,1682648369097
258,1682648369097
259,1682648369098
260,1682648369098
261,1682648369099
262,1682648369099
263,1682648369100
264,1682648369100
265,1682648369100
266,1682648369101
267,1682648369101
268,1682648369102
269,1682648369102
270,1682648369103
271,1682648369179
272,1682648369180
273,1682648369180
274,1682648369180
275,1682648369180
276,1682648369181
277,1682648369181
278,1682648369181
279,1682648369182
280,1682648369182
281,1682648369182
282,1682648369182
283,1682648369183
284,1682648369183
285,1682648369183
286,1682648369184
287,1682648369184
288,1682648369184
289,1682648369185
290,1682648369185
291,1682648369185
292,1682648369186
293,1682648369289
294,1682648369290
295,1682648369290
296,1682648369290
297,1682648369291
298,1682648369291
299,1682648369291
300,1682648369292
301,1682648369293
302,1682648369293
303,1682648369293
304,1682648369294
305,1682648369294
306,1682648369294
307,1682648369294
308,1682648369294
309,1682648369295
310,1682648369295
311,1682648369295
312,1682648369295
313,1682648369295
314,1682648369296
315,1682648369296
316,1682648369296
317,1682648369296
318,1682648369297
319,1682648369297
320,1682648369297
321,1682648369297
322,1682648369297
323,1682648369298
324,1682648369298
325,1682648369298
326,1682648369298
327,1682648369299
328,1682648369299
329,1682648369299
330,1682648369299
331,1682648369300
332,1682648369300
333,1682648369300
334,1682648369300
335,1682648369392
336,1682648369393
337,1682648369393
338,1682648369393
339,1682648369393
340,1682648369394
341,1682648369394
342,1682648369394
343,1682648369394
344,1682648369395
345,1682648369395
346,1682648369395
347,1682648369395
348,1682648369396
349,1682648369396
350,1682648369396
351,1682648369396
352,1682648369396
353,1682648369397
354,1682648369397
355,1682648369397
356,1682648369397
357,1682648369398
358,1682648369398
359,1682648369398
360,1682648369398
361,1682648369398
362,1682648369398
363,1682648369399
364,1682648369399
365,1682648369399
366,1682648369510
367,1682648369511
368,1682648369511
369,1682648369511
370,1682648369511
371,1682648369511
372,1682648369511
373,1682648369512
374,1682648369512
375,1682648369512
376,1682648369512
377,1682648369512
378,1682648369512
379,1682648369512
380,1682648369513
381,1682648369513
382,1682648369513
383,1682648369513
384,1682648369513
385,1682648369513
386,1682648369513
387,1682648369514
388,1682648369514
389,1682648369514
390,1682648369514
391,1682648369515
392,1682648369515
393,1682648369515
394,1682648369515
395,1682648369515
396,1682648369515
397,1682648369516
398,1682648369516
399,1682648369516
400,1682648369516
401,1682648369516
402,1682648369517
403,1682648369517
404,1682648369517
405,1682648369517
406,1682648369517
407,1682648369517
408,1682648369518
409,1682648369518
410,1682648369518
411,1682648369518
412,1682648369519
413,1682648369519
414,1682648369519
415,1682648369519
416,1682648369519
417,1682648369520
418,1682648369520
419,1682648369520
420,1682648369520
421,1682648369521
422,1682648369521
423,1682648369521
424,1682648369596
425,1682648369596
426,1682648369596
427,1682648369597
428,1682648369597
429,1682648369597
430,1682648369597
431,1682648369597
432,1682648369597
433,1682648369598
434,1682648369598
435,1682648369598
436,1682648369598
437,1682648369598
438,1682648369598
439,1682648369598
440,1682648369599
441,1682648369599
442,1682648369599
443,1682648369599
444,1682648369599
445,1682648369599
446,1682648369600
447,1682648369600
448,1682648369600
449,1682648369600
450,1682648369600
451,1682648369600
452,1682648369600
453,1682648369601
454,1682648369601
455,1682648369601
456,1682648369741
457,1682648369741
458,1682648369741
459,1682648369741
460,1682648369742
461,1682648369742
462,1682648369742
463,1682648369742
464,1682648369742
465,1682648369743
466,1682648369743
467,1682648369743
468,1682648369743
469,1682648369744
470,1682648369744
471,1682648369744
472,1682648369744
473,1682648369745
474,1682648369745
475,1682648369745
476,1682648369745
477,1682648369745
478,1682648369745
479,1682648369746
480,1682648369746
481,1682648369746
482,1682648369746
483,1682648369746
484,1682648369747
485,1682648369747
486,1682648369747
487,1682648369747
488,1682648369747
489,1682648369747
490,1682648369748
491,1682648369748
492,1682648369748
493,1682648369748
494,1682648369749
495,1682648369749
496,1682648369749
497,1682648369749
498,1682648369749
499,1682648369750
500,1682648369750
501,1682648369750
502,1682648369750
503,1682648369750
504,1682648369751
505,1682648369751
506,1682648369751
507,1682648369751
508,1682648369751
509,1682648369751
510,1682648369752
511,1682648369752
512,1682648369752
513,1682648369752
514,1682648369752
515,1682648369753
516,1682648369753
517,1682648369753
518,1682648369753
519,1682648369753
520,1682648369753
521,1682648369754
522,1682648369754
523,1682648369754
524,1682648369754
525,1682648369754
526,1682648369754
527,1682648369754
528,1682648369755
529,1682648369755
530,1682648369755
531,1682648369755
532,1682648369755
533,1682648369755
534,1682648369756
535,1682648369756
536,1682648369756
537,1682648369756
538,1682648369756
539,1682648369757
540,1682648369757
541,1682648369757
542,1682648369757
543,1682648369758
544,1682648369891
545,1682648369891
546,1682648369891
547,1682648369891
548,1682648369891
549,1682648369892
550,1682648369892
551,1682648369892
552,1682648369892
553,1682648369892
554,1682648369892
555,1682648369893
556,1682648369893
557,1682648369893
558,1682648369893
559,1682648369894
560,1682648369894
561,1682648369894
562,1682648369894
563,1682648369895
564,1682648369895
565,1682648369895
566,1682648369896
567,1682648369896
568,1682648369896
569,1682648369896
570,1682648369896
571,1682648369897
572,1682648369897
573,1682648369897
574,1682648369897
575,1682648369897
576,1682648369898
577,1682648369898
578,1682648369898
579,1682648369898
580,1682648369898
581,1682648369899
582,1682648369899
583,1682648369899
584,1682648369899
585,1682648369900
586,1682648369900
587,1682648369900
588,1682648369900
589,1682648369900
590,1682648369901
591,1682648369901
592,1682648369901
593,1682648369901
594,1682648369902
595,1682648369902
596,1682648369902
597,1682648369902
598,1682648369903
599,1682648369903
600,1682648369903
601,1682648369903
602,1682648369903
603,1682648369904
604,1682648369904
605,1682648369904
606,1682648369904
607,1682648369905
608,1682648369905
609,1682648369905
610,1682648369905
611,1682648369905
612,1682648369906
613,1682648369906
614,1682648369906
615,1682648369906
616,1682648369906
617,1682648369907
618,1682648369907
619,1682648369907
620,1682648369907
621,1682648369907
622,1682648369907
623,1682648369908
624,1682648369908
625,1682648369909
626,1682648369909
627,1682648369909
628,1682648369910
629,1682648369910
630,1682648369910
631,1682648369910
632,1682648369910
633,1682648369911
634,1682648369911
635,1682648369911
636,1682648369911
637,1682648369911
638,1682648369912
639,1682648370023
640,1682648370023
641,1682648370023
642,1682648370023
643,1682648370023
644,1682648370023
645,1682648370023
646,1682648370023
647,1682648370024
648,1682648370024
649,1682648370024
650,1682648370024
651,1682648370024
652,1682648370024
653,1682648370025
654,1682648370025
655,1682648370025
656,1682648370025
657,1682648370025
658,1682648370025
659,1682648370025
660,1682648370026
661,1682648370026
662,1682648370026
663,1682648370026
664,1682648370026
665,1682648370026
666,1682648370027
667,1682648370027
668,1682648370027
669,1682648370027
670,1682648370027
671,1682648370027
672,1682648370028
673,1682648370028
674,1682648370028
675,1682648370028
676,1682648370028
677,1682648370028
678,1682648370028
679,1682648370029
680,1682648370029
681,1682648370029
682,1682648370029
683,1682648370029
684,1682648370029
685,1682648370029
686,1682648370029
687,1682648370030
688,1682648370030
689,1682648370030
690,1682648370030
691,1682648370030
692,1682648370030
693,1682648370030
694,1682648370030
695,1682648370030
696,1682648370031
697,1682648370031
698,1682648370031
699,1682648370031
700,1682648370031
701,1682648370031
702,1682648370031
703,1682648370031
704,1682648370032
705,1682648370032
706,1682648370032
707,1682648370032
708,1682648370032
709,1682648370032
710,1682648370032
711,1682648370032
712,1682648370032
713,1682648370032
714,1682648370033
715,1682648370213
716,1682648370213
717,1682648370213
718,1682648370213
719,1682648370214
720,1682648370214
721,1682648370214
722,1682648370214
723,1682648370215
724,1682648370215
725,1682648370215
726,1682648370215
727,1682648370216
728,1682648370216
729,1682648370216
730,1682648370217
731,1682648370217
732,1682648370218
733,1682648370218
734,1682648370218
735,1682648370218
736,1682648370219
737,1682648370219
738,1682648370219
739,1682648370220
740,1682648370220
741,1682648370220
742,1682648370221
743,1682648370221
744,1682648370222
745,1682648370223
746,1682648370223
747,1682648370224
748,1682648370224
749,1682648370225
750,1682648370226
751,1682648370226
752,1682648370226
753,1682648370227
754,1682648370227
755,1682648370228
756,1682648370228
757,1682648370228
758,1682648370228
759,1682648370229
760,1682648370229
761,1682648370229
762,1682648370229
763,1682648370230
764,1682648370230
765,1682648370230
766,1682648370231
767,1682648370231
768,1682648370231
769,1682648370232
770,1682648370232
771,1682648370232
772,1682648370233
773,1682648370233
774,1682648370234
775,1682648370235
776,1682648370236
777,1682648370236
778,1682648370237
779,1682648370237
780,1682648370238
781,1682648370238
782,1682648370239
783,1682648370239
784,1682648370239
785,1682648370240
786,1682648370244
787,1682648370245
788,1682648370245
789,1682648370245
790,1682648370246
791,1682648370246
792,1682648370247
793,1682648370247
794,1682648370247
795,1682648370388
796,1682648370388
797,1682648370389
798,1682648370389
799,1682648370389
800,1682648370389
801,1682648370390
802,1682648370390
803,1682648370390
804,1682648370390
805,1682648370390
806,1682648370390
807,1682648370392
808,1682648370392
809,1682648370393
810,1682648370393
811,1682648370393
812,1682648370394
813,1682648370395
814,1682648370395
815,1682648370396
816,1682648370396
817,1682648370396
818,1682648370396
819,1682648370397
820,1682648370397
821,1682648370397
822,1682648370398
823,1682648370398
824,1682648370398
825,1682648370398
826,1682648370398
827,1682648370398
828,1682648370399
829,1682648370399
830,1682648370399
831,1682648370399
832,1682648370399
833,1682648370400
834,1682648370400
835,1682648370400
836,1682648370400
837,1682648370401
838,1682648370401
839,1682648370401
840,1682648370401
841,1682648370401
842,1682648370402
843,1682648370402
844,1682648370402
845,1682648370402
846,1682648370403
847,1682648370403
848,1682648370403
849,1682648370403
850,1682648370403
851,1682648370403
852,1682648370528
853,1682648370528
854,1682648370528
855,1682648370528
856,1682648370528
857,1682648370529
858,1682648370529
859,1682648370529
860,1682648370529
861,1682648370529
862,1682648370529
863,1682648370529
864,1682648370529
865,1682648370530
866,1682648370530
867,1682648370530
868,1682648370530
869,1682648370530
870,1682648370530
871,1682648370531
872,1682648370531
873,1682648370531
874,1682648370531
875,1682648370531
876,1682648370531
877,1682648370532
878,1682648370532
879,1682648370532
880,1682648370532
881,1682648370532
882,1682648370532
883,1682648370533
884,1682648370533
885,1682648370533
886,1682648370533
887,1682648370533
888,1682648370533
889,1682648370533
890,1682648370534
891,1682648370534
892,1682648370534
893,1682648370534
894,1682648370534
895,1682648370534
896,1682648370534
897,1682648370535
898,1682648370535
899,1682648370535
900,1682648370535
901,1682648370535
902,1682648370535
903,1682648370535
904,1682648370535
905,1682648370535
906,1682648370536
907,1682648370536
908,1682648370536
909,1682648370536
910,1682648370536
911,1682648370536
912,1682648370536
913,1682648370536
914,1682648370536
915,1682648370537
916,1682648370537
917,1682648370537
918,1682648370537
919,1682648370537
920,1682648370537
921,1682648370680
922,1682648370680
923,1682648370680
924,1682648370680
925,1682648370680
926,1682648370680
927,1682648370680
928,1682648370680
929,1682648370681
930,1682648370681
931,1682648370681
932,1682648370681
933,1682648370681
934,1682648370681
935,1682648370681
936,1682648370681
937,1682648370682
938,1682648370682
939,1682648370682
940,1682648370682
941,1682648370682
942,1682648370682
943,1682648370686
944,1682648370686
945,1682648370686
946,1682648370687
947,1682648370687
948,1682648370687
949,1682648370688
950,1682648370688
951,1682648370688
952,1682648370688
953,1682648370689
954,1682648370689
955,1682648370689
956,1682648370689
957,1682648370690
958,1682648370690
959,1682648370690
960,1682648370691
961,1682648370691
962,1682648370692
963,1682648370692
964,1682648370692
965,1682648370693
966,1682648370693
967,1682648370694
968,1682648370694
969,1682648370694
970,1682648370695
971,1682648370695
972,1682648370695
973,1682648370696
974,1682648370696
975,1682648370696
976,1682648370697
977,1682648370697
978,1682648370697
979,1682648370698
980,1682648370698
981,1682648370698
982,1682648370699
983,1682648370699
984,1682648370699
985,1682648370699
986,1682648370700
987,1682648370700
988,1682648370700
989,1682648370700
990,1682648370701
991,1682648370701
992,1682648370701
993,1682648370702
994,1682648370702
995,1682648370702
996,1682648370702
997,1682648370703
998,1682648370703
999,1682648370703
1000,1682648370703
1001,1682648370704
1002,1682648370704
1003,1682648370704
1004,1682648370704
1005,1682648370705
1006,1682648370705
1007,1682648370705
1008,1682648370706
1009,1682648370706
1010,1682648370706
1011,1682648370706
1012,1682648370707
1013,1682648370707
1014,1682648370707
1015,1682648370708
1016,1682648370708
1017,1682648370708
1018,1682648370709
1019,1682648370709
1020,1682648370709
1021,1682648370710
1022,1682648370710
1023,1682648370727
1024,1682648370728
