1,1682647863918
2,1682647863926
3,1682647863939
4,1682647863945
5,1682647863955
6,1682647863956
7,1682647863957
8,1682647863959
9,1682647863965
10,1682647863969
11,1682647863970
12,1682647863972
13,1682647863974
14,1682647863975
15,1682647863981
16,1682647863987
17,1682647863992
18,1682647863996
19,1682647864003
20,1682647864005
21,1682647864008
22,1682647864008
23,1682647864022
24,1682647864026
25,1682647864037
26,1682647864040
27,1682647864041
28,1682647864043
29,1682647864045
30,1682647864047
31,1682647864048
32,1682647864053
33,1682647864059
34,1682647864062
35,1682647864063
36,1682647864065
37,1682647864070
38,1682647864071
39,1682647864073
40,1682647864078
41,1682647864081
42,1682647864090
43,1682647864114
44,1682647864120
45,1682647864129
46,1682647864130
47,1682647864131
48,1682647864131
49,1682647864133
50,1682647864137
51,1682647864146
52,1682647864147
53,1682647864148
54,1682647864152
55,1682647864153
56,1682647864364
57,1682647864365
58,1682647864365
59,1682647864370
60,1682647864371
61,1682647864371
62,1682647864372
63,1682647864373
64,1682647864373
65,1682647864374
66,1682647864377
67,1682647864379
68,1682647864380
69,1682647864381
70,1682647864387
71,1682647864388
72,1682647864388
73,1682647864389
74,1682647864389
75,1682647864390
76,1682647864390
77,1682647864391
78,1682647864392
79,1682647864393
80,1682647864393
81,1682647864394
82,1682647864394
83,1682647864395
84,1682647864395
85,1682647864395
86,1682647864403
87,1682647864408
88,1682647864410
89,1682647864411
90,1682647864414
91,1682647864416
92,1682647864418
93,1682647864421
94,1682647864421
95,1682647864423
96,1682647864424
97,1682647864425
98,1682647864425
99,1682647864426
100,1682647864427
101,1682647864428
102,1682647864428
103,1682647864429
104,1682647864431
105,1682647864431
106,1682647864437
107,1682647864438
108,1682647864439
109,1682647864439
110,1682647864440
111,1682647864440
112,1682647864441
113,1682647864441
114,1682647864441
115,1682647864442
116,1682647864442
117,1682647864443
118,1682647864443
119,1682647864443
120,1682647864444
121,1682647864444
122,1682647864446
123,1682647864451
124,1682647864452
125,1682647864453
126,1682647864453
127,1682647864454
128,1682647864454
129,1682647864455
130,1682647864455
131,1682647864456
132,1682647864456
133,1682647864457
134,1682647864457
135,1682647864458
136,1682647864458
137,1682647864459
138,1682647864459
139,1682647864460
140,1682647864460
141,1682647864461
142,1682647864461
143,1682647864462
144,1682647864462
145,1682647864463
146,1682647864463
147,1682647864465
148,1682647864470
149,1682647864470
150,1682647864471
151,1682647864471
152,1682647864472
153,1682647864473
154,1682647864474
155,1682647864475
156,1682647864477
157,1682647864478
158,1682647864478
159,1682647864479
160,1682647864479
161,1682647864480
162,1682647864480
163,1682647864481
164,1682647864481
165,1682647864486
166,1682647864489
167,1682647864489
168,1682647864490
169,1682647864490
170,1682647864491
171,1682647864492
172,1682647864493
173,1682647864493
174,1682647864494
175,1682647864494
176,1682647864495
177,1682647864495
178,1682647864495
179,1682647864496
180,1682647864496
181,1682647864497
182,1682647864497
183,1682647864497
184,1682647864498
185,1682647864498
186,1682647864503
187,1682647864503
188,1682647864503
189,1682647864504
190,1682647864504
191,1682647864506
192,1682647864506
193,1682647864508
194,1682647864509
195,1682647864510
196,1682647864510
197,1682647864511
198,1682647864511
199,1682647864512
200,1682647864512
201,1682647864513
202,1682647864513
203,1682647864514
204,1682647864514
205,1682647864514
206,1682647864515
207,1682647864519
208,1682647864520
209,1682647864521
210,1682647864522
211,1682647864523
212,1682647864523
213,1682647864524
214,1682647864524
215,1682647864525
216,1682647864525
217,1682647864526
218,1682647864527
219,1682647864527
220,1682647864539
221,1682647864541
222,1682647864543
223,1682647864545
224,1682647864547
225,1682647864548
226,1682647864554
227,1682647864555
228,1682647864556
229,1682647864556
230,1682647864557
231,1682647864557
232,1682647864558
233,1682647864558
234,1682647864558
235,1682647864559
236,1682647864559
237,1682647864559
238,1682647864559
239,1682647864560
240,1682647864560
241,1682647864560
242,1682647864561
243,1682647864561
244,1682647864561
245,1682647864563
246,1682647864563
247,1682647864564
248,1682647864564
249,1682647864564
250,1682647864565
251,1682647864570
252,1682647864572
253,1682647864572
254,1682647864573
255,1682647864573
256,1682647864574
