1,1682647913750
2,1682647913757
3,1682647913760
4,1682647913761
5,1682647913762
6,1682647913763
7,1682647913764
8,1682647913765
9,1682647913766
10,1682647913767
11,1682647913768
12,1682647913769
13,1682647913769
14,1682647913771
15,1682647913773
16,1682647913774
17,1682647913775
18,1682647913776
19,1682647913776
20,1682647913777
21,1682647913778
22,1682647913778
23,1682647913779
24,1682647913780
25,1682647913781
26,1682647913781
27,1682647913782
28,1682647913783
29,1682647913783
30,1682647913784
31,1682647913785
32,1682647913786
33,1682647913786
34,1682647913787
35,1682647913789
36,1682647913790
37,1682647913791
38,1682647913793
39,1682647913794
40,1682647913794
41,1682647913798
42,1682647913799
43,1682647913800
44,1682647913804
45,1682647913805
46,1682647913807
47,1682647913809
48,1682647913810
49,1682647913811
50,1682647913812
51,1682647913813
52,1682647913815
53,1682647913817
54,1682647913819
55,1682647913823
56,1682647913824
57,1682647913827
58,1682647913828
59,1682647913828
60,1682647913829
61,1682647913830
62,1682647913833
63,1682647913834
64,1682647913835
65,1682647913835
66,1682647913837
67,1682647913838
68,1682647913840
69,1682647913840
70,1682647913841
71,1682647913844
72,1682647913845
73,1682647913846
74,1682647913847
75,1682647913847
76,1682647913848
77,1682647913848
78,1682647913849
79,1682647913850
80,1682647913851
81,1682647913851
82,1682647913852
83,1682647913852
84,1682647913856
85,1682647913857
86,1682647913858
87,1682647913859
88,1682647913859
89,1682647913861
90,1682647913862
91,1682647913863
92,1682647913864
93,1682647913865
94,1682647913866
95,1682647913866
96,1682647913867
97,1682647913867
98,1682647913868
99,1682647913869
100,1682647913869
101,1682647913872
102,1682647913873
103,1682647913874
104,1682647913874
105,1682647913875
106,1682647913876
107,1682647913876
108,1682647913877
109,1682647913877
110,1682647913878
111,1682647913878
112,1682647913879
113,1682647913880
114,1682647913880
115,1682647913881
116,1682647913881
117,1682647913882
118,1682647913882
119,1682647913882
120,1682647913883
121,1682647913884
122,1682647913884
123,1682647913885
124,1682647913885
125,1682647913886
126,1682647913886
127,1682647913888
128,1682647913890
129,1682647913890
130,1682647913891
131,1682647913891
132,1682647913892
133,1682647913893
134,1682647913894
135,1682647913894
136,1682647913895
137,1682647913896
138,1682647913897
139,1682647913897
140,1682647913898
141,1682647913898
142,1682647913899
143,1682647913899
144,1682647913900
145,1682647913900
146,1682647913901
147,1682647913901
148,1682647913902
149,1682647913902
150,1682647913906
151,1682647913906
152,1682647913907
153,1682647913908
154,1682647913908
155,1682647913908
156,1682647913909
157,1682647913910
158,1682647913911
159,1682647913912
160,1682647913913
161,1682647913915
162,1682647913915
163,1682647913916
164,1682647913917
165,1682647913917
166,1682647913918
167,1682647913918
168,1682647913919
169,1682647913922
170,1682647913923
171,1682647913924
172,1682647913925
173,1682647913926
174,1682647913926
175,1682647913933
176,1682647913933
177,1682647913933
178,1682647913934
179,1682647913934
180,1682647913934
181,1682647913942
182,1682647913943
183,1682647913945
184,1682647913946
185,1682647913947
186,1682647913948
187,1682647913948
188,1682647913949
189,1682647913950
190,1682647913951
191,1682647913951
192,1682647913952
193,1682647913959
194,1682647913961
195,1682647913961
196,1682647913962
197,1682647913962
198,1682647913964
199,1682647913964
200,1682647913965
201,1682647913965
202,1682647913966
203,1682647913966
204,1682647913967
205,1682647913968
206,1682647913968
207,1682647913968
208,1682647913969
209,1682647913969
210,1682647913969
211,1682647913969
212,1682647913971
213,1682647913972
214,1682647913973
215,1682647913973
216,1682647913973
217,1682647913974
218,1682647913974
219,1682647913974
220,1682647913975
221,1682647913975
222,1682647913975
223,1682647913976
224,1682647913977
225,1682647913977
226,1682647913980
227,1682647913983
228,1682647913986
229,1682647913990
230,1682647913991
231,1682647913992
232,1682647913995
233,1682647913997
234,1682647914005
235,1682647914007
236,1682647914008
237,1682647914009
238,1682647914009
239,1682647914010
240,1682647914011
241,1682647914011
242,1682647914012
243,1682647914012
244,1682647914014
245,1682647914019
246,1682647914023
247,1682647914029
248,1682647914039
249,1682647914042
250,1682647914044
251,1682647914045
252,1682647914045
253,1682647914048
254,1682647914049
255,1682647914049
256,1682647914051
