1,1682648367998
2,1682648368000
3,1682648368001
4,1682648368002
5,1682648368003
6,1682648368004
7,1682648368005
8,1682648368005
9,1682648368006
10,1682648368007
11,1682648368033
12,1682648368824
13,1682648368824
14,1682648368824
15,1682648368825
16,1682648368825
17,1682648368826
18,1682648368826
19,1682648368826
20,1682648368827
21,1682648368828
22,1682648368829
23,1682648368829
24,1682648368830
25,1682648368830
26,1682648368831
27,1682648368831
28,1682648368831
29,1682648368832
30,1682648368832
31,1682648368832
32,1682648368833
33,1682648368833
34,1682648368833
35,1682648368833
36,1682648368834
37,1682648368834
38,1682648368835
39,1682648368835
40,1682648368836
41,1682648368836
42,1682648368836
43,1682648368837
44,1682648368838
45,1682648368838
46,1682648368838
47,1682648368839
48,1682648368839
49,1682648368840
50,1682648368840
51,1682648368842
52,1682648368844
53,1682648368846
54,1682648368847
55,1682648370273
56,1682648370274
57,1682648370275
58,1682648370276
59,1682648370277
60,1682648370277
61,1682648370278
62,1682648370279
63,1682648370279
64,1682648370279
65,1682648370280
66,1682648370280
67,1682648370280
68,1682648370281
69,1682648370281
70,1682648370281
71,1682648370282
72,1682648370282
73,1682648370282
74,1682648370282
75,1682648370283
76,1682648370283
77,1682648370284
78,1682648370284
79,1682648370284
80,1682648370285
81,1682648370285
82,1682648370286
83,1682648370286
84,1682648370287
85,1682648370287
86,1682648370288
87,1682648370288
88,1682648370289
89,1682648370289
90,1682648370289
91,1682648370290
92,1682648370290
93,1682648370291
94,1682648370291
95,1682648370292
96,1682648370292
97,1682648370292
98,1682648370293
99,1682648370293
100,1682648370294
101,1682648370294
102,1682648370295
103,1682648370295
104,1682648370296
105,1682648370296
106,1682648370296
107,1682648370297
108,1682648370297
109,1682648370297
110,1682648370298
111,1682648370298
112,1682648370298
113,1682648370299
114,1682648370299
115,1682648370299
116,1682648370299
117,1682648370300
118,1682648370300
119,1682648370300
120,1682648370301
121,1682648370301
122,1682648370301
123,1682648370301
124,1682648370301
125,1682648370302
126,1682648370302
127,1682648370302
128,1682648370302
129,1682648370303
130,1682648370303
131,1682648370303
132,1682648370303
133,1682648370304
134,1682648370304
135,1682648370304
136,1682648370304
137,1682648370304
138,1682648370305
139,1682648370305
140,1682648370305
141,1682648370306
142,1682648370306
143,1682648370306
144,1682648370307
145,1682648370307
146,1682648370307
147,1682648370308
148,1682648370309
149,1682648370310
150,1682648370310
151,1682648370311
152,1682648370311
153,1682648370311
154,1682648370312
155,1682648370312
156,1682648370312
157,1682648370312
158,1682648370313
159,1682648370313
160,1682648370313
161,1682648370313
162,1682648370314
163,1682648370314
164,1682648370314
165,1682648370314
166,1682648370315
167,1682648370315
168,1682648370315
169,1682648370315
170,1682648370316
171,1682648370316
172,1682648370316
173,1682648370316
174,1682648370317
175,1682648370317
176,1682648370317
177,1682648370317
178,1682648370318
179,1682648370318
180,1682648370318
181,1682648370318
182,1682648370319
183,1682648370319
184,1682648370319
185,1682648370320
186,1682648370320
187,1682648370320
188,1682648370321
189,1682648370321
190,1682648370321
191,1682648370321
192,1682648370322
193,1682648370322
194,1682648370322
195,1682648370323
196,1682648370323
197,1682648370323
198,1682648370324
199,1682648370324
200,1682648370325
201,1682648370327
202,1682648370327
203,1682648370945
204,1682648370946
205,1682648370946
206,1682648370946
207,1682648370946
208,1682648370946
209,1682648370947
210,1682648370947
211,1682648370947
212,1682648370947
213,1682648370947
214,1682648370947
215,1682648370947
216,1682648370948
217,1682648370948
218,1682648370948
219,1682648370948
220,1682648370948
221,1682648370948
222,1682648370949
223,1682648370949
224,1682648370949
225,1682648370949
226,1682648370950
227,1682648370950
228,1682648370950
229,1682648370950
230,1682648370951
231,1682648370951
232,1682648370951
233,1682648370951
234,1682648370951
235,1682648370952
236,1682648370952
237,1682648370952
238,1682648370953
239,1682648370953
240,1682648370953
241,1682648370954
242,1682648370954
243,1682648370954
244,1682648370954
245,1682648370955
246,1682648370955
247,1682648370955
248,1682648370955
249,1682648370956
250,1682648370956
251,1682648370956
252,1682648370956
253,1682648370956
254,1682648370957
255,1682648370957
256,1682648370957
257,1682648370957
258,1682648370958
259,1682648370958
260,1682648370958
261,1682648370958
262,1682648370958
263,1682648370958
264,1682648370958
265,1682648370959
266,1682648370959
267,1682648370959
268,1682648370959
269,1682648370959
270,1682648370959
271,1682648370960
272,1682648370960
273,1682648370960
274,1682648370960
275,1682648370960
276,1682648370960
277,1682648370961
278,1682648370961
279,1682648370961
280,1682648370961
281,1682648370964
282,1682648370964
283,1682648370965
284,1682648370965
285,1682648370965
286,1682648370965
287,1682648370966
288,1682648370966
289,1682648370966
290,1682648370966
291,1682648370966
292,1682648370967
293,1682648370967
294,1682648370967
295,1682648370967
296,1682648370967
297,1682648370967
298,1682648370968
299,1682648370968
300,1682648370968
301,1682648370968
302,1682648370968
303,1682648370968
304,1682648370968
305,1682648370969
306,1682648370969
307,1682648370969
308,1682648370969
309,1682648370969
310,1682648370969
311,1682648370970
312,1682648370970
313,1682648370970
314,1682648370970
315,1682648370970
316,1682648370970
317,1682648370971
318,1682648370971
319,1682648370971
320,1682648370971
321,1682648370971
322,1682648370972
323,1682648370972
324,1682648370972
325,1682648370972
326,1682648370972
327,1682648370972
328,1682648370973
329,1682648370973
330,1682648370973
331,1682648370973
332,1682648370974
333,1682648370974
334,1682648370974
335,1682648370975
336,1682648370975
337,1682648370976
338,1682648370976
339,1682648370977
340,1682648370977
341,1682648370977
342,1682648370977
343,1682648370978
344,1682648370978
345,1682648370978
346,1682648370978
347,1682648370978
348,1682648370979
349,1682648370979
350,1682648370979
351,1682648370979
352,1682648370980
353,1682648370980
354,1682648370980
355,1682648370980
356,1682648370980
357,1682648370981
358,1682648370981
359,1682648370981
360,1682648370981
361,1682648370982
362,1682648370982
363,1682648370982
364,1682648370982
365,1682648370982
366,1682648370983
367,1682648370983
368,1682648370983
369,1682648370983
370,1682648370983
371,1682648370984
372,1682648370984
373,1682648370984
374,1682648370984
375,1682648370985
376,1682648370985
377,1682648370985
378,1682648370985
379,1682648370986
380,1682648370986
381,1682648370987
382,1682648370987
383,1682648370987
384,1682648370987
385,1682648370988
386,1682648370988
387,1682648370988
388,1682648370989
389,1682648370989
390,1682648370989
391,1682648370990
392,1682648370990
393,1682648370990
394,1682648370990
395,1682648370992
396,1682648370994
397,1682648370994
398,1682648370995
399,1682648370996
400,1682648370998
401,1682648371000
402,1682648371003
403,1682648371003
404,1682648371004
405,1682648371005
406,1682648371005
407,1682648371005
408,1682648371005
409,1682648371006
410,1682648371006
411,1682648371006
412,1682648371006
413,1682648371006
414,1682648371007
415,1682648371007
416,1682648371007
417,1682648371008
418,1682648371011
419,1682648371013
420,1682648371015
421,1682648371015
422,1682648371016
423,1682648371017
424,1682648371017
425,1682648371018
426,1682648371018
427,1682648371018
428,1682648371018
429,1682648371019
430,1682648371019
431,1682648371022
432,1682648371022
433,1682648371027
434,1682648371029
435,1682648371031
436,1682648371040
437,1682648371041
438,1682648371042
439,1682648371045
440,1682648371048
441,1682648371052
442,1682648371054
443,1682648371055
444,1682648371055
445,1682648371055
446,1682648371056
447,1682648371056
448,1682648371056
449,1682648371057
450,1682648371057
451,1682648371058
452,1682648371058
453,1682648371058
454,1682648371059
455,1682648371060
456,1682648371062
457,1682648371063
458,1682648371064
459,1682648371064
460,1682648371066
461,1682648371066
462,1682648371066
463,1682648371067
464,1682648371067
465,1682648371068
466,1682648371068
467,1682648371069
468,1682648371069
469,1682648371069
470,1682648371070
471,1682648371070
472,1682648371070
473,1682648371070
474,1682648371071
475,1682648371071
476,1682648371072
477,1682648371072
478,1682648371073
479,1682648371074
480,1682648371074
481,1682648371075
482,1682648371075
483,1682648371076
484,1682648371078
485,1682648371080
486,1682648371083
487,1682648371084
488,1682648371084
489,1682648371085
490,1682648371085
491,1682648371085
492,1682648371086
493,1682648371086
494,1682648371086
495,1682648371089
496,1682648371089
497,1682648371090
498,1682648371094
499,1682648371095
500,1682648371095
501,1682648371096
502,1682648371096
503,1682648371097
504,1682648371098
505,1682648371101
506,1682648371102
507,1682648371103
508,1682648371103
509,1682648371103
510,1682648371104
511,1682648371104
512,1682648371104
513,1682648371105
514,1682648371105
515,1682648371106
516,1682648371111
517,1682648371112
518,1682648371113
519,1682648371113
520,1682648371113
521,1682648371114
522,1682648371114
523,1682648371115
524,1682648371115
525,1682648371116
526,1682648371117
527,1682648371117
528,1682648371118
529,1682648371118
530,1682648371119
531,1682648371119
532,1682648371119
533,1682648371120
534,1682648371120
535,1682648371121
536,1682648371121
537,1682648371123
538,1682648371123
539,1682648371124
540,1682648371125
541,1682648371125
542,1682648371125
543,1682648371126
544,1682648371127
545,1682648371128
546,1682648371129
547,1682648371130
548,1682648371131
549,1682648371131
550,1682648371132
551,1682648371132
552,1682648371134
553,1682648371134
554,1682648371135
555,1682648371135
556,1682648371135
557,1682648371136
558,1682648371136
559,1682648371137
560,1682648371137
561,1682648371137
562,1682648371138
563,1682648371138
564,1682648371138
565,1682648371139
566,1682648371139
567,1682648371140
568,1682648371140
569,1682648371141
570,1682648371141
571,1682648371142
572,1682648371143
573,1682648371144
574,1682648371145
575,1682648371146
576,1682648371146
577,1682648371146
578,1682648371146
579,1682648371147
580,1682648371147
581,1682648371147
582,1682648371147
583,1682648371148
584,1682648371148
585,1682648371148
586,1682648371148
587,1682648371149
588,1682648371149
589,1682648371149
590,1682648371150
591,1682648371150
592,1682648371150
593,1682648371150
594,1682648371151
595,1682648371151
596,1682648371151
597,1682648371152
598,1682648371152
599,1682648371152
600,1682648371152
601,1682648371152
602,1682648371153
603,1682648371153
604,1682648371153
605,1682648371153
606,1682648371153
607,1682648371154
608,1682648371154
609,1682648371154
610,1682648371154
611,1682648371155
612,1682648371155
613,1682648371155
614,1682648371155
615,1682648371155
616,1682648371156
617,1682648371156
618,1682648371156
619,1682648371156
620,1682648371157
621,1682648371157
622,1682648371157
623,1682648371157
624,1682648371158
625,1682648371158
626,1682648371158
627,1682648371159
628,1682648371159
629,1682648371159
630,1682648371159
631,1682648371160
632,1682648371160
633,1682648371160
634,1682648371161
635,1682648371161
636,1682648371161
637,1682648371161
638,1682648371162
639,1682648371162
640,1682648371162
641,1682648371162
642,1682648371163
643,1682648371163
644,1682648371163
645,1682648371164
646,1682648371164
647,1682648371165
648,1682648371165
649,1682648371165
650,1682648371166
651,1682648371167
652,1682648371167
653,1682648371167
654,1682648371168
655,1682648371168
656,1682648371168
657,1682648371169
658,1682648371169
659,1682648371169
660,1682648371169
661,1682648371170
662,1682648371170
663,1682648371171
664,1682648371171
665,1682648371171
666,1682648371172
667,1682648371172
668,1682648371172
669,1682648371172
670,1682648371173
671,1682648371173
672,1682648371173
673,1682648371173
674,1682648371173
675,1682648371174
676,1682648371174
677,1682648371175
678,1682648371176
679,1682648371177
680,1682648371177
681,1682648371178
682,1682648371178
683,1682648371178
684,1682648371179
685,1682648371179
686,1682648371179
687,1682648371180
688,1682648371180
689,1682648371181
690,1682648371181
691,1682648371182
692,1682648371182
693,1682648371182
694,1682648371183
695,1682648371183
696,1682648371184
697,1682648371185
698,1682648371186
699,1682648371186
700,1682648371187
701,1682648371188
702,1682648371188
703,1682648371188
704,1682648371189
705,1682648371189
706,1682648371189
707,1682648371189
708,1682648371190
709,1682648371190
710,1682648371194
711,1682648371194
712,1682648371195
713,1682648371195
714,1682648371196
715,1682648371196
716,1682648371196
717,1682648371196
718,1682648371197
719,1682648371197
720,1682648371197
721,1682648371197
722,1682648371197
723,1682648371198
724,1682648371198
725,1682648371198
726,1682648371198
727,1682648371199
728,1682648371199
729,1682648371199
730,1682648371199
731,1682648371200
732,1682648371200
733,1682648371200
734,1682648371201
735,1682648371201
736,1682648371201
737,1682648371201
738,1682648371202
739,1682648371202
740,1682648371202
741,1682648371203
742,1682648371203
743,1682648371203
744,1682648371204
745,1682648371204
746,1682648371204
747,1682648371204
748,1682648371205
749,1682648371205
750,1682648371205
751,1682648371205
752,1682648371206
753,1682648371206
754,1682648371206
755,1682648371206
756,1682648371206
757,1682648371207
758,1682648371207
759,1682648371208
760,1682648371208
761,1682648371209
762,1682648371209
763,1682648371210
764,1682648371211
765,1682648371211
766,1682648371211
767,1682648371211
768,1682648371212
769,1682648371212
770,1682648371212
771,1682648371212
772,1682648371213
773,1682648371213
774,1682648371213
775,1682648371213
776,1682648371214
777,1682648371214
778,1682648371214
779,1682648371214
780,1682648371214
781,1682648371215
782,1682648371215
783,1682648371215
784,1682648371215
785,1682648371216
786,1682648371216
787,1682648371216
788,1682648371216
789,1682648371217
790,1682648371217
791,1682648371217
792,1682648371217
793,1682648371217
794,1682648371218
795,1682648371218
796,1682648371219
797,1682648371219
798,1682648371220
799,1682648371220
800,1682648371220
801,1682648371221
802,1682648371221
803,1682648371221
804,1682648371221
805,1682648371222
806,1682648371222
807,1682648371222
808,1682648371222
809,1682648371222
810,1682648371223
811,1682648371223
812,1682648371223
813,1682648371223
814,1682648371223
815,1682648371224
816,1682648371224
817,1682648371224
818,1682648371225
819,1682648371226
820,1682648371226
821,1682648371226
822,1682648371227
823,1682648371227
824,1682648371227
825,1682648371227
826,1682648371228
827,1682648371228
828,1682648371228
829,1682648371228
830,1682648371229
831,1682648371230
832,1682648371230
833,1682648371230
834,1682648371230
835,1682648371231
836,1682648371231
837,1682648371231
838,1682648371232
839,1682648371232
840,1682648371232
841,1682648371232
842,1682648371233
843,1682648371233
844,1682648371233
845,1682648371233
846,1682648371233
847,1682648371234
848,1682648371234
849,1682648371234
850,1682648371234
851,1682648371235
852,1682648371235
853,1682648371235
854,1682648371235
855,1682648371235
856,1682648371236
857,1682648371236
858,1682648371236
859,1682648371236
860,1682648371236
861,1682648371237
862,1682648371237
863,1682648371237
864,1682648371237
865,1682648371237
866,1682648371238
867,1682648371238
868,1682648371238
869,1682648371238
870,1682648371239
871,1682648371239
872,1682648371239
873,1682648371239
874,1682648371240
875,1682648371240
876,1682648371240
877,1682648371242
878,1682648371243
879,1682648371243
880,1682648371244
881,1682648371244
882,1682648371244
883,1682648371245
884,1682648371245
885,1682648371246
886,1682648371246
887,1682648371246
888,1682648371246
889,1682648371247
890,1682648371247
891,1682648371247
892,1682648371247
893,1682648371247
894,1682648371248
895,1682648371248
896,1682648371248
897,1682648371248
898,1682648371249
899,1682648371249
900,1682648371249
901,1682648371249
902,1682648371250
903,1682648371250
904,1682648371250
905,1682648371250
906,1682648371250
907,1682648371250
908,1682648371251
909,1682648371251
910,1682648371251
911,1682648371251
912,1682648371251
913,1682648371252
914,1682648371252
915,1682648371252
916,1682648371252
917,1682648371252
918,1682648371253
919,1682648371253
920,1682648371253
921,1682648371253
922,1682648371253
923,1682648371254
924,1682648371254
925,1682648371254
926,1682648371254
927,1682648371254
928,1682648371255
929,1682648371255
930,1682648371255
931,1682648371256
932,1682648371256
933,1682648371257
934,1682648371261
935,1682648371261
936,1682648371262
937,1682648371263
938,1682648371265
939,1682648371269
940,1682648371269
941,1682648371270
942,1682648371271
943,1682648371271
944,1682648371272
945,1682648371272
946,1682648371272
947,1682648371273
948,1682648371273
949,1682648371273
950,1682648371274
951,1682648371275
952,1682648371275
953,1682648371276
954,1682648371277
955,1682648371278
956,1682648371278
957,1682648371278
958,1682648371279
959,1682648371279
960,1682648371279
961,1682648371280
962,1682648371280
963,1682648371281
964,1682648371281
965,1682648371281
966,1682648371282
967,1682648371282
968,1682648371283
969,1682648371283
970,1682648371283
971,1682648371284
972,1682648371284
973,1682648371284
974,1682648371284
975,1682648371285
976,1682648371285
977,1682648371286
978,1682648371286
979,1682648371286
980,1682648371287
981,1682648371287
982,1682648371288
983,1682648371288
984,1682648371289
985,1682648371289
986,1682648371289
987,1682648371290
988,1682648371290
989,1682648371291
990,1682648371292
991,1682648371292
992,1682648371293
993,1682648371293
994,1682648371294
995,1682648371294
996,1682648371295
997,1682648371295
998,1682648371295
999,1682648371296
1000,1682648371296
1001,1682648371296
1002,1682648371302
1003,1682648371302
1004,1682648371302
1005,1682648371303
1006,1682648371303
1007,1682648371304
1008,1682648371304
1009,1682648371305
1010,1682648371305
1011,1682648371306
1012,1682648371306
1013,1682648371310
1014,1682648371310
1015,1682648371312
1016,1682648371313
1017,1682648371313
1018,1682648371313
1019,1682648371314
1020,1682648371314
1021,1682648371314
1022,1682648371314
1023,1682648371315
1024,1682648371315
