1,1682648055376
2,1682648055380
3,1682648055390
4,1682648055397
5,1682648055411
6,1682648055416
7,1682648055425
8,1682648055433
9,1682648055443
10,1682648055448
11,1682648055453
12,1682648055459
13,1682648055464
14,1682648055469
15,1682648055478
16,1682648055491
17,1682648055512
18,1682648055518
19,1682648055531
20,1682648055539
21,1682648055547
22,1682648055558
23,1682648055562
24,1682648055566
25,1682648055576
26,1682648055582
27,1682648055590
28,1682648055595
29,1682648055600
30,1682648055613
31,1682648055617
32,1682648055628
33,1682648055634
34,1682648055640
35,1682648055647
36,1682648055656
37,1682648055664
38,1682648055676
39,1682648055681
40,1682648055687
41,1682648055692
42,1682648055697
43,1682648055711
44,1682648055719
45,1682648055726
46,1682648056115
47,1682648056116
48,1682648056117
49,1682648056120
50,1682648056121
51,1682648056123
52,1682648056124
53,1682648056125
54,1682648056127
55,1682648056128
56,1682648056129
57,1682648056130
58,1682648056131
59,1682648056132
60,1682648056133
61,1682648056134
62,1682648056139
63,1682648056141
64,1682648056145
65,1682648056149
66,1682648056154
67,1682648056156
68,1682648056157
69,1682648056158
70,1682648056159
71,1682648056159
72,1682648056160
73,1682648056161
74,1682648056161
75,1682648056162
76,1682648056163
77,1682648056164
78,1682648056165
79,1682648056165
80,1682648056166
81,1682648056166
82,1682648056167
83,1682648056172
84,1682648056176
85,1682648056176
86,1682648056178
87,1682648056181
88,1682648056182
89,1682648056183
90,1682648056184
91,1682648056185
92,1682648056185
93,1682648056186
94,1682648056187
95,1682648056189
96,1682648056191
97,1682648056194
98,1682648056195
99,1682648056196
100,1682648056197
101,1682648056198
102,1682648056198
103,1682648056199
104,1682648056199
105,1682648056200
106,1682648056201
107,1682648056202
108,1682648056206
109,1682648056207
110,1682648056207
111,1682648056208
112,1682648056209
113,1682648056209
114,1682648056210
115,1682648056211
116,1682648056212
117,1682648056213
118,1682648056213
119,1682648056214
120,1682648056215
121,1682648056217
122,1682648056218
123,1682648056221
124,1682648056222
125,1682648056223
126,1682648056224
127,1682648056225
128,1682648056226
129,1682648056227
130,1682648056228
131,1682648056229
132,1682648056230
133,1682648056231
134,1682648056232
135,1682648056232
136,1682648056233
137,1682648056234
138,1682648056239
139,1682648056241
140,1682648056242
141,1682648056243
142,1682648056244
143,1682648056245
144,1682648056245
145,1682648056246
146,1682648056246
147,1682648056247
148,1682648056248
149,1682648056248
150,1682648056249
151,1682648056250
152,1682648056251
153,1682648056256
154,1682648056258
155,1682648056259
156,1682648056260
157,1682648056262
158,1682648056265
159,1682648056266
160,1682648056267
161,1682648056268
162,1682648056270
163,1682648056271
164,1682648056273
165,1682648056273
166,1682648056275
167,1682648056277
168,1682648056278
169,1682648056279
170,1682648056280
171,1682648056281
172,1682648056281
173,1682648056282
174,1682648056282
175,1682648056283
176,1682648056284
177,1682648056284
178,1682648056289
179,1682648056290
180,1682648056290
181,1682648056291
182,1682648056292
183,1682648056292
184,1682648056293
185,1682648056293
186,1682648056294
187,1682648056295
188,1682648056296
189,1682648056296
190,1682648056298
191,1682648056299
192,1682648056300
193,1682648056300
194,1682648056304
195,1682648056307
196,1682648056308
197,1682648056309
198,1682648056310
199,1682648056311
200,1682648056312
201,1682648056313
202,1682648056313
203,1682648056314
204,1682648056315
205,1682648056316
206,1682648056316
207,1682648056317
208,1682648056317
209,1682648056322
210,1682648056323
211,1682648056325
212,1682648056326
213,1682648056326
214,1682648056327
215,1682648056327
216,1682648056328
217,1682648056328
218,1682648056329
219,1682648056329
220,1682648056330
221,1682648056331
222,1682648056332
223,1682648056333
224,1682648056334
225,1682648056339
226,1682648056340
227,1682648056341
228,1682648056341
229,1682648056342
230,1682648056342
231,1682648056343
232,1682648056344
233,1682648056344
234,1682648056345
235,1682648056345
236,1682648056346
237,1682648056347
238,1682648056348
239,1682648056349
240,1682648056349
241,1682648056350
242,1682648056352
243,1682648056353
244,1682648056354
245,1682648056356
246,1682648056357
247,1682648056358
248,1682648056359
249,1682648056360
250,1682648056361
251,1682648056362
252,1682648056362
253,1682648056363
254,1682648056364
255,1682648056366
256,1682648056368
257,1682648056369
258,1682648056370
259,1682648056371
260,1682648056372
261,1682648056373
262,1682648056373
263,1682648056374
264,1682648056375
265,1682648056375
266,1682648056376
267,1682648056376
268,1682648056377
269,1682648056377
270,1682648056378
271,1682648056378
272,1682648056379
273,1682648056380
274,1682648056380
275,1682648056382
276,1682648056382
277,1682648056383
278,1682648056383
279,1682648056384
280,1682648056387
281,1682648056388
282,1682648056389
283,1682648056389
284,1682648056390
285,1682648056390
286,1682648056391
287,1682648056391
288,1682648056392
289,1682648056392
290,1682648056393
291,1682648056393
292,1682648056394
293,1682648056395
294,1682648056395
295,1682648056396
296,1682648056396
297,1682648056397
298,1682648056397
299,1682648056398
300,1682648056398
301,1682648056399
302,1682648056399
303,1682648056400
304,1682648056400
305,1682648056400
306,1682648056401
307,1682648056402
308,1682648056403
309,1682648056403
310,1682648056404
311,1682648056406
312,1682648056406
313,1682648056407
314,1682648056407
315,1682648056408
316,1682648056409
317,1682648056409
318,1682648056409
319,1682648056410
320,1682648056411
321,1682648056411
322,1682648056412
323,1682648056412
324,1682648056413
325,1682648056413
326,1682648056414
327,1682648056415
328,1682648056415
329,1682648056416
330,1682648056416
331,1682648056417
332,1682648056417
333,1682648056418
334,1682648056418
335,1682648056420
336,1682648056421
337,1682648056422
338,1682648056422
339,1682648056423
340,1682648056424
341,1682648056424
342,1682648056425
343,1682648056425
344,1682648056426
345,1682648056426
346,1682648056427
347,1682648056427
348,1682648056428
349,1682648056428
350,1682648056429
351,1682648056429
352,1682648056430
353,1682648056430
354,1682648056431
355,1682648056431
356,1682648056432
357,1682648056432
358,1682648056432
359,1682648056433
360,1682648056433
361,1682648056434
362,1682648056434
363,1682648056434
364,1682648056435
365,1682648056436
366,1682648056437
367,1682648056438
368,1682648056438
369,1682648056439
370,1682648056439
371,1682648056440
372,1682648056440
373,1682648056441
374,1682648056441
375,1682648056442
376,1682648056442
377,1682648056443
378,1682648056443
379,1682648056444
380,1682648056444
381,1682648056445
382,1682648056445
383,1682648056446
384,1682648056446
385,1682648056447
386,1682648056447
387,1682648056456
388,1682648056457
389,1682648056457
390,1682648056457
391,1682648056458
392,1682648056458
393,1682648056458
394,1682648056459
395,1682648056459
396,1682648056460
397,1682648056460
398,1682648056461
399,1682648056461
400,1682648056462
401,1682648056462
402,1682648056462
403,1682648056463
404,1682648056463
405,1682648056463
406,1682648056463
407,1682648056464
408,1682648056464
409,1682648056464
410,1682648056465
411,1682648056465
412,1682648056465
413,1682648056465
414,1682648056466
415,1682648056466
416,1682648056466
417,1682648056467
418,1682648056467
419,1682648056467
420,1682648056468
421,1682648056470
422,1682648056471
423,1682648056472
424,1682648056472
425,1682648056473
426,1682648056473
427,1682648056473
428,1682648056474
429,1682648056474
430,1682648056474
431,1682648056475
432,1682648056475
433,1682648056475
434,1682648056475
435,1682648056476
436,1682648056476
437,1682648056476
438,1682648056477
439,1682648056477
440,1682648056477
441,1682648056478
442,1682648056478
443,1682648056478
444,1682648056479
445,1682648056479
446,1682648056479
447,1682648056480
448,1682648056480
449,1682648056480
450,1682648056481
451,1682648056481
452,1682648056481
453,1682648056482
454,1682648056482
455,1682648056482
456,1682648056482
457,1682648056483
458,1682648056483
459,1682648056483
460,1682648056483
461,1682648056484
462,1682648056484
463,1682648056485
464,1682648056485
465,1682648056485
466,1682648056486
467,1682648056486
468,1682648056486
469,1682648056487
470,1682648056487
471,1682648056487
472,1682648056488
473,1682648056488
474,1682648056488
475,1682648056489
476,1682648056489
477,1682648056489
478,1682648056490
479,1682648056490
480,1682648056491
481,1682648056492
482,1682648056492
483,1682648056493
484,1682648056493
485,1682648056493
486,1682648056494
487,1682648056494
488,1682648056494
489,1682648056495
490,1682648056495
491,1682648056495
492,1682648056496
493,1682648056496
494,1682648056496
495,1682648056497
496,1682648056498
497,1682648056499
498,1682648056499
499,1682648056500
500,1682648056500
501,1682648056500
502,1682648056500
503,1682648056501
504,1682648056501
505,1682648056506
506,1682648056506
507,1682648056506
508,1682648056507
509,1682648056507
510,1682648056508
511,1682648056508
512,1682648056509
