1,1682647556579
2,1682647556580
3,1682647556581
4,1682647556582
5,1682647556583
6,1682647556584
7,1682647556586
8,1682647556587
9,1682647556588
10,1682647556589
11,1682647556689
12,1682647556690
13,1682647556690
14,1682647556691
15,1682647556692
16,1682647556693
17,1682647556694
18,1682647556695
19,1682647556696
20,1682647556697
21,1682647556829
22,1682647556829
23,1682647556830
24,1682647556830
25,1682647556831
26,1682647556831
27,1682647556832
28,1682647556832
29,1682647556832
30,1682647556832
31,1682647556836
32,1682647556837
33,1682647556837
34,1682647556837
35,1682647556837
36,1682647556838
37,1682647556838
38,1682647556838
39,1682647556838
40,1682647556839
41,1682647556839
42,1682647556839
43,1682647556839
44,1682647556840
45,1682647556840
46,1682647556840
47,1682647556840
48,1682647556840
49,1682647556841
50,1682647556841
51,1682647556841
52,1682647556842
53,1682647556843
54,1682647556843
55,1682647556844
56,1682647556844
57,1682647556868
58,1682647556874
59,1682647556875
60,1682647556879
61,1682647556881
62,1682647556886
63,1682647556888
64,1682647556888
