1,1682647913218
2,1682647913220
3,1682647913221
4,1682647913222
5,1682647913223
6,1682647913225
7,1682647913226
8,1682647913227
9,1682647913228
10,1682647913229
11,1682647913230
12,1682647913231
13,1682647913232
14,1682647913233
15,1682647913234
16,1682647913234
17,1682647913235
18,1682647913235
19,1682647913236
20,1682647913237
21,1682647913239
22,1682647913240
23,1682647913241
24,1682647913242
25,1682647913242
26,1682647913243
27,1682647913652
28,1682647913653
29,1682647913656
30,1682647913658
31,1682647913659
32,1682647913660
33,1682647913660
34,1682647913661
35,1682647913662
36,1682647913663
37,1682647913664
38,1682647913664
39,1682647913665
40,1682647913665
41,1682647913666
42,1682647913666
43,1682647913667
44,1682647913667
45,1682647913669
46,1682647913672
47,1682647913674
48,1682647913675
49,1682647913675
50,1682647913676
51,1682647913677
52,1682647913681
53,1682647913682
54,1682647913682
55,1682647913683
56,1682647913684
57,1682647913691
58,1682647913692
59,1682647913694
60,1682647913695
61,1682647913697
62,1682647913699
63,1682647913699
64,1682647913701
65,1682647913702
66,1682647913708
67,1682647913708
68,1682647913709
69,1682647913709
70,1682647913710
71,1682647913710
72,1682647913711
73,1682647913712
74,1682647913712
75,1682647913712
76,1682647913713
77,1682647913713
78,1682647913714
79,1682647913714
80,1682647913715
81,1682647913716
82,1682647913716
83,1682647913716
84,1682647913717
85,1682647913718
86,1682647914079
87,1682647914079
88,1682647914081
89,1682647914081
90,1682647914082
91,1682647914082
92,1682647914083
93,1682647914083
94,1682647914084
95,1682647914085
96,1682647914085
97,1682647914086
98,1682647914086
99,1682647914090
100,1682647914091
101,1682647914092
102,1682647914092
103,1682647914092
104,1682647914093
105,1682647914093
106,1682647914094
107,1682647914094
108,1682647914094
109,1682647914095
110,1682647914095
111,1682647914096
112,1682647914096
113,1682647914096
114,1682647914097
115,1682647914098
116,1682647914098
117,1682647914098
118,1682647914099
119,1682647914100
120,1682647914101
121,1682647914102
122,1682647914108
123,1682647914109
124,1682647914109
125,1682647914110
126,1682647914110
127,1682647914111
128,1682647914112
129,1682647914114
130,1682647914115
131,1682647914115
132,1682647914116
133,1682647914117
134,1682647914119
135,1682647914119
136,1682647914123
137,1682647914124
138,1682647914125
139,1682647914125
140,1682647914126
141,1682647914126
142,1682647914127
143,1682647914128
144,1682647914128
145,1682647914129
146,1682647914130
147,1682647914131
148,1682647914132
149,1682647914133
150,1682647914134
151,1682647914134
152,1682647914135
153,1682647914135
154,1682647914136
155,1682647914140
156,1682647914140
157,1682647914141
158,1682647914141
159,1682647914142
160,1682647914143
161,1682647914143
162,1682647914143
163,1682647914144
164,1682647914144
165,1682647914145
166,1682647914146
167,1682647914146
168,1682647914146
169,1682647914147
170,1682647914147
171,1682647914147
172,1682647914148
173,1682647914148
174,1682647914149
175,1682647914149
176,1682647914150
177,1682647914150
178,1682647914151
179,1682647914151
180,1682647914151
181,1682647914152
182,1682647914152
183,1682647914155
184,1682647914157
185,1682647914157
186,1682647914158
187,1682647914158
188,1682647914159
189,1682647914159
190,1682647914160
191,1682647914163
192,1682647914163
193,1682647914163
194,1682647914164
195,1682647914164
196,1682647914164
197,1682647914165
198,1682647914165
199,1682647914165
200,1682647914166
201,1682647914166
202,1682647914166
203,1682647914167
204,1682647914167
205,1682647914168
206,1682647914169
207,1682647914173
208,1682647914174
209,1682647914193
210,1682647914194
211,1682647914195
212,1682647914195
213,1682647914195
214,1682647914195
215,1682647914196
216,1682647914196
217,1682647914207
218,1682647914207
219,1682647914208
220,1682647914208
221,1682647914209
222,1682647914209
223,1682647914209
224,1682647914210
225,1682647914218
226,1682647914219
227,1682647914219
228,1682647914220
229,1682647914223
230,1682647914223
231,1682647914224
232,1682647914224
233,1682647914225
234,1682647914225
235,1682647914226
236,1682647914226
237,1682647914226
238,1682647914227
239,1682647914227
240,1682647914227
241,1682647914228
242,1682647914228
243,1682647914229
244,1682647914229
245,1682647914229
246,1682647914230
247,1682647914230
248,1682647914230
249,1682647914232
250,1682647914233
251,1682647914233
252,1682647914233
253,1682647914235
254,1682647914236
255,1682647914239
256,1682647914240
