1,1682648015310
2,1682648015318
3,1682648015322
4,1682648015326
5,1682648015331
6,1682648015339
7,1682648015344
8,1682648015354
9,1682648015358
10,1682648015369
11,1682648015374
12,1682648015378
13,1682648015384
14,1682648015389
15,1682648015399
16,1682648015403
17,1682648015407
18,1682648015418
19,1682648015423
20,1682648015434
21,1682648015442
22,1682648015451
23,1682648015456
24,1682648015479
25,1682648015499
26,1682648015513
27,1682648015519
28,1682648015525
29,1682648015535
30,1682648015542
31,1682648015547
32,1682648015552
33,1682648015560
34,1682648015571
35,1682648015586
36,1682648015594
37,1682648015600
38,1682648015604
39,1682648015608
40,1682648015614
41,1682648015618
42,1682648015622
43,1682648015623
44,1682648015624
45,1682648015625
46,1682648015626
47,1682648015885
48,1682648015886
49,1682648015887
50,1682648015887
51,1682648015888
52,1682648015889
53,1682648015890
54,1682648015890
55,1682648015891
56,1682648015892
57,1682648015892
58,1682648015893
59,1682648015893
60,1682648015894
61,1682648015894
62,1682648015897
63,1682648015898
64,1682648015898
65,1682648015899
66,1682648015900
67,1682648015900
68,1682648015901
69,1682648015901
70,1682648015902
71,1682648015902
72,1682648015903
73,1682648015903
74,1682648015904
75,1682648015904
76,1682648015905
77,1682648015905
78,1682648015906
79,1682648015907
80,1682648015907
81,1682648015908
82,1682648015908
83,1682648015919
84,1682648015926
85,1682648015930
86,1682648015931
87,1682648015932
88,1682648015933
89,1682648015933
90,1682648015934
91,1682648015935
92,1682648015935
93,1682648015936
94,1682648015937
95,1682648015937
96,1682648015938
97,1682648015939
98,1682648015940
99,1682648015942
100,1682648015942
101,1682648015943
102,1682648015944
103,1682648015944
104,1682648015949
105,1682648015950
106,1682648015950
107,1682648015951
108,1682648015951
109,1682648015956
110,1682648015958
111,1682648015960
112,1682648015961
113,1682648015965
114,1682648015965
115,1682648015966
116,1682648015969
117,1682648015971
118,1682648015972
119,1682648015973
120,1682648015976
121,1682648015977
122,1682648015979
123,1682648015982
124,1682648015983
125,1682648015983
126,1682648015984
127,1682648015985
128,1682648015986
129,1682648015986
130,1682648015987
131,1682648015987
132,1682648015988
133,1682648015988
134,1682648015989
135,1682648015989
136,1682648015990
137,1682648015991
138,1682648015992
139,1682648015992
140,1682648015993
141,1682648015994
142,1682648015998
143,1682648015999
144,1682648015999
145,1682648016000
146,1682648016001
147,1682648016001
148,1682648016002
149,1682648016003
150,1682648016003
151,1682648016004
152,1682648016004
153,1682648016005
154,1682648016006
155,1682648016006
156,1682648016007
157,1682648016008
158,1682648016008
159,1682648016009
160,1682648016010
161,1682648016010
162,1682648016011
163,1682648016015
164,1682648016016
165,1682648016017
166,1682648016017
167,1682648016018
168,1682648016018
169,1682648016018
170,1682648016019
171,1682648016019
172,1682648016020
173,1682648016020
174,1682648016021
175,1682648016021
176,1682648016022
177,1682648016022
178,1682648016022
179,1682648016023
180,1682648016023
181,1682648016024
182,1682648016024
183,1682648016025
184,1682648016025
185,1682648016026
186,1682648016026
187,1682648016027
188,1682648016027
189,1682648016027
190,1682648016028
191,1682648016029
192,1682648016029
193,1682648016030
194,1682648016031
195,1682648016031
196,1682648016032
197,1682648016032
198,1682648016033
199,1682648016034
200,1682648016034
201,1682648016035
202,1682648016036
203,1682648016036
204,1682648016037
205,1682648016037
206,1682648016038
207,1682648016038
208,1682648016039
209,1682648016039
210,1682648016040
211,1682648016040
212,1682648016041
213,1682648016041
214,1682648016042
215,1682648016042
216,1682648016042
217,1682648016043
218,1682648016043
219,1682648016044
220,1682648016044
221,1682648016045
222,1682648016046
223,1682648016048
224,1682648016049
225,1682648016050
226,1682648016050
227,1682648016051
228,1682648016051
229,1682648016051
230,1682648016052
231,1682648016052
232,1682648016053
233,1682648016053
234,1682648016054
235,1682648016054
236,1682648016055
237,1682648016055
238,1682648016056
239,1682648016056
240,1682648016057
241,1682648016057
242,1682648016058
243,1682648016059
244,1682648016059
245,1682648016059
246,1682648016060
247,1682648016061
248,1682648016062
249,1682648016062
250,1682648016063
251,1682648016064
252,1682648016064
253,1682648016065
254,1682648016066
255,1682648016067
256,1682648016067
257,1682648016067
258,1682648016068
259,1682648016068
260,1682648016068
261,1682648016069
262,1682648016069
263,1682648016070
264,1682648016070
265,1682648016070
266,1682648016071
267,1682648016071
268,1682648016072
269,1682648016072
270,1682648016072
271,1682648016073
272,1682648016073
273,1682648016074
274,1682648016074
275,1682648016075
276,1682648016075
277,1682648016076
278,1682648016076
279,1682648016076
280,1682648016077
281,1682648016078
282,1682648016079
283,1682648016080
284,1682648016081
285,1682648016082
286,1682648016082
287,1682648016083
288,1682648016083
289,1682648016084
290,1682648016084
291,1682648016085
292,1682648016085
293,1682648016085
294,1682648016086
295,1682648016086
296,1682648016087
297,1682648016087
298,1682648016087
299,1682648016088
300,1682648016088
301,1682648016089
302,1682648016089
303,1682648016090
304,1682648016090
305,1682648016090
306,1682648016091
307,1682648016091
308,1682648016091
309,1682648016092
310,1682648016092
311,1682648016093
312,1682648016093
313,1682648016093
314,1682648016094
315,1682648016094
316,1682648016094
317,1682648016095
318,1682648016095
319,1682648016096
320,1682648016096
321,1682648016096
322,1682648016097
323,1682648016097
324,1682648016098
325,1682648016098
326,1682648016099
327,1682648016099
328,1682648016106
329,1682648016107
330,1682648016107
331,1682648016107
332,1682648016108
333,1682648016108
334,1682648016108
335,1682648016109
336,1682648016109
337,1682648016109
338,1682648016110
339,1682648016110
340,1682648016111
341,1682648016115
342,1682648016116
343,1682648016116
344,1682648016117
345,1682648016117
346,1682648016118
347,1682648016118
348,1682648016119
349,1682648016119
350,1682648016119
351,1682648016120
352,1682648016120
353,1682648016121
354,1682648016121
355,1682648016121
356,1682648016122
357,1682648016122
358,1682648016122
359,1682648016122
360,1682648016123
361,1682648016123
362,1682648016123
363,1682648016124
364,1682648016124
365,1682648016124
366,1682648016125
367,1682648016125
368,1682648016125
369,1682648016125
370,1682648016126
371,1682648016126
372,1682648016126
373,1682648016126
374,1682648016127
375,1682648016127
376,1682648016127
377,1682648016131
378,1682648016131
379,1682648016131
380,1682648016135
381,1682648016136
382,1682648016136
383,1682648016136
384,1682648016137
385,1682648016137
386,1682648016137
387,1682648016137
388,1682648016138
389,1682648016138
390,1682648016138
391,1682648016139
392,1682648016139
393,1682648016139
394,1682648016140
395,1682648016140
396,1682648016141
397,1682648016141
398,1682648016142
399,1682648016142
400,1682648016143
401,1682648016143
402,1682648016143
403,1682648016143
404,1682648016144
405,1682648016144
406,1682648016144
407,1682648016145
408,1682648016145
409,1682648016148
410,1682648016149
411,1682648016149
412,1682648016150
413,1682648016150
414,1682648016150
415,1682648016151
416,1682648016151
417,1682648016151
418,1682648016151
419,1682648016152
420,1682648016152
421,1682648016152
422,1682648016153
423,1682648016153
424,1682648016153
425,1682648016153
426,1682648016154
427,1682648016154
428,1682648016154
429,1682648016155
430,1682648016155
431,1682648016155
432,1682648016155
433,1682648016156
434,1682648016156
435,1682648016156
436,1682648016157
437,1682648016157
438,1682648016157
439,1682648016158
440,1682648016158
441,1682648016158
442,1682648016159
443,1682648016159
444,1682648016159
445,1682648016160
446,1682648016160
447,1682648016160
448,1682648016161
449,1682648016161
450,1682648016162
451,1682648016163
452,1682648016164
453,1682648016165
454,1682648016166
455,1682648016166
456,1682648016166
457,1682648016167
458,1682648016167
459,1682648016167
460,1682648016167
461,1682648016168
462,1682648016168
463,1682648016168
464,1682648016168
465,1682648016169
466,1682648016169
467,1682648016169
468,1682648016169
469,1682648016170
470,1682648016176
471,1682648016178
472,1682648016180
473,1682648016180
474,1682648016181
475,1682648016181
476,1682648016182
477,1682648016182
478,1682648016183
479,1682648016183
480,1682648016183
481,1682648016184
482,1682648016184
483,1682648016185
484,1682648016186
485,1682648016187
486,1682648016187
487,1682648016188
488,1682648016188
489,1682648016189
490,1682648016190
491,1682648016190
492,1682648016191
493,1682648016191
494,1682648016192
495,1682648016192
496,1682648016192
497,1682648016193
498,1682648016193
499,1682648016193
500,1682648016194
501,1682648016194
502,1682648016194
503,1682648016194
504,1682648016198
505,1682648016199
506,1682648016199
507,1682648016199
508,1682648016200
509,1682648016201
510,1682648016201
511,1682648016202
512,1682648016202
