1,1682649015015
2,1682649015021
3,1682649015023
4,1682649015025
5,1682649015026
6,1682649015029
7,1682649015030
8,1682649015031
9,1682649015032
10,1682649015036
11,1682649015273
12,1682649015274
13,1682649015275
14,1682649015276
15,1682649015276
16,1682649015277
17,1682649015278
18,1682649015278
19,1682649015279
20,1682649015279
21,1682649015280
22,1682649015281
23,1682649015351
24,1682649015351
25,1682649015352
26,1682649015352
27,1682649015353
28,1682649015353
29,1682649015353
30,1682649015354
31,1682649015354
32,1682649015354
33,1682649015355
34,1682649015355
35,1682649015355
36,1682649015356
37,1682649015356
38,1682649015439
39,1682649015440
40,1682649015440
41,1682649015440
42,1682649015441
43,1682649015441
44,1682649015441
45,1682649015441
46,1682649015442
47,1682649015442
48,1682649015442
49,1682649015443
50,1682649015443
51,1682649015443
52,1682649015443
53,1682649015444
54,1682649015444
55,1682649015444
56,1682649015444
57,1682649015445
58,1682649015445
59,1682649015568
60,1682649015568
61,1682649015569
62,1682649015569
63,1682649015569
64,1682649015570
65,1682649015570
66,1682649015571
67,1682649015571
68,1682649015571
69,1682649015571
70,1682649015572
71,1682649015572
72,1682649015573
73,1682649015573
74,1682649015573
75,1682649015574
76,1682649015574
77,1682649015574
78,1682649015575
79,1682649015575
80,1682649015575
81,1682649015576
82,1682649015576
83,1682649015576
84,1682649015577
85,1682649015577
86,1682649015577
87,1682649015578
88,1682649015578
89,1682649015753
90,1682649015754
91,1682649015755
92,1682649015757
93,1682649015758
94,1682649015759
95,1682649015760
96,1682649015761
97,1682649015762
98,1682649015763
99,1682649015763
100,1682649015764
101,1682649015767
102,1682649015769
103,1682649015769
104,1682649015770
105,1682649015773
106,1682649015774
107,1682649015775
108,1682649015777
109,1682649015780
110,1682649015781
111,1682649015786
112,1682649015788
113,1682649015791
114,1682649015792
115,1682649015792
116,1682649015793
117,1682649015793
118,1682649015794
119,1682649015794
120,1682649015795
121,1682649015795
122,1682649015887
123,1682649015888
124,1682649015888
125,1682649015888
126,1682649015889
127,1682649015889
128,1682649015889
129,1682649015889
130,1682649015890
131,1682649015890
132,1682649015890
133,1682649015891
134,1682649015891
135,1682649015891
136,1682649015892
137,1682649015892
138,1682649015892
139,1682649015893
140,1682649015893
141,1682649015893
142,1682649015894
143,1682649015894
144,1682649015894
145,1682649015895
146,1682649015895
147,1682649015895
148,1682649015896
149,1682649015896
150,1682649015896
151,1682649015897
152,1682649015897
153,1682649016245
154,1682649016245
155,1682649016247
156,1682649016248
157,1682649016251
158,1682649016251
159,1682649016252
160,1682649016253
161,1682649016254
162,1682649016254
163,1682649016255
164,1682649016256
165,1682649016257
166,1682649016258
167,1682649016258
168,1682649016262
169,1682649016263
170,1682649016263
171,1682649016264
172,1682649016264
173,1682649016265
174,1682649016266
175,1682649016267
176,1682649016268
177,1682649016269
178,1682649016269
179,1682649016270
180,1682649016271
181,1682649016272
182,1682649016272
183,1682649016273
184,1682649016273
185,1682649016273
186,1682649016274
187,1682649016275
188,1682649016276
189,1682649016278
190,1682649016278
191,1682649016279
192,1682649016280
193,1682649016280
194,1682649016281
195,1682649016281
196,1682649016281
197,1682649016282
198,1682649016283
199,1682649016283
200,1682649016285
201,1682649016287
202,1682649016287
203,1682649016288
204,1682649016288
205,1682649016289
206,1682649016290
207,1682649016290
208,1682649016291
209,1682649016291
210,1682649016292
211,1682649016292
212,1682649016293
213,1682649016293
214,1682649016294
215,1682649016295
216,1682649016295
217,1682649016299
218,1682649016304
219,1682649016588
220,1682649016589
221,1682649016591
222,1682649016594
223,1682649016596
224,1682649016597
225,1682649016598
226,1682649016599
227,1682649016603
228,1682649016604
229,1682649016606
230,1682649016609
231,1682649016610
232,1682649016611
233,1682649016612
234,1682649016613
235,1682649016613
236,1682649016614
237,1682649016614
238,1682649016620
239,1682649016621
240,1682649016623
241,1682649016623
242,1682649016624
243,1682649016624
244,1682649016625
245,1682649016625
246,1682649016626
247,1682649016626
248,1682649016627
249,1682649017009
250,1682649017009
251,1682649017009
252,1682649017009
253,1682649017009
254,1682649017010
255,1682649017010
256,1682649017010
257,1682649017010
258,1682649017010
259,1682649017011
260,1682649017011
261,1682649017011
262,1682649017011
263,1682649017011
264,1682649017011
265,1682649017011
266,1682649017011
267,1682649017011
268,1682649017012
269,1682649017012
270,1682649017012
271,1682649017012
272,1682649017012
273,1682649017012
274,1682649017012
275,1682649017012
276,1682649017013
277,1682649017013
278,1682649017013
279,1682649017013
280,1682649017013
281,1682649017013
282,1682649017013
283,1682649017014
284,1682649017014
285,1682649017014
286,1682649017014
287,1682649017014
288,1682649017015
289,1682649017015
290,1682649017015
291,1682649017015
292,1682649017015
293,1682649017015
294,1682649017015
295,1682649017016
296,1682649017016
297,1682649017016
298,1682649017016
299,1682649017017
300,1682649017017
301,1682649017017
302,1682649017017
303,1682649017017
304,1682649017018
305,1682649017018
306,1682649017018
307,1682649017018
308,1682649017018
309,1682649017018
310,1682649017019
311,1682649017019
312,1682649017019
313,1682649017019
314,1682649017019
315,1682649017019
316,1682649017019
317,1682649017019
318,1682649017019
319,1682649017020
320,1682649017020
321,1682649017020
322,1682649017020
323,1682649017020
324,1682649017020
325,1682649017020
326,1682649017020
327,1682649017021
328,1682649017021
329,1682649017021
330,1682649017021
331,1682649017021
332,1682649017021
333,1682649017022
334,1682649017022
335,1682649017022
336,1682649017022
337,1682649017022
338,1682649017022
339,1682649017022
340,1682649017023
341,1682649017023
342,1682649017023
343,1682649017023
344,1682649017023
345,1682649017023
346,1682649017024
347,1682649017024
348,1682649017024
349,1682649017024
350,1682649017024
351,1682649017024
352,1682649017025
353,1682649017025
354,1682649017025
355,1682649017025
356,1682649017025
357,1682649017025
358,1682649017025
359,1682649017026
360,1682649017026
361,1682649017026
362,1682649017026
363,1682649017026
364,1682649017026
365,1682649017026
366,1682649017027
367,1682649017027
368,1682649017027
369,1682649017027
370,1682649017027
371,1682649017027
372,1682649017028
373,1682649017028
374,1682649017028
375,1682649017028
376,1682649017028
377,1682649017028
378,1682649017028
379,1682649017029
380,1682649017029
381,1682649017029
382,1682649017029
383,1682649017029
384,1682649017029
385,1682649017029
386,1682649017030
387,1682649017030
388,1682649017030
389,1682649017030
390,1682649017031
391,1682649017031
392,1682649017031
393,1682649017032
394,1682649017032
395,1682649017032
396,1682649017032
397,1682649017032
398,1682649017033
399,1682649017033
400,1682649017034
401,1682649017034
402,1682649017034
403,1682649017035
404,1682649017035
405,1682649017035
406,1682649017035
407,1682649017035
408,1682649017036
409,1682649017036
410,1682649017036
411,1682649017036
412,1682649017036
413,1682649017037
414,1682649017037
415,1682649017037
416,1682649017037
417,1682649017037
418,1682649017038
419,1682649017038
420,1682649017038
421,1682649017038
422,1682649017038
423,1682649017039
424,1682649017039
425,1682649017039
426,1682649017039
427,1682649017039
428,1682649017040
429,1682649017040
430,1682649017040
431,1682649017040
432,1682649017040
433,1682649017041
434,1682649017041
435,1682649017041
436,1682649017041
437,1682649017041
438,1682649017041
439,1682649017042
440,1682649017042
441,1682649017042
442,1682649017042
443,1682649017042
444,1682649017042
445,1682649017043
446,1682649017043
447,1682649017043
448,1682649017043
449,1682649017043
450,1682649017044
451,1682649017044
452,1682649017044
453,1682649017044
454,1682649017044
455,1682649017044
456,1682649017044
457,1682649017045
458,1682649017045
459,1682649017045
460,1682649017045
461,1682649017046
462,1682649017046
463,1682649017046
464,1682649017046
465,1682649017047
466,1682649017047
467,1682649017047
468,1682649017047
469,1682649017048
470,1682649017048
471,1682649017048
472,1682649017048
473,1682649017049
474,1682649017049
475,1682649017049
476,1682649017049
477,1682649017050
478,1682649017050
479,1682649017050
480,1682649017050
481,1682649017051
482,1682649017051
483,1682649017051
484,1682649017052
485,1682649017052
486,1682649017052
487,1682649017053
488,1682649017053
489,1682649017054
490,1682649017054
491,1682649017054
492,1682649017055
493,1682649017055
494,1682649017055
495,1682649017055
496,1682649017056
497,1682649017056
498,1682649017056
499,1682649017056
500,1682649017057
501,1682649017057
502,1682649017057
503,1682649017057
504,1682649017058
505,1682649017058
506,1682649017058
507,1682649017058
508,1682649017186
509,1682649017186
510,1682649017187
511,1682649017187
512,1682649017187
513,1682649017187
514,1682649017188
515,1682649017188
516,1682649017188
517,1682649017188
518,1682649017188
519,1682649017188
520,1682649017189
521,1682649017189
522,1682649017189
523,1682649017189
524,1682649017190
525,1682649017190
526,1682649017190
527,1682649017190
528,1682649017190
529,1682649017191
530,1682649017191
531,1682649017191
532,1682649017191
533,1682649017191
534,1682649017192
535,1682649017192
536,1682649017192
537,1682649017192
538,1682649017192
539,1682649017192
540,1682649017193
541,1682649017193
542,1682649017193
543,1682649017193
544,1682649017193
545,1682649017193
546,1682649017194
547,1682649017194
548,1682649017194
549,1682649017194
550,1682649017194
551,1682649017194
552,1682649017195
553,1682649017195
554,1682649017195
555,1682649017329
556,1682649017329
557,1682649017330
558,1682649017330
559,1682649017330
560,1682649017330
561,1682649017330
562,1682649017331
563,1682649017331
564,1682649017331
565,1682649017332
566,1682649017332
567,1682649017334
568,1682649017334
569,1682649017335
570,1682649017335
571,1682649017335
572,1682649017335
573,1682649017336
574,1682649017336
575,1682649017336
576,1682649017337
577,1682649017337
578,1682649017337
579,1682649017337
580,1682649017338
581,1682649017338
582,1682649017338
583,1682649017339
584,1682649017339
585,1682649017339
586,1682649017339
587,1682649017340
588,1682649017340
589,1682649017340
590,1682649017340
591,1682649017341
592,1682649017341
593,1682649017470
594,1682649017470
595,1682649017471
596,1682649017471
597,1682649017471
598,1682649017471
599,1682649017471
600,1682649017471
601,1682649017472
602,1682649017472
603,1682649017472
604,1682649017472
605,1682649017472
606,1682649017472
607,1682649017473
608,1682649017473
609,1682649017473
610,1682649017473
611,1682649017473
612,1682649017473
613,1682649017474
614,1682649017474
615,1682649017474
616,1682649017474
617,1682649017474
618,1682649017474
619,1682649017474
620,1682649017474
621,1682649017475
622,1682649017475
623,1682649017475
624,1682649017475
625,1682649017475
626,1682649017476
627,1682649017476
628,1682649017476
629,1682649017476
630,1682649017476
631,1682649017476
632,1682649017476
633,1682649017477
634,1682649017477
635,1682649017477
636,1682649017477
637,1682649017478
638,1682649017478
639,1682649017624
640,1682649017625
641,1682649017625
642,1682649017625
643,1682649017625
644,1682649017625
645,1682649017625
646,1682649017625
647,1682649017625
648,1682649017625
649,1682649017626
650,1682649017626
651,1682649017626
652,1682649017626
653,1682649017626
654,1682649017626
655,1682649017626
656,1682649017626
657,1682649017626
658,1682649017627
659,1682649017627
660,1682649017627
661,1682649017627
662,1682649017627
663,1682649017627
664,1682649017627
665,1682649017627
666,1682649017627
667,1682649017627
668,1682649017627
669,1682649017628
670,1682649017628
671,1682649017628
672,1682649017628
673,1682649017628
674,1682649017628
675,1682649017628
676,1682649017628
677,1682649017628
678,1682649017629
679,1682649017629
680,1682649017629
681,1682649017771
682,1682649017771
683,1682649017771
684,1682649017772
685,1682649017772
686,1682649017772
687,1682649017772
688,1682649017772
689,1682649017773
690,1682649017773
691,1682649017773
692,1682649017773
693,1682649017773
694,1682649017773
695,1682649017774
696,1682649017774
697,1682649017774
698,1682649017774
699,1682649017774
700,1682649017774
701,1682649017774
702,1682649017775
703,1682649017775
704,1682649017775
705,1682649017775
706,1682649017775
707,1682649017775
708,1682649017776
709,1682649017776
710,1682649017776
711,1682649017776
712,1682649017776
713,1682649017776
714,1682649017777
715,1682649017777
716,1682649017777
717,1682649017777
718,1682649017777
719,1682649017777
720,1682649017777
721,1682649017778
722,1682649017778
723,1682649017778
724,1682649017778
725,1682649017778
726,1682649017778
727,1682649017778
728,1682649017779
729,1682649017779
730,1682649017779
731,1682649017779
732,1682649017874
733,1682649017874
734,1682649017874
735,1682649017874
736,1682649017874
737,1682649017875
738,1682649017875
739,1682649017875
740,1682649017875
741,1682649017875
742,1682649017875
743,1682649017876
744,1682649017876
745,1682649017876
746,1682649017876
747,1682649017876
748,1682649017876
749,1682649017877
750,1682649017877
751,1682649017877
752,1682649017877
753,1682649017877
754,1682649017877
755,1682649017877
756,1682649017878
757,1682649017878
758,1682649017878
759,1682649017878
760,1682649017878
761,1682649017878
762,1682649017878
763,1682649017878
764,1682649017879
765,1682649017879
766,1682649017879
767,1682649017879
768,1682649017879
769,1682649017879
770,1682649018031
771,1682649018031
772,1682649018031
773,1682649018031
774,1682649018031
775,1682649018031
776,1682649018031
777,1682649018032
778,1682649018032
779,1682649018032
780,1682649018032
781,1682649018032
782,1682649018032
783,1682649018032
784,1682649018032
785,1682649018033
786,1682649018033
787,1682649018033
788,1682649018033
789,1682649018033
790,1682649018033
791,1682649018033
792,1682649018034
793,1682649018034
794,1682649018034
795,1682649018034
796,1682649018034
797,1682649018035
798,1682649018035
799,1682649018035
800,1682649018035
801,1682649018036
802,1682649018036
803,1682649018036
804,1682649018036
805,1682649018036
806,1682649018036
807,1682649018037
808,1682649018037
809,1682649018037
810,1682649018037
811,1682649018037
812,1682649018037
813,1682649018038
814,1682649018038
815,1682649018038
816,1682649018038
817,1682649018038
818,1682649018038
819,1682649018039
820,1682649018039
821,1682649018039
822,1682649018039
823,1682649018039
824,1682649018039
825,1682649018040
826,1682649018040
827,1682649018040
828,1682649018040
829,1682649018040
830,1682649018040
831,1682649018040
832,1682649018041
833,1682649018041
834,1682649018041
835,1682649018041
836,1682649018041
837,1682649018041
838,1682649018041
839,1682649018041
840,1682649018042
841,1682649018042
842,1682649018042
843,1682649018042
844,1682649018042
845,1682649018042
846,1682649018043
847,1682649018043
848,1682649018043
849,1682649018043
850,1682649018043
851,1682649018043
852,1682649018043
853,1682649018044
854,1682649018044
855,1682649018044
856,1682649018044
857,1682649018044
858,1682649018044
859,1682649018044
860,1682649018044
861,1682649018045
862,1682649018045
863,1682649018045
864,1682649018045
865,1682649018045
866,1682649018045
867,1682649018045
868,1682649018045
869,1682649018045
870,1682649018046
871,1682649018046
872,1682649018046
873,1682649018046
874,1682649018047
875,1682649018048
876,1682649018048
877,1682649018048
878,1682649018048
879,1682649018048
880,1682649018049
881,1682649018049
882,1682649018049
883,1682649018049
884,1682649018049
885,1682649018050
886,1682649018050
887,1682649018328
888,1682649018328
889,1682649018328
890,1682649018329
891,1682649018329
892,1682649018329
893,1682649018329
894,1682649018329
895,1682649018329
896,1682649018329
897,1682649018330
898,1682649018330
899,1682649018330
900,1682649018330
901,1682649018330
902,1682649018331
903,1682649018331
904,1682649018331
905,1682649018331
906,1682649018331
907,1682649018332
908,1682649018332
909,1682649018332
910,1682649018332
911,1682649018332
912,1682649018333
913,1682649018333
914,1682649018333
915,1682649018333
916,1682649018334
917,1682649018334
918,1682649018334
919,1682649018334
920,1682649018335
921,1682649018335
922,1682649018335
923,1682649018335
924,1682649018335
925,1682649018336
926,1682649018336
927,1682649018336
928,1682649018336
929,1682649018336
930,1682649018337
931,1682649018337
932,1682649018337
933,1682649018337
934,1682649018337
935,1682649018338
936,1682649018338
937,1682649018338
938,1682649018338
939,1682649018338
940,1682649018339
941,1682649018339
942,1682649018339
943,1682649018339
944,1682649018339
945,1682649018339
946,1682649018340
947,1682649018340
948,1682649018340
949,1682649018340
950,1682649018340
951,1682649018340
952,1682649018341
953,1682649018341
954,1682649018341
955,1682649018341
956,1682649018341
957,1682649018341
958,1682649018341
959,1682649018342
960,1682649018342
961,1682649018342
962,1682649018342
963,1682649018342
964,1682649018342
965,1682649018343
966,1682649018343
967,1682649018343
968,1682649018343
969,1682649018343
970,1682649018343
971,1682649018343
972,1682649018344
973,1682649018344
974,1682649018344
975,1682649018344
976,1682649018345
977,1682649018345
978,1682649018345
979,1682649018345
980,1682649018345
981,1682649018345
982,1682649018346
983,1682649018346
984,1682649018346
985,1682649018346
986,1682649018347
987,1682649018347
988,1682649018347
989,1682649018347
990,1682649018347
991,1682649018347
992,1682649018348
993,1682649018348
994,1682649018348
995,1682649018348
996,1682649018349
997,1682649018349
998,1682649018349
999,1682649018349
1000,1682649018350
1001,1682649018350
1002,1682649018350
1003,1682649018350
1004,1682649018351
1005,1682649018351
1006,1682649018351
1007,1682649018351
1008,1682649018351
1009,1682649018351
1010,1682649018351
1011,1682649018352
1012,1682649018352
1013,1682649018352
1014,1682649018352
1015,1682649018352
1016,1682649018352
1017,1682649018352
1018,1682649018353
1019,1682649018353
1020,1682649018353
1021,1682649018353
1022,1682649018353
1023,1682649018353
1024,1682649018353
1025,1682649018354
1026,1682649018354
1027,1682649018354
1028,1682649018354
1029,1682649018354
1030,1682649018354
1031,1682649018354
1032,1682649018355
1033,1682649018355
1034,1682649018355
1035,1682649018355
1036,1682649018355
1037,1682649018355
1038,1682649018355
1039,1682649018356
1040,1682649018356
1041,1682649018356
1042,1682649018356
1043,1682649018356
1044,1682649018356
1045,1682649018357
1046,1682649018357
1047,1682649018357
1048,1682649018357
1049,1682649018357
1050,1682649018358
1051,1682649018358
1052,1682649018358
1053,1682649018358
1054,1682649018358
1055,1682649018358
1056,1682649018358
1057,1682649018359
1058,1682649018359
1059,1682649018359
1060,1682649018359
1061,1682649018359
1062,1682649018359
1063,1682649018359
1064,1682649018359
1065,1682649018360
1066,1682649018360
1067,1682649018360
1068,1682649018360
1069,1682649018360
1070,1682649018360
1071,1682649018360
1072,1682649018360
1073,1682649018672
1074,1682649018672
1075,1682649018673
1076,1682649018673
1077,1682649018673
1078,1682649018674
1079,1682649018674
1080,1682649018674
1081,1682649018675
1082,1682649018675
1083,1682649018675
1084,1682649018676
1085,1682649018676
1086,1682649018676
1087,1682649018677
1088,1682649018677
1089,1682649018677
1090,1682649018678
1091,1682649018678
1092,1682649018678
1093,1682649018679
1094,1682649018679
1095,1682649018679
1096,1682649018680
1097,1682649018680
1098,1682649018681
1099,1682649018684
1100,1682649018685
1101,1682649018686
1102,1682649018686
1103,1682649018686
1104,1682649018687
1105,1682649018687
1106,1682649018687
1107,1682649018688
1108,1682649018688
1109,1682649018688
1110,1682649018688
1111,1682649018689
1112,1682649018689
1113,1682649018689
1114,1682649018690
1115,1682649018690
1116,1682649018690
1117,1682649018690
1118,1682649018690
1119,1682649018691
1120,1682649018691
1121,1682649018691
1122,1682649018691
1123,1682649018691
1124,1682649018692
1125,1682649018692
1126,1682649018692
1127,1682649018692
1128,1682649018693
1129,1682649018693
1130,1682649018695
1131,1682649018695
1132,1682649018695
1133,1682649018696
1134,1682649018696
1135,1682649018696
1136,1682649018696
1137,1682649018697
1138,1682649018697
1139,1682649018698
1140,1682649018701
1141,1682649018702
1142,1682649018702
1143,1682649018703
1144,1682649018704
1145,1682649018704
1146,1682649018704
1147,1682649018705
1148,1682649018705
1149,1682649018705
1150,1682649018705
1151,1682649018706
1152,1682649018706
1153,1682649018706
1154,1682649018706
1155,1682649018706
1156,1682649018707
1157,1682649018707
1158,1682649018707
1159,1682649018707
1160,1682649018708
1161,1682649018708
1162,1682649018708
1163,1682649018708
1164,1682649018709
1165,1682649018709
1166,1682649018709
1167,1682649018709
1168,1682649018709
1169,1682649018710
1170,1682649018710
1171,1682649018710
1172,1682649018711
1173,1682649018711
1174,1682649018711
1175,1682649018712
1176,1682649018712
1177,1682649018713
1178,1682649018713
1179,1682649018713
1180,1682649018714
1181,1682649018714
1182,1682649018714
1183,1682649018716
1184,1682649018716
1185,1682649018716
1186,1682649018717
1187,1682649018717
1188,1682649018718
1189,1682649018718
1190,1682649018719
1191,1682649018719
1192,1682649018719
1193,1682649018720
1194,1682649018720
1195,1682649018722
1196,1682649018727
1197,1682649018727
1198,1682649018727
1199,1682649018727
1200,1682649018728
1201,1682649018728
1202,1682649018728
1203,1682649018728
1204,1682649018728
1205,1682649018728
1206,1682649018729
1207,1682649018729
1208,1682649018729
1209,1682649019087
1210,1682649019088
1211,1682649019088
1212,1682649019088
1213,1682649019088
1214,1682649019088
1215,1682649019088
1216,1682649019089
1217,1682649019089
1218,1682649019089
1219,1682649019089
1220,1682649019089
1221,1682649019090
1222,1682649019090
1223,1682649019090
1224,1682649019090
1225,1682649019090
1226,1682649019091
1227,1682649019091
1228,1682649019091
1229,1682649019091
1230,1682649019092
1231,1682649019092
1232,1682649019092
1233,1682649019092
1234,1682649019092
1235,1682649019093
1236,1682649019093
1237,1682649019093
1238,1682649019093
1239,1682649019093
1240,1682649019094
1241,1682649019094
1242,1682649019094
1243,1682649019094
1244,1682649019094
1245,1682649019095
1246,1682649019095
1247,1682649019095
1248,1682649019095
1249,1682649019095
1250,1682649019096
1251,1682649019096
1252,1682649019096
1253,1682649019096
1254,1682649019096
1255,1682649019097
1256,1682649019097
1257,1682649019097
1258,1682649019097
1259,1682649019100
1260,1682649019100
1261,1682649019101
1262,1682649019101
1263,1682649019101
1264,1682649019101
1265,1682649019101
1266,1682649019102
1267,1682649019102
1268,1682649019102
1269,1682649019102
1270,1682649019103
1271,1682649019103
1272,1682649019103
1273,1682649019103
1274,1682649019103
1275,1682649019104
1276,1682649019104
1277,1682649019104
1278,1682649019104
1279,1682649019104
1280,1682649019105
1281,1682649019105
1282,1682649019105
1283,1682649019106
1284,1682649019106
1285,1682649019106
1286,1682649019106
1287,1682649019107
1288,1682649019107
1289,1682649019107
1290,1682649019107
1291,1682649019108
1292,1682649019108
1293,1682649019108
1294,1682649019108
1295,1682649019109
1296,1682649019109
1297,1682649019109
1298,1682649019109
1299,1682649019109
1300,1682649019110
1301,1682649019110
1302,1682649019110
1303,1682649019110
1304,1682649019110
1305,1682649019110
1306,1682649019111
1307,1682649019111
1308,1682649019111
1309,1682649019111
1310,1682649019111
1311,1682649019112
1312,1682649019112
1313,1682649019112
1314,1682649019112
1315,1682649019112
1316,1682649019113
1317,1682649019113
1318,1682649019113
1319,1682649019113
1320,1682649019114
1321,1682649019114
1322,1682649019114
1323,1682649019114
1324,1682649019115
1325,1682649019115
1326,1682649019115
1327,1682649019115
1328,1682649019115
1329,1682649019116
1330,1682649019116
1331,1682649019116
1332,1682649019116
1333,1682649019117
1334,1682649019117
1335,1682649019117
1336,1682649019118
1337,1682649019118
1338,1682649019118
1339,1682649019118
1340,1682649019119
1341,1682649019119
1342,1682649019119
1343,1682649019120
1344,1682649019120
1345,1682649019120
1346,1682649019121
1347,1682649019121
1348,1682649019121
1349,1682649019121
1350,1682649019122
1351,1682649019122
1352,1682649019122
1353,1682649019122
1354,1682649019122
1355,1682649019123
1356,1682649019123
1357,1682649019123
1358,1682649019123
1359,1682649019123
1360,1682649019124
1361,1682649019124
1362,1682649019124
1363,1682649019124
1364,1682649019124
1365,1682649019125
1366,1682649019125
1367,1682649019125
1368,1682649019125
1369,1682649019125
1370,1682649019126
1371,1682649019126
1372,1682649019126
1373,1682649019126
1374,1682649019127
1375,1682649019127
1376,1682649019127
1377,1682649019127
1378,1682649019127
1379,1682649019128
1380,1682649019128
1381,1682649019128
1382,1682649019128
1383,1682649019129
1384,1682649019129
1385,1682649019129
1386,1682649019129
1387,1682649019129
1388,1682649019130
1389,1682649019130
1390,1682649019130
1391,1682649019131
1392,1682649019131
1393,1682649019131
1394,1682649019131
1395,1682649019132
1396,1682649019132
1397,1682649019132
1398,1682649019133
1399,1682649019133
1400,1682649019133
1401,1682649019134
1402,1682649019134
1403,1682649019134
1404,1682649019134
1405,1682649019134
1406,1682649019135
1407,1682649019135
1408,1682649019135
1409,1682649019135
1410,1682649019136
1411,1682649019136
1412,1682649019136
1413,1682649019136
1414,1682649019137
1415,1682649019137
1416,1682649019137
1417,1682649019137
1418,1682649019137
1419,1682649019137
1420,1682649019284
1421,1682649019284
1422,1682649019284
1423,1682649019284
1424,1682649019285
1425,1682649019285
1426,1682649019285
1427,1682649019285
1428,1682649019285
1429,1682649019285
1430,1682649019285
1431,1682649019286
1432,1682649019286
1433,1682649019286
1434,1682649019286
1435,1682649019286
1436,1682649019286
1437,1682649019286
1438,1682649019286
1439,1682649019287
1440,1682649019287
1441,1682649019287
1442,1682649019287
1443,1682649019287
1444,1682649019287
1445,1682649019287
1446,1682649019288
1447,1682649019288
1448,1682649019288
1449,1682649019288
1450,1682649019288
1451,1682649019288
1452,1682649019288
1453,1682649019288
1454,1682649019289
1455,1682649019289
1456,1682649019289
1457,1682649019289
1458,1682649019289
1459,1682649019289
1460,1682649019289
1461,1682649019289
1462,1682649019289
1463,1682649019290
1464,1682649019290
1465,1682649019290
1466,1682649019290
1467,1682649019290
1468,1682649019291
1469,1682649019291
1470,1682649019291
1471,1682649019291
1472,1682649019291
1473,1682649019291
1474,1682649019292
1475,1682649019292
1476,1682649019292
1477,1682649019292
1478,1682649019292
1479,1682649019292
1480,1682649019293
1481,1682649019293
1482,1682649019293
1483,1682649019293
1484,1682649019293
1485,1682649019293
1486,1682649019294
1487,1682649019294
1488,1682649019294
1489,1682649019294
1490,1682649019294
1491,1682649019295
1492,1682649019295
1493,1682649019295
1494,1682649019295
1495,1682649019295
1496,1682649019296
1497,1682649019296
1498,1682649019296
1499,1682649019296
1500,1682649019297
1501,1682649019297
1502,1682649019297
1503,1682649019297
1504,1682649019297
1505,1682649019298
1506,1682649019298
1507,1682649019298
1508,1682649019298
1509,1682649019298
1510,1682649019299
1511,1682649019299
1512,1682649019299
1513,1682649019299
1514,1682649019299
1515,1682649019300
1516,1682649019300
1517,1682649019300
1518,1682649019300
1519,1682649019300
1520,1682649019598
1521,1682649019598
1522,1682649019598
1523,1682649019599
1524,1682649019599
1525,1682649019599
1526,1682649019599
1527,1682649019599
1528,1682649019599
1529,1682649019600
1530,1682649019600
1531,1682649019600
1532,1682649019600
1533,1682649019600
1534,1682649019600
1535,1682649019600
1536,1682649019601
1537,1682649019601
1538,1682649019601
1539,1682649019601
1540,1682649019601
1541,1682649019601
1542,1682649019602
1543,1682649019602
1544,1682649019602
1545,1682649019602
1546,1682649019602
1547,1682649019602
1548,1682649019603
1549,1682649019603
1550,1682649019603
1551,1682649019603
1552,1682649019603
1553,1682649019603
1554,1682649019604
1555,1682649019604
1556,1682649019604
1557,1682649019604
1558,1682649019604
1559,1682649019604
1560,1682649019605
1561,1682649019605
1562,1682649019605
1563,1682649019605
1564,1682649019605
1565,1682649019605
1566,1682649019606
1567,1682649019606
1568,1682649019606
1569,1682649019606
1570,1682649019606
1571,1682649019606
1572,1682649019607
1573,1682649019607
1574,1682649019607
1575,1682649019607
1576,1682649019607
1577,1682649019607
1578,1682649019608
1579,1682649019608
1580,1682649019608
1581,1682649019608
1582,1682649019608
1583,1682649019608
1584,1682649019608
1585,1682649019609
1586,1682649019609
1587,1682649019609
1588,1682649019609
1589,1682649019609
1590,1682649019609
1591,1682649019609
1592,1682649019609
1593,1682649019610
1594,1682649019610
1595,1682649019610
1596,1682649019610
1597,1682649019610
1598,1682649019610
1599,1682649019610
1600,1682649019611
1601,1682649019611
1602,1682649019611
1603,1682649019611
1604,1682649019611
1605,1682649019611
1606,1682649019611
1607,1682649019611
1608,1682649019611
1609,1682649019612
1610,1682649019612
1611,1682649019612
1612,1682649019612
1613,1682649019612
1614,1682649019612
1615,1682649019612
1616,1682649019612
1617,1682649019612
1618,1682649019613
1619,1682649019613
1620,1682649019613
1621,1682649019613
1622,1682649019613
1623,1682649019613
1624,1682649019614
1625,1682649019614
1626,1682649019614
1627,1682649019614
1628,1682649019614
1629,1682649019615
1630,1682649019615
1631,1682649019615
1632,1682649019615
1633,1682649019615
1634,1682649019616
1635,1682649019616
1636,1682649019616
1637,1682649019616
1638,1682649019617
1639,1682649019617
1640,1682649019617
1641,1682649019618
1642,1682649019618
1643,1682649019618
1644,1682649019618
1645,1682649019619
1646,1682649019619
1647,1682649019619
1648,1682649019619
1649,1682649019620
1650,1682649019620
1651,1682649019620
1652,1682649019620
1653,1682649019620
1654,1682649019621
1655,1682649019621
1656,1682649019621
1657,1682649019621
1658,1682649019621
1659,1682649019622
1660,1682649019622
1661,1682649019622
1662,1682649019622
1663,1682649019622
1664,1682649019622
1665,1682649019623
1666,1682649019623
1667,1682649019623
1668,1682649019623
1669,1682649019623
1670,1682649019624
1671,1682649019624
1672,1682649019624
1673,1682649019624
1674,1682649019624
1675,1682649019624
1676,1682649019625
1677,1682649019625
1678,1682649019625
1679,1682649019625
1680,1682649019625
1681,1682649019626
1682,1682649019626
1683,1682649019626
1684,1682649019626
1685,1682649019626
1686,1682649019627
1687,1682649019627
1688,1682649019627
1689,1682649019627
1690,1682649019627
1691,1682649019628
1692,1682649019628
1693,1682649019628
1694,1682649019628
1695,1682649019628
1696,1682649019629
1697,1682649019629
1698,1682649019629
1699,1682649019629
1700,1682649019629
1701,1682649019630
1702,1682649019630
1703,1682649019630
1704,1682649019630
1705,1682649019630
1706,1682649019630
1707,1682649019630
1708,1682649019630
1709,1682649019630
1710,1682649019631
1711,1682649019631
1712,1682649019631
1713,1682649019631
1714,1682649019632
1715,1682649019632
1716,1682649019633
1717,1682649019633
1718,1682649019633
1719,1682649019633
1720,1682649019634
1721,1682649019634
1722,1682649019634
1723,1682649019634
1724,1682649019634
1725,1682649019635
1726,1682649019635
1727,1682649019635
1728,1682649019635
1729,1682649019635
1730,1682649019636
1731,1682649019636
1732,1682649019636
1733,1682649019636
1734,1682649019637
1735,1682649019637
1736,1682649019637
1737,1682649019637
1738,1682649019638
1739,1682649019638
1740,1682649019638
1741,1682649019638
1742,1682649019638
1743,1682649019639
1744,1682649019639
1745,1682649019639
1746,1682649019639
1747,1682649019639
1748,1682649019640
1749,1682649019640
1750,1682649019640
1751,1682649019640
1752,1682649019640
1753,1682649019640
1754,1682649019640
1755,1682649019640
1756,1682649019641
1757,1682649019641
1758,1682649019641
1759,1682649019641
1760,1682649019641
1761,1682649019641
1762,1682649019641
1763,1682649019641
1764,1682649019642
1765,1682649019642
1766,1682649019642
1767,1682649019642
1768,1682649019642
1769,1682649019642
1770,1682649019642
1771,1682649019642
1772,1682649019643
1773,1682649019643
1774,1682649019643
1775,1682649019643
1776,1682649019644
1777,1682649019644
1778,1682649019645
1779,1682649019645
1780,1682649019645
1781,1682649019646
1782,1682649019646
1783,1682649019646
1784,1682649019646
1785,1682649019647
1786,1682649019647
1787,1682649019647
1788,1682649019647
1789,1682649019647
1790,1682649019648
1791,1682649019649
1792,1682649019649
