1,1682649067036
2,1682649067045
3,1682649067051
4,1682649067057
5,1682649067059
6,1682649067060
7,1682649067063
8,1682649067066
9,1682649067073
10,1682649067075
11,1682649067092
12,1682649067094
13,1682649067391
14,1682649067998
15,1682649067998
16,1682649067999
17,1682649068000
18,1682649068001
19,1682649068002
20,1682649068004
21,1682649068005
22,1682649068007
23,1682649068007
24,1682649068008
25,1682649068009
26,1682649068009
27,1682649068010
28,1682649068011
29,1682649068012
30,1682649068014
31,1682649068014
32,1682649068015
33,1682649068016
34,1682649068017
35,1682649068018
36,1682649068019
37,1682649068019
38,1682649068020
39,1682649068020
40,1682649068023
41,1682649068023
42,1682649068024
43,1682649068025
44,1682649068026
45,1682649068026
46,1682649068027
47,1682649068028
48,1682649068029
49,1682649068031
50,1682649068032
51,1682649068033
52,1682649068034
53,1682649068035
54,1682649068035
55,1682649068041
56,1682649068042
57,1682649068045
58,1682649068046
59,1682649068047
60,1682649068049
61,1682649068050
62,1682649068051
63,1682649068051
64,1682649068052
65,1682649068053
66,1682649068054
67,1682649068055
68,1682649068056
69,1682649068058
70,1682649068059
71,1682649068060
72,1682649068060
73,1682649068061
74,1682649068960
75,1682649068961
76,1682649068961
77,1682649068962
78,1682649068962
79,1682649068963
80,1682649068963
81,1682649068963
82,1682649068964
83,1682649068964
84,1682649068965
85,1682649068965
86,1682649068966
87,1682649068967
88,1682649068967
89,1682649068968
90,1682649068968
91,1682649068970
92,1682649068972
93,1682649068973
94,1682649068973
95,1682649068974
96,1682649068975
97,1682649068976
98,1682649068976
99,1682649068977
100,1682649068977
101,1682649068978
102,1682649068978
103,1682649068978
104,1682649068978
105,1682649068979
106,1682649068979
107,1682649068979
108,1682649068979
109,1682649068980
110,1682649068980
111,1682649068981
112,1682649068981
113,1682649068982
114,1682649068982
115,1682649068983
116,1682649068983
117,1682649068984
118,1682649068985
119,1682649068989
120,1682649068991
121,1682649068993
122,1682649068994
123,1682649068995
124,1682649068996
125,1682649068996
126,1682649068997
127,1682649068997
128,1682649068998
129,1682649068998
130,1682649068998
131,1682649068999
132,1682649068999
133,1682649068999
134,1682649069000
135,1682649069001
136,1682649069001
137,1682649069002
138,1682649069002
139,1682649069003
140,1682649069004
141,1682649069004
142,1682649069006
143,1682649069006
144,1682649069007
145,1682649069008
146,1682649069009
147,1682649069009
148,1682649069010
149,1682649069010
150,1682649069011
151,1682649069011
152,1682649069012
153,1682649069012
154,1682649069012
155,1682649069013
156,1682649069013
157,1682649069013
158,1682649069013
159,1682649069014
160,1682649069014
161,1682649069014
162,1682649069015
163,1682649069016
164,1682649069016
165,1682649069017
166,1682649069017
167,1682649069018
168,1682649069018
169,1682649069022
170,1682649069023
171,1682649069024
172,1682649069024
173,1682649069025
174,1682649069025
175,1682649069026
176,1682649069026
177,1682649069026
178,1682649069027
179,1682649069027
180,1682649069027
181,1682649069028
182,1682649069028
183,1682649069028
184,1682649069028
185,1682649069029
186,1682649069030
187,1682649069030
188,1682649069031
189,1682649069031
190,1682649069032
191,1682649069032
192,1682649069034
193,1682649069035
194,1682649069036
195,1682649069036
196,1682649069038
197,1682649069039
198,1682649069040
199,1682649069041
200,1682649069043
201,1682649069043
202,1682649069044
203,1682649069045
204,1682649069045
205,1682649069046
206,1682649069047
207,1682649069048
208,1682649069048
209,1682649069049
210,1682649069049
211,1682649069050
212,1682649069051
213,1682649069051
214,1682649069052
215,1682649069052
216,1682649069054
217,1682649069055
218,1682649069055
219,1682649069056
220,1682649069056
221,1682649069057
222,1682649069057
223,1682649069058
224,1682649069058
225,1682649069059
226,1682649069059
227,1682649069060
228,1682649069060
229,1682649069061
230,1682649069061
231,1682649069062
232,1682649069062
233,1682649069063
234,1682649069063
235,1682649069064
236,1682649069065
237,1682649069065
238,1682649069066
239,1682649069066
240,1682649069067
241,1682649069067
242,1682649069068
243,1682649069073
244,1682649069074
245,1682649069075
246,1682649069423
247,1682649069423
248,1682649069424
249,1682649069424
250,1682649069424
251,1682649069425
252,1682649069425
253,1682649069425
254,1682649069425
255,1682649069425
256,1682649069426
257,1682649069426
258,1682649069426
259,1682649069426
260,1682649069426
261,1682649069427
262,1682649069427
263,1682649069427
264,1682649069427
265,1682649069428
266,1682649069428
267,1682649069428
268,1682649069428
269,1682649069429
270,1682649069429
271,1682649069429
272,1682649069429
273,1682649069430
274,1682649069430
275,1682649069430
276,1682649069430
277,1682649069431
278,1682649069431
279,1682649069431
280,1682649069431
281,1682649069432
282,1682649069432
283,1682649069432
284,1682649069432
285,1682649069433
286,1682649069433
287,1682649069433
288,1682649069433
289,1682649069433
290,1682649069434
291,1682649069434
292,1682649069434
293,1682649069434
294,1682649069435
295,1682649069435
296,1682649069437
297,1682649069437
298,1682649069438
299,1682649069438
300,1682649069439
301,1682649069439
302,1682649069439
303,1682649069439
304,1682649069440
305,1682649069440
306,1682649069440
307,1682649069440
308,1682649069441
309,1682649069441
310,1682649069441
311,1682649069441
312,1682649069441
313,1682649069442
314,1682649069442
315,1682649069442
316,1682649069442
317,1682649069443
318,1682649069443
319,1682649069443
320,1682649069443
321,1682649069444
322,1682649069444
323,1682649069444
324,1682649069444
325,1682649069445
326,1682649069445
327,1682649069445
328,1682649069446
329,1682649069446
330,1682649069446
331,1682649069446
332,1682649069447
333,1682649069447
334,1682649069447
335,1682649069448
336,1682649069448
337,1682649069448
338,1682649069449
339,1682649069449
340,1682649069449
341,1682649069450
342,1682649069450
343,1682649069451
344,1682649069451
345,1682649069451
346,1682649069451
347,1682649069452
348,1682649069452
349,1682649069452
350,1682649069454
351,1682649069455
352,1682649069456
353,1682649069457
354,1682649069457
355,1682649069457
356,1682649069458
357,1682649069458
358,1682649069458
359,1682649069458
360,1682649069459
361,1682649069459
362,1682649069459
363,1682649069459
364,1682649069459
365,1682649069460
366,1682649069460
367,1682649069460
368,1682649069460
369,1682649069460
370,1682649069461
371,1682649069461
372,1682649069461
373,1682649069461
374,1682649069462
375,1682649069462
376,1682649069462
377,1682649069463
378,1682649069463
379,1682649069464
380,1682649069464
381,1682649069464
382,1682649069465
383,1682649069465
384,1682649069465
385,1682649069466
386,1682649069467
387,1682649069471
388,1682649069472
389,1682649069473
390,1682649069474
391,1682649069475
392,1682649069476
393,1682649069477
394,1682649069477
395,1682649069478
396,1682649069478
397,1682649069479
398,1682649069479
399,1682649069479
400,1682649069480
401,1682649069480
402,1682649069481
403,1682649069481
404,1682649069481
405,1682649069482
406,1682649069482
407,1682649069482
408,1682649069482
409,1682649069483
410,1682649069483
411,1682649069483
412,1682649069483
413,1682649069483
414,1682649069484
415,1682649069484
416,1682649069484
417,1682649069484
418,1682649069484
419,1682649069485
420,1682649069485
421,1682649069485
422,1682649069485
423,1682649069486
424,1682649069486
425,1682649069487
426,1682649069487
427,1682649069488
428,1682649069488
429,1682649069488
430,1682649069488
431,1682649069488
432,1682649069489
433,1682649069489
434,1682649069489
435,1682649069490
436,1682649069490
437,1682649069490
438,1682649069491
439,1682649069491
440,1682649069491
441,1682649069492
442,1682649069492
443,1682649069492
444,1682649069493
445,1682649069493
446,1682649069493
447,1682649069494
448,1682649069494
449,1682649069494
450,1682649069495
451,1682649069495
452,1682649069495
453,1682649069495
454,1682649069496
455,1682649069496
456,1682649069496
457,1682649069497
458,1682649069497
459,1682649069497
460,1682649069497
461,1682649069498
462,1682649069498
463,1682649069498
464,1682649069498
465,1682649069499
466,1682649069499
467,1682649069499
468,1682649069499
469,1682649069500
470,1682649069500
471,1682649069500
472,1682649069500
473,1682649069501
474,1682649069501
475,1682649069501
476,1682649069502
477,1682649069502
478,1682649069503
479,1682649069503
480,1682649069504
481,1682649069504
482,1682649069504
483,1682649069505
484,1682649069505
485,1682649069506
486,1682649069506
487,1682649069506
488,1682649069507
489,1682649069507
490,1682649069507
491,1682649069507
492,1682649069508
493,1682649069508
494,1682649069508
495,1682649069509
496,1682649069509
497,1682649069509
498,1682649069509
499,1682649069510
500,1682649069510
501,1682649069510
502,1682649069510
503,1682649069511
504,1682649069511
505,1682649069511
506,1682649069512
507,1682649069512
508,1682649069512
509,1682649069513
510,1682649069513
511,1682649069513
512,1682649069513
513,1682649069514
514,1682649069514
515,1682649069514
516,1682649069515
517,1682649069515
518,1682649069515
519,1682649069515
520,1682649069516
521,1682649069516
522,1682649069516
523,1682649069516
524,1682649069517
525,1682649069517
526,1682649069517
527,1682649069517
528,1682649069517
529,1682649069518
530,1682649069518
531,1682649069518
532,1682649069518
533,1682649069518
534,1682649069519
535,1682649069519
536,1682649069519
537,1682649069520
538,1682649069520
539,1682649069520
540,1682649069521
541,1682649069521
542,1682649069522
543,1682649069522
544,1682649069525
545,1682649069526
546,1682649069526
547,1682649069526
548,1682649069526
549,1682649069526
550,1682649069527
551,1682649069527
552,1682649069527
553,1682649069527
554,1682649069527
555,1682649069527
556,1682649069528
557,1682649069528
558,1682649069528
559,1682649069528
560,1682649069528
561,1682649069528
562,1682649069529
563,1682649069529
564,1682649069529
565,1682649069529
566,1682649069529
567,1682649069529
568,1682649069530
569,1682649069530
570,1682649069530
571,1682649069530
572,1682649069530
573,1682649069530
574,1682649069530
575,1682649069531
576,1682649069531
577,1682649069531
578,1682649069531
579,1682649069531
580,1682649069531
581,1682649069531
582,1682649069532
583,1682649069532
584,1682649069532
585,1682649069532
586,1682649069532
587,1682649069532
588,1682649069533
589,1682649069533
590,1682649069533
591,1682649069533
592,1682649069533
593,1682649069533
594,1682649069534
595,1682649069534
596,1682649069534
597,1682649069534
598,1682649069534
599,1682649069534
600,1682649069535
601,1682649069535
602,1682649069535
603,1682649069535
604,1682649069537
605,1682649069538
606,1682649069538
607,1682649069539
608,1682649069540
609,1682649069540
610,1682649069541
611,1682649069541
612,1682649069541
613,1682649069542
614,1682649069542
615,1682649069542
616,1682649069542
617,1682649069542
618,1682649069542
619,1682649069543
620,1682649069543
621,1682649069543
622,1682649069543
623,1682649069543
624,1682649069544
625,1682649069738
626,1682649069738
627,1682649069739
628,1682649069739
629,1682649069739
630,1682649069740
631,1682649069740
632,1682649069740
633,1682649069740
634,1682649069740
635,1682649069741
636,1682649069741
637,1682649069741
638,1682649069742
639,1682649069742
640,1682649069742
641,1682649069742
642,1682649069743
643,1682649069743
644,1682649069743
645,1682649069743
646,1682649069744
647,1682649069744
648,1682649069744
649,1682649069744
650,1682649069745
651,1682649069745
652,1682649069745
653,1682649069745
654,1682649069745
655,1682649069746
656,1682649069746
657,1682649069746
658,1682649069746
659,1682649069746
660,1682649069746
661,1682649069747
662,1682649069747
663,1682649069747
664,1682649069747
665,1682649069747
666,1682649069747
667,1682649069748
668,1682649069748
669,1682649069748
670,1682649069748
671,1682649069748
672,1682649069749
673,1682649069749
674,1682649069749
675,1682649069749
676,1682649069749
677,1682649069750
678,1682649069750
679,1682649069750
680,1682649069750
681,1682649069750
682,1682649069750
683,1682649069751
684,1682649069751
685,1682649069751
686,1682649069751
687,1682649069751
688,1682649069751
689,1682649069751
690,1682649069752
691,1682649069752
692,1682649069752
693,1682649069752
694,1682649069753
695,1682649069753
696,1682649069753
697,1682649069754
698,1682649069754
699,1682649069754
700,1682649069755
701,1682649069755
702,1682649069755
703,1682649069755
704,1682649069756
705,1682649069756
706,1682649069756
707,1682649069756
708,1682649069756
709,1682649069756
710,1682649069757
711,1682649069757
712,1682649069757
713,1682649069757
714,1682649069757
715,1682649069757
716,1682649069758
717,1682649069758
718,1682649069758
719,1682649069758
720,1682649069758
721,1682649069759
722,1682649069759
723,1682649069759
724,1682649069759
725,1682649069759
726,1682649069759
727,1682649069759
728,1682649069760
729,1682649069760
730,1682649069760
731,1682649069760
732,1682649069760
733,1682649069760
734,1682649069761
735,1682649069761
736,1682649069761
737,1682649069761
738,1682649069761
739,1682649069761
740,1682649069762
741,1682649069762
742,1682649069762
743,1682649069762
744,1682649069762
745,1682649069762
746,1682649069762
747,1682649069763
748,1682649069763
749,1682649069763
750,1682649069763
751,1682649069763
752,1682649069763
753,1682649069764
754,1682649069764
755,1682649069764
756,1682649069764
757,1682649069764
758,1682649069764
759,1682649069764
760,1682649069764
761,1682649069765
762,1682649069765
763,1682649069765
764,1682649069765
765,1682649069765
766,1682649069765
767,1682649069765
768,1682649069766
769,1682649069766
770,1682649069766
771,1682649069766
772,1682649069766
773,1682649069766
774,1682649069766
775,1682649069767
776,1682649069767
777,1682649069767
778,1682649069767
779,1682649069767
780,1682649069767
781,1682649069768
782,1682649069768
783,1682649069768
784,1682649069768
785,1682649069768
786,1682649069768
787,1682649069769
788,1682649069769
789,1682649069771
790,1682649069772
791,1682649069773
792,1682649069773
793,1682649069773
794,1682649069774
795,1682649069774
796,1682649069774
797,1682649069775
798,1682649069775
799,1682649069776
800,1682649069776
801,1682649069776
802,1682649069776
803,1682649069776
804,1682649069776
805,1682649069777
806,1682649069777
807,1682649069777
808,1682649069777
809,1682649069777
810,1682649069777
811,1682649069778
812,1682649069778
813,1682649069778
814,1682649069778
815,1682649069778
816,1682649069779
817,1682649069779
818,1682649069779
819,1682649069779
820,1682649069780
821,1682649069782
822,1682649069782
823,1682649069782
824,1682649069782
825,1682649069783
826,1682649069783
827,1682649069783
828,1682649069784
829,1682649069784
830,1682649069784
831,1682649069784
832,1682649069785
833,1682649069785
834,1682649069785
835,1682649069786
836,1682649069786
837,1682649069787
838,1682649069788
839,1682649069788
840,1682649069788
841,1682649069789
842,1682649069789
843,1682649069789
844,1682649069790
845,1682649069790
846,1682649069790
847,1682649069790
848,1682649069791
849,1682649069791
850,1682649069792
851,1682649069792
852,1682649069792
853,1682649069792
854,1682649069792
855,1682649069793
856,1682649069793
857,1682649069793
858,1682649069793
859,1682649069793
860,1682649069793
861,1682649069794
862,1682649069794
863,1682649069794
864,1682649069794
865,1682649069794
866,1682649069795
867,1682649069795
868,1682649069795
869,1682649069795
870,1682649069795
871,1682649069795
872,1682649069796
873,1682649069796
874,1682649069796
875,1682649069796
876,1682649069796
877,1682649069796
878,1682649069796
879,1682649069797
880,1682649069797
881,1682649069797
882,1682649069797
883,1682649069797
884,1682649069797
885,1682649069798
886,1682649069798
887,1682649069798
888,1682649069798
889,1682649069798
890,1682649069798
891,1682649069799
892,1682649069799
893,1682649069799
894,1682649069799
895,1682649069799
896,1682649069800
897,1682649069800
898,1682649069800
899,1682649069800
900,1682649069800
901,1682649069801
902,1682649069801
903,1682649069801
904,1682649069801
905,1682649069801
906,1682649069801
907,1682649069801
908,1682649069801
909,1682649069802
910,1682649069802
911,1682649069802
912,1682649069802
913,1682649069802
914,1682649069803
915,1682649069803
916,1682649069803
917,1682649069803
918,1682649069804
919,1682649069804
920,1682649069804
921,1682649069804
922,1682649069805
923,1682649069805
924,1682649069805
925,1682649069805
926,1682649069805
927,1682649069806
928,1682649069806
929,1682649069806
930,1682649069806
931,1682649069807
932,1682649069807
933,1682649069944
934,1682649069944
935,1682649069944
936,1682649069944
937,1682649069945
938,1682649069945
939,1682649069945
940,1682649069945
941,1682649069945
942,1682649069945
943,1682649069946
944,1682649069946
945,1682649069946
946,1682649069946
947,1682649069947
948,1682649069947
949,1682649069947
950,1682649069947
951,1682649069947
952,1682649069947
953,1682649069948
954,1682649069948
955,1682649069948
956,1682649069948
957,1682649069948
958,1682649069948
959,1682649069948
960,1682649069948
961,1682649069948
962,1682649069949
963,1682649069949
964,1682649069949
965,1682649069949
966,1682649069949
967,1682649069949
968,1682649069949
969,1682649069949
970,1682649069950
971,1682649069950
972,1682649069950
973,1682649069950
974,1682649069950
975,1682649069950
976,1682649069950
977,1682649069951
978,1682649069951
979,1682649069951
980,1682649069951
981,1682649069951
982,1682649069951
983,1682649069951
984,1682649069952
985,1682649069952
986,1682649069953
987,1682649069953
988,1682649069954
989,1682649069954
990,1682649069955
991,1682649069955
992,1682649069955
993,1682649069955
994,1682649069956
995,1682649069956
996,1682649069956
997,1682649069957
998,1682649069957
999,1682649069957
1000,1682649069958
1001,1682649069958
1002,1682649069958
1003,1682649069958
1004,1682649069958
1005,1682649069959
1006,1682649069959
1007,1682649069959
1008,1682649069959
1009,1682649069959
1010,1682649069960
1011,1682649069960
1012,1682649069960
1013,1682649069960
1014,1682649069961
1015,1682649069961
1016,1682649069961
1017,1682649069961
1018,1682649069962
1019,1682649069962
1020,1682649069962
1021,1682649069962
1022,1682649069962
1023,1682649069963
1024,1682649069963
1025,1682649069963
1026,1682649069964
1027,1682649069964
1028,1682649069964
1029,1682649069964
1030,1682649069965
1031,1682649069965
1032,1682649069965
1033,1682649069965
1034,1682649069966
1035,1682649069966
1036,1682649069966
1037,1682649069967
1038,1682649069967
1039,1682649069967
1040,1682649069967
1041,1682649069968
1042,1682649069968
1043,1682649069968
1044,1682649069969
1045,1682649069969
1046,1682649069969
1047,1682649069969
1048,1682649069970
1049,1682649069970
1050,1682649069970
1051,1682649069971
1052,1682649069971
1053,1682649069971
1054,1682649069971
1055,1682649069971
1056,1682649069972
1057,1682649069972
1058,1682649069972
1059,1682649069972
1060,1682649069973
1061,1682649069973
1062,1682649069973
1063,1682649069973
1064,1682649069974
1065,1682649069974
1066,1682649069974
1067,1682649069974
1068,1682649069975
1069,1682649069975
1070,1682649069975
1071,1682649069975
1072,1682649069976
1073,1682649069976
1074,1682649069976
1075,1682649069976
1076,1682649069977
1077,1682649069977
1078,1682649069977
1079,1682649069977
1080,1682649069978
1081,1682649069978
1082,1682649069978
1083,1682649069978
1084,1682649069979
1085,1682649069979
1086,1682649069979
1087,1682649069979
1088,1682649069980
1089,1682649069980
1090,1682649069980
1091,1682649069980
1092,1682649069981
1093,1682649069981
1094,1682649069981
1095,1682649069981
1096,1682649069982
1097,1682649069982
1098,1682649069982
1099,1682649069982
1100,1682649069983
1101,1682649069983
1102,1682649069983
1103,1682649069984
1104,1682649069984
1105,1682649069986
1106,1682649069988
1107,1682649069989
1108,1682649069990
1109,1682649069990
1110,1682649069990
1111,1682649069990
1112,1682649069991
1113,1682649069991
1114,1682649069991
1115,1682649069991
1116,1682649069992
1117,1682649069992
1118,1682649069992
1119,1682649069992
1120,1682649069993
1121,1682649069993
1122,1682649069993
1123,1682649069993
1124,1682649069994
1125,1682649069994
1126,1682649069994
1127,1682649069994
1128,1682649069995
1129,1682649069995
1130,1682649069995
1131,1682649069995
1132,1682649069996
1133,1682649069996
1134,1682649069996
1135,1682649069996
1136,1682649069997
1137,1682649069997
1138,1682649069997
1139,1682649069998
1140,1682649069998
1141,1682649069998
1142,1682649069999
1143,1682649069999
1144,1682649069999
1145,1682649070000
1146,1682649070000
1147,1682649070000
1148,1682649070000
1149,1682649070001
1150,1682649070001
1151,1682649070001
1152,1682649070001
1153,1682649070002
1154,1682649070002
1155,1682649070002
1156,1682649070003
1157,1682649070003
1158,1682649070003
1159,1682649070004
1160,1682649070004
1161,1682649070004
1162,1682649070004
1163,1682649070005
1164,1682649070005
1165,1682649070005
1166,1682649070005
1167,1682649070006
1168,1682649070006
1169,1682649070006
1170,1682649070006
1171,1682649070006
1172,1682649070007
1173,1682649070007
1174,1682649070007
1175,1682649070007
1176,1682649070008
1177,1682649070008
1178,1682649070008
1179,1682649070008
1180,1682649070009
1181,1682649070009
1182,1682649070009
1183,1682649070009
1184,1682649070009
1185,1682649070010
1186,1682649070010
1187,1682649070010
1188,1682649070010
1189,1682649070011
1190,1682649070011
1191,1682649070011
1192,1682649070011
1193,1682649070012
1194,1682649070012
1195,1682649070012
1196,1682649070012
1197,1682649070013
1198,1682649070013
1199,1682649070013
1200,1682649070013
1201,1682649070013
1202,1682649070014
1203,1682649070014
1204,1682649070014
1205,1682649070014
1206,1682649070014
1207,1682649070014
1208,1682649070015
1209,1682649070015
1210,1682649070015
1211,1682649070015
1212,1682649070016
1213,1682649070016
1214,1682649070016
1215,1682649070017
1216,1682649070017
1217,1682649070017
1218,1682649070017
1219,1682649070018
1220,1682649070018
1221,1682649070018
1222,1682649070019
1223,1682649070019
1224,1682649070019
1225,1682649070020
1226,1682649070020
1227,1682649070020
1228,1682649070020
1229,1682649070021
1230,1682649070021
1231,1682649070022
1232,1682649070022
1233,1682649070022
1234,1682649070022
1235,1682649070023
1236,1682649070023
1237,1682649070023
1238,1682649070023
1239,1682649070024
1240,1682649070024
1241,1682649070024
1242,1682649070024
1243,1682649070025
1244,1682649070025
1245,1682649070025
1246,1682649070025
1247,1682649070026
1248,1682649070026
1249,1682649070026
1250,1682649070026
1251,1682649070026
1252,1682649070027
1253,1682649070027
1254,1682649070027
1255,1682649070027
1256,1682649070027
1257,1682649070028
1258,1682649070028
1259,1682649070028
1260,1682649070028
1261,1682649070028
1262,1682649070029
1263,1682649070029
1264,1682649070029
1265,1682649070029
1266,1682649070029
1267,1682649070030
1268,1682649070030
1269,1682649070031
1270,1682649070032
1271,1682649070033
1272,1682649070034
1273,1682649070038
1274,1682649070394
1275,1682649070395
1276,1682649070395
1277,1682649070395
1278,1682649070395
1279,1682649070395
1280,1682649070396
1281,1682649070396
1282,1682649070396
1283,1682649070396
1284,1682649070396
1285,1682649070396
1286,1682649070397
1287,1682649070397
1288,1682649070397
1289,1682649070397
1290,1682649070398
1291,1682649070398
1292,1682649070398
1293,1682649070398
1294,1682649070398
1295,1682649070398
1296,1682649070399
1297,1682649070399
1298,1682649070399
1299,1682649070399
1300,1682649070399
1301,1682649070399
1302,1682649070400
1303,1682649070400
1304,1682649070400
1305,1682649070400
1306,1682649070594
1307,1682649070594
1308,1682649070594
1309,1682649070594
1310,1682649070594
1311,1682649070594
1312,1682649070594
1313,1682649070594
1314,1682649070595
1315,1682649070595
1316,1682649070595
1317,1682649070595
1318,1682649070595
1319,1682649070595
1320,1682649070595
1321,1682649070595
1322,1682649070595
1323,1682649070596
1324,1682649070596
1325,1682649070596
1326,1682649070596
1327,1682649070596
1328,1682649070596
1329,1682649070596
1330,1682649070596
1331,1682649070597
1332,1682649070597
1333,1682649070597
1334,1682649070597
1335,1682649070597
1336,1682649070597
1337,1682649070597
1338,1682649070598
1339,1682649070598
1340,1682649070598
1341,1682649070598
1342,1682649070598
1343,1682649070598
1344,1682649070598
1345,1682649070598
1346,1682649070599
1347,1682649070599
1348,1682649070599
1349,1682649070599
1350,1682649070599
1351,1682649070599
1352,1682649070599
1353,1682649070599
1354,1682649070600
1355,1682649070600
1356,1682649070600
1357,1682649070600
1358,1682649070600
1359,1682649070600
1360,1682649070600
1361,1682649070600
1362,1682649070600
1363,1682649070601
1364,1682649070601
1365,1682649070601
1366,1682649070601
1367,1682649070601
1368,1682649070601
1369,1682649070601
1370,1682649070602
1371,1682649070602
1372,1682649070602
1373,1682649070603
1374,1682649070603
1375,1682649070603
1376,1682649070603
1377,1682649070604
1378,1682649070604
1379,1682649070604
1380,1682649070604
1381,1682649070605
1382,1682649070605
1383,1682649070605
1384,1682649070605
1385,1682649070606
1386,1682649070606
1387,1682649070606
1388,1682649070606
1389,1682649070606
1390,1682649070607
1391,1682649070607
1392,1682649070607
1393,1682649070607
1394,1682649070608
1395,1682649070608
1396,1682649070608
1397,1682649070608
1398,1682649070608
1399,1682649070609
1400,1682649070609
1401,1682649070609
1402,1682649070609
1403,1682649070609
1404,1682649070610
1405,1682649070610
1406,1682649070610
1407,1682649070610
1408,1682649070611
1409,1682649070611
1410,1682649070611
1411,1682649070612
1412,1682649070612
1413,1682649070612
1414,1682649070612
1415,1682649070612
1416,1682649070613
1417,1682649070613
1418,1682649070613
1419,1682649070773
1420,1682649070774
1421,1682649070774
1422,1682649070774
1423,1682649070774
1424,1682649070774
1425,1682649070774
1426,1682649070775
1427,1682649070775
1428,1682649070775
1429,1682649070775
1430,1682649070775
1431,1682649070775
1432,1682649070775
1433,1682649070776
1434,1682649070776
1435,1682649070776
1436,1682649070776
1437,1682649070776
1438,1682649070776
1439,1682649070776
1440,1682649070776
1441,1682649070777
1442,1682649070777
1443,1682649070777
1444,1682649070777
1445,1682649070778
1446,1682649070778
1447,1682649070778
1448,1682649070778
1449,1682649070778
1450,1682649070778
1451,1682649070779
1452,1682649070779
1453,1682649070779
1454,1682649070779
1455,1682649070779
1456,1682649070779
1457,1682649070780
1458,1682649070780
1459,1682649070780
1460,1682649070780
1461,1682649070780
1462,1682649070780
1463,1682649070780
1464,1682649070781
1465,1682649070781
1466,1682649070781
1467,1682649070781
1468,1682649070781
1469,1682649070781
1470,1682649070781
1471,1682649070782
1472,1682649070782
1473,1682649070782
1474,1682649070783
1475,1682649070783
1476,1682649070783
1477,1682649070783
1478,1682649070784
1479,1682649070784
1480,1682649070784
1481,1682649070784
1482,1682649070784
1483,1682649070785
1484,1682649070785
1485,1682649070785
1486,1682649070785
1487,1682649070786
1488,1682649070786
1489,1682649070786
1490,1682649070786
1491,1682649070787
1492,1682649070787
1493,1682649070787
1494,1682649070788
1495,1682649070788
1496,1682649070788
1497,1682649070788
1498,1682649070789
1499,1682649070789
1500,1682649070789
1501,1682649070789
1502,1682649070790
1503,1682649070790
1504,1682649070790
1505,1682649070790
1506,1682649070790
1507,1682649070790
1508,1682649070790
1509,1682649070791
1510,1682649070791
1511,1682649070791
1512,1682649070791
1513,1682649070791
1514,1682649070792
1515,1682649070792
1516,1682649070792
1517,1682649070792
1518,1682649070792
1519,1682649070793
1520,1682649070793
1521,1682649070793
1522,1682649070793
1523,1682649070793
1524,1682649070793
1525,1682649070794
1526,1682649070794
1527,1682649070794
1528,1682649070794
1529,1682649070794
1530,1682649070795
1531,1682649070795
1532,1682649070795
1533,1682649070795
1534,1682649070796
1535,1682649070796
1536,1682649070796
1537,1682649070796
1538,1682649070796
1539,1682649070797
1540,1682649070797
1541,1682649070797
1542,1682649070797
1543,1682649070798
1544,1682649070798
1545,1682649070798
1546,1682649070798
1547,1682649070799
1548,1682649070979
1549,1682649070979
1550,1682649070979
1551,1682649070979
1552,1682649070979
1553,1682649070979
1554,1682649070980
1555,1682649070980
1556,1682649070980
1557,1682649070980
1558,1682649070980
1559,1682649070980
1560,1682649070980
1561,1682649070980
1562,1682649070981
1563,1682649070981
1564,1682649070981
1565,1682649070981
1566,1682649070981
1567,1682649070981
1568,1682649070981
1569,1682649070981
1570,1682649070982
1571,1682649070982
1572,1682649070982
1573,1682649070982
1574,1682649070982
1575,1682649070982
1576,1682649070982
1577,1682649070982
1578,1682649070983
1579,1682649070983
1580,1682649070983
1581,1682649070983
1582,1682649070983
1583,1682649070983
1584,1682649070983
1585,1682649070984
1586,1682649070984
1587,1682649070984
1588,1682649070984
1589,1682649070984
1590,1682649070984
1591,1682649070984
1592,1682649070985
1593,1682649070985
1594,1682649070985
1595,1682649070985
1596,1682649070985
1597,1682649070985
1598,1682649070986
1599,1682649070986
1600,1682649070986
1601,1682649070986
1602,1682649070986
1603,1682649070987
1604,1682649070987
1605,1682649070987
1606,1682649070987
1607,1682649070987
1608,1682649070987
1609,1682649070988
1610,1682649070988
1611,1682649070988
1612,1682649070988
1613,1682649070988
1614,1682649070989
1615,1682649070989
1616,1682649070989
1617,1682649070989
1618,1682649070989
1619,1682649070989
1620,1682649070989
1621,1682649070990
1622,1682649070990
1623,1682649070990
1624,1682649070990
1625,1682649070990
1626,1682649070990
1627,1682649070990
1628,1682649070990
1629,1682649070991
1630,1682649070991
1631,1682649070991
1632,1682649070991
1633,1682649070991
1634,1682649070991
1635,1682649070991
1636,1682649070991
1637,1682649070992
1638,1682649070992
1639,1682649070992
1640,1682649070992
1641,1682649070992
1642,1682649070992
1643,1682649070992
1644,1682649070993
1645,1682649070993
1646,1682649070993
1647,1682649070993
1648,1682649070993
1649,1682649070993
1650,1682649070994
1651,1682649070994
1652,1682649070994
1653,1682649070994
1654,1682649070994
1655,1682649070994
1656,1682649070994
1657,1682649070994
1658,1682649070995
1659,1682649070995
1660,1682649070995
1661,1682649070995
1662,1682649070995
1663,1682649070995
1664,1682649070995
1665,1682649070996
1666,1682649070996
1667,1682649070996
1668,1682649070996
1669,1682649070996
1670,1682649070996
1671,1682649070996
1672,1682649070997
1673,1682649070997
1674,1682649070997
1675,1682649070997
1676,1682649070997
1677,1682649070997
1678,1682649070997
1679,1682649070998
1680,1682649070998
1681,1682649070998
1682,1682649070998
1683,1682649070998
1684,1682649070998
1685,1682649070999
1686,1682649070999
1687,1682649070999
1688,1682649070999
1689,1682649070999
1690,1682649070999
1691,1682649071000
1692,1682649071000
1693,1682649071000
1694,1682649071000
1695,1682649071000
1696,1682649071001
1697,1682649071001
1698,1682649071001
1699,1682649071001
1700,1682649071001
1701,1682649071002
1702,1682649071002
1703,1682649071002
1704,1682649071002
1705,1682649071002
1706,1682649071003
1707,1682649071003
1708,1682649071003
1709,1682649071003
1710,1682649071003
1711,1682649071024
1712,1682649071027
1713,1682649071027
1714,1682649071027
1715,1682649071028
1716,1682649071028
1717,1682649071028
1718,1682649071028
1719,1682649071028
1720,1682649071029
1721,1682649071029
1722,1682649071029
1723,1682649071029
1724,1682649071029
1725,1682649071030
1726,1682649071030
1727,1682649071030
1728,1682649071030
1729,1682649071031
1730,1682649071031
1731,1682649071031
1732,1682649071031
1733,1682649071032
1734,1682649071032
1735,1682649071032
1736,1682649071032
1737,1682649071033
1738,1682649071033
1739,1682649071033
1740,1682649071033
1741,1682649071033
1742,1682649071046
1743,1682649071046
1744,1682649071046
1745,1682649071046
1746,1682649071047
1747,1682649071047
1748,1682649071047
1749,1682649071048
1750,1682649071048
1751,1682649071048
1752,1682649071048
1753,1682649071048
1754,1682649071049
1755,1682649071049
1756,1682649071049
1757,1682649071050
1758,1682649071050
1759,1682649071050
1760,1682649071051
1761,1682649071051
1762,1682649071051
1763,1682649071051
1764,1682649071051
1765,1682649071068
1766,1682649071070
1767,1682649071070
1768,1682649071071
1769,1682649071072
1770,1682649071072
1771,1682649071072
1772,1682649071072
1773,1682649071073
1774,1682649071073
1775,1682649071073
1776,1682649071073
1777,1682649071073
1778,1682649071074
1779,1682649071074
1780,1682649071074
1781,1682649071074
1782,1682649071074
1783,1682649071075
1784,1682649071075
1785,1682649071075
1786,1682649071075
1787,1682649071076
1788,1682649071076
1789,1682649071076
1790,1682649071076
1791,1682649071076
1792,1682649071077
