1,1682649242728
2,1682649242731
3,1682649242732
4,1682649242734
5,1682649242737
6,1682649242739
7,1682649242747
8,1682649242751
9,1682649242753
10,1682649242754
11,1682649242757
12,1682649242920
13,1682649242921
14,1682649242922
15,1682649242923
16,1682649242923
17,1682649242924
18,1682649242925
19,1682649242925
20,1682649243237
21,1682649243239
22,1682649243240
23,1682649243245
24,1682649243246
25,1682649243247
26,1682649243247
27,1682649243248
28,1682649243248
29,1682649243249
30,1682649243250
31,1682649243250
32,1682649243251
33,1682649243252
34,1682649243252
35,1682649243253
36,1682649243253
37,1682649243253
38,1682649243254
39,1682649243254
40,1682649243255
41,1682649243255
42,1682649243256
43,1682649243256
44,1682649243257
45,1682649243258
46,1682649243258
47,1682649243259
48,1682649243260
49,1682649243260
50,1682649243261
51,1682649243261
52,1682649243262
53,1682649243262
54,1682649243263
55,1682649243263
56,1682649243263
57,1682649243264
58,1682649243264
59,1682649243265
60,1682649243265
61,1682649243540
62,1682649243542
63,1682649243547
64,1682649243549
65,1682649243550
66,1682649243551
67,1682649243552
68,1682649243553
69,1682649243553
70,1682649243554
71,1682649243555
72,1682649243556
73,1682649243556
74,1682649243557
75,1682649243566
76,1682649243566
77,1682649243567
78,1682649243567
79,1682649243568
80,1682649243568
81,1682649243569
82,1682649243569
83,1682649243570
84,1682649243570
85,1682649243571
86,1682649243571
87,1682649243571
88,1682649243572
89,1682649243572
90,1682649243573
91,1682649243573
92,1682649243574
93,1682649243574
94,1682649243576
95,1682649243577
96,1682649243577
97,1682649243578
98,1682649243579
99,1682649243580
100,1682649243581
101,1682649243581
102,1682649243583
103,1682649243584
104,1682649243586
105,1682649243587
106,1682649243588
107,1682649243589
108,1682649243589
109,1682649243590
110,1682649243590
111,1682649243591
112,1682649243592
113,1682649243596
114,1682649243599
115,1682649243602
116,1682649243603
117,1682649243605
118,1682649243606
119,1682649243609
120,1682649243615
121,1682649243619
122,1682649243621
123,1682649243622
124,1682649243622
125,1682649243622
126,1682649243623
127,1682649243623
128,1682649243624
129,1682649243625
130,1682649243625
131,1682649243626
132,1682649243626
133,1682649243626
134,1682649243627
135,1682649243627
136,1682649243627
137,1682649243628
138,1682649243628
139,1682649243629
140,1682649243629
141,1682649243629
142,1682649243630
143,1682649243630
144,1682649243631
145,1682649243631
146,1682649243632
147,1682649243632
148,1682649243633
149,1682649243634
150,1682649243634
151,1682649243635
152,1682649243635
153,1682649243635
154,1682649243636
155,1682649243636
156,1682649243637
157,1682649243637
158,1682649243638
159,1682649243638
160,1682649243638
161,1682649243639
162,1682649243639
163,1682649243640
164,1682649243640
165,1682649243641
166,1682649243641
167,1682649243641
168,1682649243646
169,1682649243646
170,1682649243647
171,1682649243650
172,1682649243650
173,1682649243651
174,1682649243652
175,1682649243653
176,1682649243654
177,1682649243654
178,1682649243655
179,1682649243655
180,1682649243655
181,1682649243656
182,1682649243656
183,1682649243657
184,1682649243657
185,1682649243657
186,1682649243657
187,1682649243658
188,1682649243802
189,1682649243803
190,1682649243803
191,1682649243804
192,1682649243805
193,1682649243805
194,1682649243806
195,1682649243806
196,1682649243806
197,1682649243807
198,1682649243807
199,1682649243813
200,1682649243814
201,1682649243814
202,1682649243815
203,1682649243816
204,1682649243816
205,1682649243817
206,1682649243817
207,1682649243818
208,1682649243818
209,1682649243820
210,1682649243821
211,1682649243823
212,1682649243830
213,1682649243831
214,1682649243835
215,1682649243836
216,1682649243837
217,1682649243838
218,1682649243840
219,1682649243841
220,1682649243841
221,1682649243842
222,1682649243843
223,1682649243844
224,1682649243845
225,1682649243846
226,1682649243847
227,1682649243849
228,1682649243850
229,1682649243852
230,1682649243852
231,1682649243857
232,1682649243867
233,1682649243867
234,1682649243869
235,1682649243870
236,1682649243870
237,1682649243871
238,1682649243884
239,1682649243888
240,1682649243893
241,1682649243896
242,1682649243901
243,1682649243902
244,1682649243903
245,1682649243904
246,1682649243905
247,1682649243906
248,1682649243907
249,1682649243917
250,1682649243919
251,1682649243920
252,1682649243921
253,1682649243922
254,1682649243922
255,1682649243923
256,1682649243923
257,1682649243924
258,1682649243924
259,1682649243925
260,1682649243925
261,1682649243926
262,1682649243926
263,1682649243927
264,1682649243927
265,1682649243927
266,1682649243928
267,1682649243929
268,1682649243929
269,1682649243930
270,1682649243932
271,1682649243940
272,1682649243955
273,1682649243958
274,1682649243965
275,1682649243981
276,1682649243989
277,1682649243990
278,1682649243991
279,1682649243992
280,1682649243993
281,1682649243993
282,1682649243994
283,1682649243995
284,1682649243995
285,1682649243996
286,1682649243997
287,1682649243997
288,1682649243998
289,1682649243998
290,1682649244000
291,1682649244000
292,1682649244003
293,1682649244005
294,1682649244007
295,1682649244011
296,1682649244012
297,1682649244012
298,1682649244013
299,1682649244014
300,1682649244015
301,1682649244016
302,1682649244017
303,1682649244019
304,1682649244020
305,1682649244020
306,1682649244021
307,1682649244022
308,1682649244220
309,1682649244220
310,1682649244221
311,1682649244221
312,1682649244222
313,1682649244222
314,1682649244223
315,1682649244223
316,1682649244224
317,1682649244224
318,1682649244224
319,1682649244225
320,1682649244225
321,1682649244226
322,1682649244227
323,1682649244227
324,1682649244227
325,1682649244228
326,1682649244228
327,1682649244228
328,1682649244228
329,1682649244229
330,1682649244229
331,1682649244230
332,1682649244231
333,1682649244231
334,1682649244232
335,1682649244232
336,1682649244232
337,1682649244233
338,1682649244233
339,1682649244233
340,1682649244234
341,1682649244234
342,1682649244234
343,1682649244235
344,1682649244235
345,1682649244235
346,1682649244236
347,1682649244236
348,1682649244236
349,1682649244237
350,1682649244237
351,1682649244237
352,1682649244238
353,1682649244238
354,1682649244238
355,1682649244238
356,1682649244239
357,1682649244239
358,1682649244239
359,1682649244239
360,1682649244240
361,1682649244240
362,1682649244240
363,1682649244241
364,1682649244241
365,1682649244241
366,1682649244242
367,1682649244242
368,1682649244243
369,1682649244243
370,1682649244243
371,1682649244244
372,1682649244244
373,1682649244244
374,1682649244245
375,1682649244245
376,1682649244246
377,1682649244246
378,1682649244246
379,1682649244247
380,1682649244248
381,1682649244248
382,1682649244249
383,1682649244250
384,1682649244250
385,1682649244251
386,1682649244251
387,1682649244251
388,1682649244252
389,1682649244252
390,1682649244252
391,1682649244253
392,1682649244253
393,1682649244254
394,1682649244254
395,1682649244254
396,1682649244255
397,1682649244255
398,1682649244256
399,1682649244256
400,1682649244257
401,1682649244460
402,1682649244460
403,1682649244460
404,1682649244461
405,1682649244461
406,1682649244461
407,1682649244461
408,1682649244462
409,1682649244463
410,1682649244463
411,1682649244464
412,1682649244464
413,1682649244464
414,1682649244465
415,1682649244465
416,1682649244465
417,1682649244466
418,1682649244466
419,1682649244466
420,1682649244467
421,1682649244467
422,1682649244467
423,1682649244468
424,1682649244468
425,1682649244468
426,1682649244469
427,1682649244469
428,1682649244469
429,1682649244470
430,1682649244470
431,1682649244470
432,1682649244470
433,1682649244471
434,1682649244471
435,1682649244471
436,1682649244472
437,1682649244472
438,1682649244472
439,1682649244473
440,1682649244473
441,1682649244473
442,1682649244474
443,1682649244474
444,1682649244474
445,1682649244475
446,1682649244475
447,1682649244475
448,1682649244476
449,1682649244476
450,1682649244477
451,1682649244477
452,1682649244478
453,1682649244479
454,1682649244479
455,1682649244480
456,1682649244480
457,1682649244481
458,1682649244481
459,1682649244481
460,1682649244482
461,1682649244482
462,1682649244482
463,1682649244483
464,1682649244483
465,1682649244483
466,1682649244483
467,1682649244484
468,1682649244484
469,1682649244484
470,1682649244485
471,1682649244485
472,1682649244485
473,1682649244485
474,1682649244486
475,1682649244486
476,1682649244487
477,1682649244487
478,1682649244487
479,1682649244487
480,1682649244488
481,1682649244489
482,1682649244489
483,1682649244489
484,1682649244490
485,1682649244490
486,1682649244490
487,1682649244490
488,1682649244491
489,1682649244491
490,1682649244491
491,1682649244492
492,1682649244493
493,1682649244493
494,1682649244493
495,1682649244494
496,1682649244494
497,1682649244494
498,1682649244495
499,1682649244495
500,1682649244496
501,1682649244496
502,1682649244496
503,1682649244497
504,1682649244497
505,1682649244497
506,1682649244498
507,1682649244498
508,1682649244499
509,1682649244499
510,1682649244499
511,1682649244500
512,1682649244501
513,1682649244501
514,1682649244503
515,1682649244505
516,1682649244506
517,1682649244508
518,1682649244513
519,1682649244513
520,1682649244514
521,1682649244514
522,1682649244515
523,1682649244515
524,1682649244516
525,1682649244516
526,1682649244517
527,1682649244517
528,1682649244518
529,1682649244518
530,1682649244519
531,1682649244519
532,1682649244519
533,1682649244520
534,1682649244520
535,1682649244520
536,1682649244522
537,1682649244522
538,1682649244523
539,1682649244524
540,1682649244525
541,1682649244525
542,1682649244525
543,1682649244526
544,1682649244526
545,1682649244526
546,1682649244527
547,1682649244528
548,1682649244529
549,1682649244529
550,1682649244532
551,1682649244533
552,1682649244533
553,1682649244533
554,1682649244534
555,1682649244534
556,1682649244535
557,1682649244535
558,1682649244535
559,1682649244536
560,1682649244536
561,1682649244536
562,1682649244536
563,1682649244537
564,1682649244537
565,1682649244537
566,1682649244538
567,1682649244538
568,1682649244538
569,1682649244539
570,1682649244539
571,1682649244539
572,1682649244672
573,1682649244672
574,1682649244673
575,1682649244673
576,1682649244674
577,1682649244674
578,1682649244674
579,1682649244675
580,1682649244675
581,1682649244675
582,1682649244675
583,1682649244677
584,1682649244679
585,1682649244679
586,1682649244680
587,1682649244680
588,1682649244680
589,1682649244681
590,1682649244681
591,1682649244681
592,1682649244682
593,1682649244682
594,1682649244682
595,1682649244683
596,1682649244683
597,1682649244684
598,1682649244684
599,1682649244684
600,1682649244685
601,1682649244685
602,1682649244685
603,1682649244685
604,1682649244686
605,1682649244686
606,1682649244686
607,1682649244686
608,1682649244687
609,1682649244687
610,1682649244687
611,1682649244687
612,1682649244687
613,1682649244688
614,1682649244688
615,1682649244688
616,1682649244688
617,1682649244689
618,1682649244689
619,1682649244689
620,1682649244689
621,1682649244690
622,1682649244690
623,1682649244690
624,1682649244691
625,1682649244691
626,1682649244692
627,1682649244692
628,1682649244693
629,1682649244694
630,1682649244696
631,1682649244697
632,1682649244699
633,1682649244701
634,1682649244701
635,1682649244702
636,1682649244702
637,1682649244703
638,1682649244704
639,1682649244704
640,1682649244705
641,1682649244705
642,1682649244706
643,1682649244706
644,1682649244706
645,1682649244707
646,1682649244707
647,1682649244711
648,1682649244714
649,1682649244716
650,1682649244716
651,1682649244717
652,1682649244717
653,1682649244717
654,1682649244718
655,1682649244718
656,1682649244718
657,1682649244718
658,1682649244719
659,1682649244719
660,1682649244719
661,1682649244719
662,1682649244719
663,1682649244720
664,1682649244720
665,1682649244721
666,1682649244721
667,1682649244721
668,1682649244722
669,1682649244722
670,1682649244723
671,1682649244723
672,1682649244723
673,1682649244724
674,1682649244724
675,1682649244724
676,1682649244725
677,1682649244729
678,1682649244730
679,1682649244730
680,1682649244732
681,1682649244733
682,1682649244734
683,1682649244735
684,1682649244736
685,1682649244737
686,1682649244737
687,1682649244738
688,1682649244739
689,1682649244740
690,1682649244740
691,1682649244740
692,1682649244741
693,1682649244741
694,1682649244742
695,1682649244743
696,1682649244744
697,1682649244745
698,1682649244745
699,1682649244746
700,1682649244746
701,1682649244747
702,1682649244748
703,1682649244749
704,1682649244874
705,1682649244874
706,1682649244874
707,1682649244875
708,1682649244875
709,1682649244875
710,1682649244875
711,1682649244876
712,1682649244876
713,1682649244877
714,1682649244878
715,1682649244878
716,1682649244878
717,1682649244879
718,1682649244879
719,1682649244879
720,1682649244879
721,1682649244880
722,1682649244880
723,1682649244880
724,1682649244880
725,1682649244881
726,1682649244881
727,1682649244881
728,1682649244881
729,1682649244882
730,1682649244882
731,1682649244882
732,1682649244883
733,1682649244883
734,1682649244883
735,1682649244883
736,1682649244884
737,1682649244884
738,1682649244884
739,1682649244884
740,1682649244884
741,1682649244885
742,1682649244885
743,1682649244885
744,1682649244885
745,1682649244886
746,1682649244886
747,1682649244886
748,1682649244886
749,1682649244887
750,1682649244887
751,1682649244887
752,1682649244887
753,1682649244887
754,1682649244888
755,1682649244888
756,1682649244889
757,1682649244889
758,1682649244889
759,1682649244889
760,1682649244890
761,1682649244890
762,1682649244890
763,1682649244890
764,1682649244891
765,1682649244891
766,1682649244891
767,1682649244891
768,1682649244892
769,1682649244892
770,1682649244895
771,1682649244896
772,1682649244896
773,1682649244897
774,1682649244897
775,1682649244897
776,1682649244897
777,1682649244898
778,1682649244898
779,1682649244899
780,1682649244899
781,1682649244899
782,1682649244900
783,1682649244900
784,1682649244900
785,1682649244900
786,1682649244901
787,1682649244901
788,1682649244901
789,1682649244902
790,1682649244902
791,1682649244902
792,1682649244903
793,1682649244903
794,1682649245038
795,1682649245039
796,1682649245039
797,1682649245039
798,1682649245039
799,1682649245039
800,1682649245040
801,1682649245040
802,1682649245040
803,1682649245041
804,1682649245041
805,1682649245041
806,1682649245041
807,1682649245041
808,1682649245042
809,1682649245042
810,1682649245043
811,1682649245043
812,1682649245043
813,1682649245044
814,1682649245044
815,1682649245045
816,1682649245045
817,1682649245045
818,1682649245046
819,1682649245046
820,1682649245046
821,1682649245046
822,1682649245047
823,1682649245047
824,1682649245047
825,1682649245048
826,1682649245048
827,1682649245048
828,1682649245049
829,1682649245049
830,1682649245050
831,1682649245050
832,1682649245050
833,1682649245051
834,1682649245051
835,1682649245051
836,1682649245051
837,1682649245052
838,1682649245052
839,1682649245052
840,1682649245052
841,1682649245053
842,1682649245053
843,1682649245053
844,1682649245053
845,1682649245053
846,1682649245054
847,1682649245054
848,1682649245054
849,1682649245055
850,1682649245055
851,1682649245055
852,1682649245055
853,1682649245055
854,1682649245254
855,1682649245254
856,1682649245254
857,1682649245255
858,1682649245255
859,1682649245255
860,1682649245255
861,1682649245256
862,1682649245256
863,1682649245256
864,1682649245256
865,1682649245256
866,1682649245257
867,1682649245257
868,1682649245257
869,1682649245257
870,1682649245257
871,1682649245258
872,1682649245258
873,1682649245258
874,1682649245258
875,1682649245258
876,1682649245258
877,1682649245258
878,1682649245259
879,1682649245259
880,1682649245259
881,1682649245259
882,1682649245260
883,1682649245260
884,1682649245260
885,1682649245261
886,1682649245261
887,1682649245261
888,1682649245261
889,1682649245262
890,1682649245262
891,1682649245262
892,1682649245262
893,1682649245262
894,1682649245262
895,1682649245263
896,1682649245263
897,1682649245263
898,1682649245263
899,1682649245264
900,1682649245264
901,1682649245264
902,1682649245265
903,1682649245265
904,1682649245265
905,1682649245265
906,1682649245265
907,1682649245265
908,1682649245265
909,1682649245266
910,1682649245266
911,1682649245266
912,1682649245266
913,1682649245563
914,1682649245564
915,1682649245564
916,1682649245564
917,1682649245564
918,1682649245564
919,1682649245565
920,1682649245565
921,1682649245565
922,1682649245565
923,1682649245565
924,1682649245566
925,1682649245566
926,1682649245566
927,1682649245566
928,1682649245567
929,1682649245567
930,1682649245567
931,1682649245567
932,1682649245568
933,1682649245568
934,1682649245568
935,1682649245568
936,1682649245568
937,1682649245569
938,1682649245569
939,1682649245569
940,1682649245569
941,1682649245570
942,1682649245570
943,1682649245570
944,1682649245570
945,1682649245571
946,1682649245571
947,1682649245571
948,1682649245572
949,1682649245572
950,1682649245572
951,1682649245572
952,1682649245573
953,1682649245573
954,1682649245573
955,1682649245573
956,1682649245573
957,1682649245574
958,1682649245574
959,1682649245574
960,1682649245574
961,1682649245574
962,1682649245575
963,1682649245575
964,1682649245575
965,1682649245575
966,1682649245575
967,1682649245575
968,1682649245576
969,1682649245576
970,1682649245576
971,1682649245576
972,1682649245577
973,1682649245577
974,1682649245578
975,1682649245578
976,1682649245579
977,1682649245579
978,1682649245580
979,1682649245580
980,1682649245580
981,1682649245580
982,1682649245581
983,1682649245581
984,1682649245581
985,1682649245581
986,1682649245582
987,1682649245582
988,1682649245582
989,1682649245583
990,1682649245583
991,1682649245583
992,1682649245583
993,1682649245583
994,1682649245583
995,1682649245583
996,1682649245584
997,1682649245584
998,1682649245584
999,1682649245584
1000,1682649245759
1001,1682649245759
1002,1682649245764
1003,1682649245764
1004,1682649245765
1005,1682649245765
1006,1682649245765
1007,1682649245765
1008,1682649245766
1009,1682649245766
1010,1682649245766
1011,1682649245767
1012,1682649245767
1013,1682649245767
1014,1682649245768
1015,1682649245768
1016,1682649245768
1017,1682649245769
1018,1682649245769
1019,1682649245769
1020,1682649245769
1021,1682649245770
1022,1682649245770
1023,1682649245770
1024,1682649245770
1025,1682649245771
1026,1682649245771
1027,1682649245771
1028,1682649245772
1029,1682649245772
1030,1682649245772
1031,1682649245773
1032,1682649245773
1033,1682649245773
1034,1682649245773
1035,1682649245773
1036,1682649245774
1037,1682649245774
1038,1682649245774
1039,1682649245774
1040,1682649245775
1041,1682649245775
1042,1682649245775
1043,1682649245775
1044,1682649245776
1045,1682649245776
1046,1682649245776
1047,1682649245777
1048,1682649245777
1049,1682649245777
1050,1682649245778
1051,1682649245778
1052,1682649245779
1053,1682649245779
1054,1682649245779
1055,1682649245779
1056,1682649245779
1057,1682649245780
1058,1682649245780
1059,1682649245780
1060,1682649245780
1061,1682649245781
1062,1682649245781
1063,1682649245781
1064,1682649245782
1065,1682649245782
1066,1682649245782
1067,1682649245782
1068,1682649245783
1069,1682649245783
1070,1682649245783
1071,1682649245783
1072,1682649245784
1073,1682649245784
1074,1682649245784
1075,1682649245784
1076,1682649245785
1077,1682649245785
1078,1682649245785
1079,1682649245785
1080,1682649245786
1081,1682649245786
1082,1682649245786
1083,1682649245786
1084,1682649245786
1085,1682649245787
1086,1682649245787
1087,1682649245787
1088,1682649245787
1089,1682649245788
1090,1682649245788
1091,1682649245788
1092,1682649245788
1093,1682649245788
1094,1682649245789
1095,1682649245789
1096,1682649245789
1097,1682649245789
1098,1682649245790
1099,1682649245790
1100,1682649245790
1101,1682649245790
1102,1682649245791
1103,1682649245791
1104,1682649245791
1105,1682649245791
1106,1682649245791
1107,1682649245791
1108,1682649245791
1109,1682649245792
1110,1682649245792
1111,1682649245792
1112,1682649245792
1113,1682649245793
1114,1682649245793
1115,1682649245793
1116,1682649245793
1117,1682649245793
1118,1682649245794
1119,1682649245794
1120,1682649245795
1121,1682649245795
1122,1682649245795
1123,1682649245795
1124,1682649245795
1125,1682649245796
1126,1682649245796
1127,1682649245796
1128,1682649245796
1129,1682649245797
1130,1682649245797
1131,1682649245797
1132,1682649245797
1133,1682649245797
1134,1682649245798
1135,1682649245798
1136,1682649245798
1137,1682649245798
1138,1682649245798
1139,1682649245799
1140,1682649245799
1141,1682649245799
1142,1682649245799
1143,1682649245800
1144,1682649245800
1145,1682649245800
1146,1682649245801
1147,1682649245801
1148,1682649245801
1149,1682649245801
1150,1682649245801
1151,1682649245802
1152,1682649245802
1153,1682649245802
1154,1682649245802
1155,1682649245802
1156,1682649245803
1157,1682649245803
1158,1682649245803
1159,1682649245803
1160,1682649245937
1161,1682649245937
1162,1682649245937
1163,1682649245937
1164,1682649245937
1165,1682649245937
1166,1682649245938
1167,1682649245938
1168,1682649245938
1169,1682649245938
1170,1682649245938
1171,1682649245938
1172,1682649245938
1173,1682649245939
1174,1682649245939
1175,1682649245939
1176,1682649245939
1177,1682649245939
1178,1682649245940
1179,1682649245940
1180,1682649245940
1181,1682649245940
1182,1682649245940
1183,1682649245941
1184,1682649245941
1185,1682649245941
1186,1682649245941
1187,1682649245941
1188,1682649245942
1189,1682649245942
1190,1682649245942
1191,1682649245942
1192,1682649245943
1193,1682649245943
1194,1682649245943
1195,1682649245943
1196,1682649245944
1197,1682649245944
1198,1682649245944
1199,1682649245944
1200,1682649245944
1201,1682649245945
1202,1682649245945
1203,1682649245945
1204,1682649245945
1205,1682649245945
1206,1682649245946
1207,1682649245946
1208,1682649245946
1209,1682649245946
1210,1682649245946
1211,1682649245946
1212,1682649245946
1213,1682649245947
1214,1682649245947
1215,1682649245947
1216,1682649245947
1217,1682649245947
1218,1682649245947
1219,1682649245947
1220,1682649245948
1221,1682649245948
1222,1682649245948
1223,1682649245948
1224,1682649245948
1225,1682649245948
1226,1682649245948
1227,1682649245948
1228,1682649245949
1229,1682649245949
1230,1682649245949
1231,1682649245949
1232,1682649245949
1233,1682649245949
1234,1682649245949
1235,1682649245949
1236,1682649245950
1237,1682649245950
1238,1682649245950
1239,1682649245950
1240,1682649245950
1241,1682649245951
1242,1682649245951
1243,1682649245951
1244,1682649245951
1245,1682649245951
1246,1682649245951
1247,1682649245952
1248,1682649245952
1249,1682649245952
1250,1682649245952
1251,1682649245952
1252,1682649245952
1253,1682649245952
1254,1682649245953
1255,1682649245953
1256,1682649245953
1257,1682649245953
1258,1682649245953
1259,1682649245953
1260,1682649245953
1261,1682649245953
1262,1682649245954
1263,1682649245954
1264,1682649245954
1265,1682649245954
1266,1682649245954
1267,1682649245954
1268,1682649245954
1269,1682649245955
1270,1682649245955
1271,1682649245955
1272,1682649245955
1273,1682649245955
1274,1682649245956
1275,1682649245956
1276,1682649245956
1277,1682649245956
1278,1682649246070
1279,1682649246260
1280,1682649246260
1281,1682649246261
1282,1682649246261
1283,1682649246261
1284,1682649246261
1285,1682649246261
1286,1682649246262
1287,1682649246262
1288,1682649246262
1289,1682649246262
1290,1682649246262
1291,1682649246262
1292,1682649246262
1293,1682649246263
1294,1682649246263
1295,1682649246263
1296,1682649246264
1297,1682649246264
1298,1682649246264
1299,1682649246265
1300,1682649246663
1301,1682649246663
1302,1682649246664
1303,1682649246664
1304,1682649246664
1305,1682649246665
1306,1682649246665
1307,1682649246665
1308,1682649246665
1309,1682649246666
1310,1682649246666
1311,1682649246666
1312,1682649246667
1313,1682649246667
1314,1682649246667
1315,1682649246667
1316,1682649246668
1317,1682649246668
1318,1682649246668
1319,1682649246669
1320,1682649246669
1321,1682649246669
1322,1682649246670
1323,1682649246670
1324,1682649246670
1325,1682649246671
1326,1682649246671
1327,1682649246671
1328,1682649246671
1329,1682649246672
1330,1682649246672
1331,1682649246672
1332,1682649246673
1333,1682649246673
1334,1682649246673
1335,1682649246674
1336,1682649246674
1337,1682649246674
1338,1682649246675
1339,1682649246676
1340,1682649246677
1341,1682649246677
1342,1682649246677
1343,1682649246678
1344,1682649246679
1345,1682649246679
1346,1682649246680
1347,1682649246680
1348,1682649246680
1349,1682649246681
1350,1682649246682
1351,1682649246682
1352,1682649246682
1353,1682649246682
1354,1682649246682
1355,1682649246683
1356,1682649246683
1357,1682649246683
1358,1682649246683
1359,1682649246683
1360,1682649246683
1361,1682649246684
1362,1682649246684
1363,1682649246684
1364,1682649246684
1365,1682649246684
1366,1682649246685
1367,1682649246685
1368,1682649246685
1369,1682649246685
1370,1682649246685
1371,1682649246686
1372,1682649246686
1373,1682649246686
1374,1682649246686
1375,1682649246686
1376,1682649246687
1377,1682649246687
1378,1682649246687
1379,1682649246687
1380,1682649246687
1381,1682649246688
1382,1682649246688
1383,1682649246688
1384,1682649246688
1385,1682649246688
1386,1682649246689
1387,1682649246689
1388,1682649246689
1389,1682649246689
1390,1682649246689
1391,1682649246690
1392,1682649246690
1393,1682649246690
1394,1682649246690
1395,1682649246691
1396,1682649246691
1397,1682649246691
1398,1682649246691
1399,1682649246691
1400,1682649246692
1401,1682649246692
1402,1682649246692
1403,1682649246692
1404,1682649246693
1405,1682649247061
1406,1682649247062
1407,1682649247062
1408,1682649247062
1409,1682649247062
1410,1682649247063
1411,1682649247063
1412,1682649247063
1413,1682649247063
1414,1682649247064
1415,1682649247064
1416,1682649247064
1417,1682649247065
1418,1682649247065
1419,1682649247065
1420,1682649247066
1421,1682649247066
1422,1682649247066
1423,1682649247066
1424,1682649247067
1425,1682649247067
1426,1682649247067
1427,1682649247068
1428,1682649247068
1429,1682649247068
1430,1682649247069
1431,1682649247069
1432,1682649247070
1433,1682649247070
1434,1682649247070
1435,1682649247070
1436,1682649247071
1437,1682649247071
1438,1682649247071
1439,1682649247071
1440,1682649247072
1441,1682649247072
1442,1682649247072
1443,1682649247072
1444,1682649247073
1445,1682649247073
1446,1682649247073
1447,1682649247073
1448,1682649247074
1449,1682649247074
1450,1682649247074
1451,1682649247075
1452,1682649247075
1453,1682649247077
1454,1682649247078
1455,1682649247078
1456,1682649247078
1457,1682649247079
1458,1682649247081
1459,1682649247082
1460,1682649247083
1461,1682649247083
1462,1682649247083
1463,1682649247083
1464,1682649247084
1465,1682649247084
1466,1682649247084
1467,1682649247085
1468,1682649247085
1469,1682649247085
1470,1682649247085
1471,1682649247086
1472,1682649247086
1473,1682649247086
1474,1682649247087
1475,1682649247087
1476,1682649247088
1477,1682649247088
1478,1682649247089
1479,1682649247089
1480,1682649247089
1481,1682649247090
1482,1682649247090
1483,1682649247091
1484,1682649247091
1485,1682649247092
1486,1682649247094
1487,1682649247097
1488,1682649247099
1489,1682649247099
1490,1682649247100
1491,1682649247101
1492,1682649247101
1493,1682649247101
1494,1682649247102
1495,1682649247102
1496,1682649247102
1497,1682649247103
1498,1682649247103
1499,1682649247104
1500,1682649247104
1501,1682649247104
1502,1682649247104
1503,1682649247105
1504,1682649247105
1505,1682649247105
1506,1682649247105
1507,1682649247105
1508,1682649247106
1509,1682649247106
1510,1682649247106
1511,1682649247107
1512,1682649247107
1513,1682649247107
1514,1682649247107
1515,1682649247107
1516,1682649247107
1517,1682649247108
1518,1682649247108
1519,1682649247108
1520,1682649247108
1521,1682649247109
1522,1682649247109
1523,1682649247109
1524,1682649247110
1525,1682649247110
1526,1682649247110
1527,1682649247110
1528,1682649247111
1529,1682649247111
1530,1682649247111
1531,1682649247111
1532,1682649247112
1533,1682649247112
1534,1682649247112
1535,1682649247113
1536,1682649247113
1537,1682649247113
1538,1682649247114
1539,1682649247114
1540,1682649247114
1541,1682649247115
1542,1682649247115
1543,1682649247115
1544,1682649247116
1545,1682649247116
1546,1682649247116
1547,1682649247117
1548,1682649247117
1549,1682649247117
1550,1682649247118
1551,1682649247118
1552,1682649247118
1553,1682649247118
1554,1682649247119
1555,1682649247119
1556,1682649247120
1557,1682649247120
1558,1682649247120
1559,1682649247120
1560,1682649247121
1561,1682649247121
1562,1682649247122
1563,1682649247122
1564,1682649247122
1565,1682649247122
1566,1682649247122
1567,1682649247123
1568,1682649247123
1569,1682649247124
1570,1682649247124
1571,1682649247124
1572,1682649247125
1573,1682649247125
1574,1682649247125
1575,1682649247125
1576,1682649247126
1577,1682649247126
1578,1682649247126
1579,1682649247127
1580,1682649247127
1581,1682649247128
1582,1682649247128
1583,1682649247128
1584,1682649247129
1585,1682649247129
1586,1682649247129
1587,1682649247130
1588,1682649247130
1589,1682649247130
1590,1682649247131
1591,1682649247131
1592,1682649247131
1593,1682649247132
1594,1682649247132
1595,1682649247132
1596,1682649247132
1597,1682649247133
1598,1682649247133
1599,1682649247133
1600,1682649247134
1601,1682649247134
1602,1682649247134
1603,1682649247134
1604,1682649247135
1605,1682649247135
1606,1682649247135
1607,1682649247136
1608,1682649247136
1609,1682649247136
1610,1682649247136
1611,1682649247137
1612,1682649247137
1613,1682649247138
1614,1682649247139
1615,1682649247139
1616,1682649247139
1617,1682649247139
1618,1682649247140
1619,1682649247140
1620,1682649247140
1621,1682649247141
1622,1682649247141
1623,1682649247142
1624,1682649247142
1625,1682649247143
1626,1682649247143
1627,1682649247143
1628,1682649247143
1629,1682649247144
1630,1682649247144
1631,1682649247145
1632,1682649247145
1633,1682649247145
1634,1682649247146
1635,1682649247146
1636,1682649247146
1637,1682649247147
1638,1682649247147
1639,1682649247147
1640,1682649247148
1641,1682649247148
1642,1682649247148
1643,1682649247149
1644,1682649247149
1645,1682649247149
1646,1682649247149
1647,1682649247150
1648,1682649247150
1649,1682649247150
1650,1682649247151
1651,1682649247151
1652,1682649247151
1653,1682649247151
1654,1682649247152
1655,1682649247152
1656,1682649247152
1657,1682649247152
1658,1682649247153
1659,1682649247153
1660,1682649247153
1661,1682649247154
1662,1682649247154
1663,1682649247154
1664,1682649247155
1665,1682649247155
1666,1682649247155
1667,1682649247156
1668,1682649247156
1669,1682649247156
1670,1682649247157
1671,1682649247157
1672,1682649247157
1673,1682649247158
1674,1682649247158
1675,1682649247388
1676,1682649247389
1677,1682649247389
1678,1682649247389
1679,1682649247389
1680,1682649247389
1681,1682649247390
1682,1682649247390
1683,1682649247390
1684,1682649247391
1685,1682649247391
1686,1682649247391
1687,1682649247391
1688,1682649247392
1689,1682649247392
1690,1682649247393
1691,1682649247393
1692,1682649247393
1693,1682649247394
1694,1682649247394
1695,1682649247395
1696,1682649247395
1697,1682649247395
1698,1682649247396
1699,1682649247396
1700,1682649247396
1701,1682649247397
1702,1682649247397
1703,1682649247397
1704,1682649247398
1705,1682649247398
1706,1682649247398
1707,1682649247398
1708,1682649247399
1709,1682649247399
1710,1682649247399
1711,1682649247399
1712,1682649247400
1713,1682649247400
1714,1682649247400
1715,1682649247400
1716,1682649247400
1717,1682649247400
1718,1682649247401
1719,1682649247401
1720,1682649247401
1721,1682649247401
1722,1682649247402
1723,1682649247402
1724,1682649247402
1725,1682649247402
1726,1682649247403
1727,1682649247403
1728,1682649247403
1729,1682649247404
1730,1682649247404
1731,1682649247404
1732,1682649247404
1733,1682649247404
1734,1682649247405
1735,1682649247405
1736,1682649247405
1737,1682649247405
1738,1682649247405
1739,1682649247406
1740,1682649247406
1741,1682649247406
1742,1682649247407
1743,1682649247407
1744,1682649247407
1745,1682649247407
1746,1682649247407
1747,1682649247408
1748,1682649247408
1749,1682649247408
1750,1682649247409
1751,1682649247410
1752,1682649247411
1753,1682649247411
1754,1682649247411
1755,1682649247412
1756,1682649247412
1757,1682649247412
1758,1682649247412
1759,1682649247412
1760,1682649247413
1761,1682649247413
1762,1682649247413
1763,1682649247413
1764,1682649247413
1765,1682649247414
1766,1682649247414
1767,1682649247414
1768,1682649247414
1769,1682649247414
1770,1682649247415
1771,1682649247415
1772,1682649247415
1773,1682649247415
1774,1682649247415
1775,1682649247416
1776,1682649247416
1777,1682649247416
1778,1682649247416
1779,1682649247416
1780,1682649247417
1781,1682649247417
1782,1682649247417
1783,1682649247417
1784,1682649247418
1785,1682649247418
1786,1682649247418
1787,1682649247418
1788,1682649247418
1789,1682649247419
1790,1682649247419
1791,1682649247419
1792,1682649247419
1793,1682649247420
1794,1682649247420
1795,1682649247420
1796,1682649247420
1797,1682649247421
1798,1682649247421
1799,1682649247421
1800,1682649247421
1801,1682649247422
1802,1682649247422
1803,1682649247422
1804,1682649247422
1805,1682649247423
1806,1682649247423
1807,1682649247423
1808,1682649247423
1809,1682649247423
1810,1682649247424
1811,1682649247424
1812,1682649247424
1813,1682649247424
1814,1682649247424
1815,1682649247424
1816,1682649247425
1817,1682649247425
1818,1682649247425
1819,1682649247425
1820,1682649247426
1821,1682649247427
1822,1682649247428
1823,1682649247428
1824,1682649247428
1825,1682649247429
1826,1682649247429
1827,1682649247429
1828,1682649247429
1829,1682649247430
1830,1682649247430
1831,1682649247430
1832,1682649247430
1833,1682649247430
1834,1682649247430
1835,1682649247431
1836,1682649247431
1837,1682649247431
1838,1682649247432
1839,1682649247432
1840,1682649247432
1841,1682649247432
1842,1682649247433
1843,1682649247433
1844,1682649247433
1845,1682649247433
1846,1682649247434
1847,1682649247434
1848,1682649247434
1849,1682649247434
1850,1682649247435
1851,1682649247435
1852,1682649247435
1853,1682649247436
1854,1682649247436
1855,1682649247436
1856,1682649247436
1857,1682649247437
1858,1682649247437
1859,1682649247437
1860,1682649247437
1861,1682649247437
1862,1682649247438
1863,1682649247438
1864,1682649247438
1865,1682649247438
1866,1682649247439
1867,1682649247439
1868,1682649247439
1869,1682649247440
1870,1682649247440
1871,1682649247440
1872,1682649247441
1873,1682649247441
1874,1682649247441
1875,1682649247441
1876,1682649247441
1877,1682649247442
1878,1682649247442
1879,1682649247442
1880,1682649247442
1881,1682649247443
1882,1682649247443
1883,1682649247443
1884,1682649247444
1885,1682649247444
1886,1682649247445
1887,1682649247445
1888,1682649247446
1889,1682649247446
1890,1682649247447
1891,1682649247447
1892,1682649247447
1893,1682649247447
1894,1682649247447
1895,1682649247447
1896,1682649247448
1897,1682649247448
1898,1682649247448
1899,1682649247448
1900,1682649247449
1901,1682649247449
1902,1682649247449
1903,1682649247450
1904,1682649247450
1905,1682649247450
1906,1682649247450
1907,1682649247450
1908,1682649247451
1909,1682649247451
1910,1682649247451
1911,1682649247451
1912,1682649247451
1913,1682649247451
1914,1682649247451
1915,1682649247452
1916,1682649247452
1917,1682649247452
1918,1682649247452
1919,1682649247453
1920,1682649247453
1921,1682649247453
1922,1682649247454
1923,1682649247454
1924,1682649247454
1925,1682649247455
1926,1682649247455
1927,1682649247455
1928,1682649247455
1929,1682649247456
1930,1682649247456
1931,1682649247456
1932,1682649247465
1933,1682649247466
1934,1682649247466
1935,1682649247466
1936,1682649247467
1937,1682649247467
1938,1682649247468
1939,1682649247468
1940,1682649247468
1941,1682649247468
1942,1682649247469
1943,1682649247469
1944,1682649247470
1945,1682649247470
1946,1682649247470
1947,1682649247470
1948,1682649247470
1949,1682649247471
1950,1682649247471
1951,1682649247472
1952,1682649247472
1953,1682649247472
1954,1682649247472
1955,1682649247472
1956,1682649247473
1957,1682649247473
1958,1682649247473
1959,1682649247474
1960,1682649247474
1961,1682649247474
1962,1682649247474
1963,1682649247475
1964,1682649247476
1965,1682649247476
1966,1682649247476
1967,1682649247477
1968,1682649247477
1969,1682649247477
1970,1682649247478
1971,1682649247478
1972,1682649247478
1973,1682649247478
1974,1682649247479
1975,1682649247479
1976,1682649247479
1977,1682649247479
1978,1682649247480
1979,1682649247480
1980,1682649247480
1981,1682649247480
1982,1682649247481
1983,1682649247481
1984,1682649247481
1985,1682649247481
1986,1682649247481
1987,1682649247482
1988,1682649247482
1989,1682649247482
1990,1682649247482
1991,1682649247482
1992,1682649247483
1993,1682649247483
1994,1682649247483
1995,1682649247484
1996,1682649247484
1997,1682649247484
1998,1682649247484
1999,1682649247485
2000,1682649247720
2001,1682649247721
2002,1682649247721
2003,1682649247721
2004,1682649247722
2005,1682649247722
2006,1682649247722
2007,1682649247722
2008,1682649247723
2009,1682649247723
2010,1682649247723
2011,1682649247724
2012,1682649247724
2013,1682649247724
2014,1682649247724
2015,1682649247728
2016,1682649247728
2017,1682649247729
2018,1682649247729
2019,1682649247729
2020,1682649247729
2021,1682649247730
2022,1682649247730
2023,1682649247730
2024,1682649247737
2025,1682649247738
2026,1682649247739
2027,1682649247739
2028,1682649247739
2029,1682649247740
2030,1682649247740
2031,1682649247741
2032,1682649247741
2033,1682649247745
2034,1682649247745
2035,1682649247746
2036,1682649247746
2037,1682649247747
2038,1682649247754
2039,1682649247755
2040,1682649247756
2041,1682649247757
2042,1682649247757
2043,1682649247757
2044,1682649247758
2045,1682649247760
2046,1682649247761
2047,1682649247762
2048,1682649247763
