1,1682648480451
2,1682648480454
3,1682648480455
4,1682648480455
5,1682648480456
6,1682648480457
7,1682648480457
8,1682648480458
9,1682648480459
10,1682648480459
11,1682648480460
12,1682648480461
13,1682648480473
14,1682648480473
15,1682648480474
16,1682648480474
17,1682648480475
18,1682648480476
19,1682648482127
20,1682648482128
21,1682648482129
22,1682648482134
23,1682648482136
24,1682648482137
25,1682648482138
26,1682648482139
27,1682648482141
28,1682648482142
29,1682648482142
30,1682648482145
31,1682648482146
32,1682648482147
33,1682648482148
34,1682648482149
35,1682648482150
36,1682648482150
37,1682648482151
38,1682648482152
39,1682648482152
40,1682648482153
41,1682648482153
42,1682648482154
43,1682648482154
44,1682648482155
45,1682648482156
46,1682648482156
47,1682648482157
48,1682648482158
49,1682648482158
50,1682648482159
51,1682648482160
52,1682648482160
53,1682648482161
54,1682648482161
55,1682648482162
56,1682648482162
57,1682648482163
58,1682648482164
59,1682648482165
60,1682648482166
61,1682648482168
62,1682648482168
63,1682648482169
64,1682648482169
65,1682648482170
66,1682648482171
67,1682648482171
68,1682648482172
69,1682648482172
70,1682648482173
71,1682648482174
72,1682648482174
73,1682648482175
74,1682648482176
75,1682648482176
76,1682648482177
77,1682648482177
78,1682648482178
79,1682648482179
80,1682648482179
81,1682648482180
82,1682648482180
83,1682648482181
84,1682648482182
85,1682648482183
86,1682648482183
87,1682648482184
88,1682648482185
89,1682648482185
90,1682648482186
91,1682648482186
92,1682648482187
93,1682648482187
94,1682648482188
95,1682648482188
96,1682648482189
97,1682648482189
98,1682648482190
99,1682648482190
100,1682648482190
101,1682648482191
102,1682648482191
103,1682648482191
104,1682648482192
105,1682648482192
106,1682648482192
107,1682648482192
108,1682648482193
109,1682648482193
110,1682648482194
111,1682648482194
112,1682648482194
113,1682648482194
114,1682648482195
115,1682648482195
116,1682648482195
117,1682648482196
118,1682648482197
119,1682648482198
120,1682648482199
121,1682648482200
122,1682648482201
123,1682648482202
124,1682648482202
125,1682648482203
126,1682648482204
127,1682648482204
128,1682648482205
129,1682648482205
130,1682648482206
131,1682648482206
132,1682648482206
133,1682648482207
134,1682648482207
135,1682648482207
136,1682648482208
137,1682648482208
138,1682648482209
139,1682648482209
140,1682648482210
141,1682648482210
142,1682648482211
143,1682648482212
144,1682648482214
145,1682648482215
146,1682648482216
147,1682648482218
148,1682648482219
149,1682648482219
150,1682648482220
151,1682648482220
152,1682648482221
153,1682648482221
154,1682648482222
155,1682648482222
156,1682648482222
157,1682648482223
158,1682648482223
159,1682648482223
160,1682648482224
161,1682648482224
162,1682648482225
163,1682648482225
164,1682648482227
165,1682648482227
166,1682648482232
167,1682648482234
168,1682648482234
169,1682648482235
170,1682648482236
171,1682648482236
172,1682648482237
173,1682648482237
174,1682648482238
175,1682648482238
176,1682648482238
177,1682648482239
178,1682648482239
179,1682648482240
180,1682648482240
181,1682648482241
182,1682648482242
183,1682648482243
184,1682648482243
185,1682648482244
186,1682648482244
187,1682648482245
188,1682648482245
189,1682648482245
190,1682648482246
191,1682648482246
192,1682648482249
193,1682648482250
194,1682648482250
195,1682648482251
196,1682648482251
197,1682648482252
198,1682648482252
199,1682648482253
200,1682648482253
201,1682648482254
202,1682648482254
203,1682648482254
204,1682648482255
205,1682648482255
206,1682648482255
207,1682648482256
208,1682648482256
209,1682648482257
210,1682648482257
211,1682648482258
212,1682648482258
213,1682648482258
214,1682648482259
215,1682648482259
216,1682648482259
217,1682648482260
218,1682648482260
219,1682648482261
220,1682648482261
221,1682648482261
222,1682648482262
223,1682648482262
224,1682648482262
225,1682648482263
226,1682648482263
227,1682648482264
228,1682648482264
229,1682648482265
230,1682648482265
231,1682648482266
232,1682648482266
233,1682648482267
234,1682648482267
235,1682648482267
236,1682648482268
237,1682648482268
238,1682648482268
239,1682648482269
240,1682648482269
241,1682648482269
242,1682648482270
243,1682648482270
244,1682648482270
245,1682648482271
246,1682648482271
247,1682648482272
248,1682648482272
249,1682648482272
250,1682648482273
251,1682648482273
252,1682648482273
253,1682648482274
254,1682648482274
255,1682648482274
256,1682648482275
257,1682648482275
258,1682648482275
259,1682648482276
260,1682648482276
261,1682648482276
262,1682648482277
263,1682648482277
264,1682648482278
265,1682648482278
266,1682648482279
267,1682648482279
268,1682648482280
269,1682648482284
270,1682648482285
271,1682648482285
272,1682648482286
273,1682648482286
274,1682648482287
275,1682648482287
276,1682648482287
277,1682648482288
278,1682648482288
279,1682648482289
280,1682648482289
281,1682648482289
282,1682648482290
283,1682648482290
284,1682648482290
285,1682648482290
286,1682648482291
287,1682648482291
288,1682648482292
289,1682648482292
290,1682648482292
291,1682648482293
292,1682648482293
293,1682648482294
294,1682648482294
295,1682648482295
296,1682648482295
297,1682648482295
298,1682648482296
299,1682648482297
300,1682648482299
301,1682648482302
302,1682648482304
303,1682648482305
304,1682648482305
305,1682648482306
306,1682648482306
307,1682648482306
308,1682648482307
309,1682648482307
310,1682648482307
311,1682648482308
312,1682648482308
313,1682648482309
314,1682648482309
315,1682648482309
316,1682648482310
317,1682648482310
318,1682648482310
319,1682648482311
320,1682648482311
321,1682648482312
322,1682648482312
323,1682648482313
324,1682648482313
325,1682648482316
326,1682648482316
327,1682648482317
328,1682648482318
329,1682648482319
330,1682648482320
331,1682648482320
332,1682648482321
333,1682648482322
334,1682648482323
335,1682648482324
336,1682648482324
337,1682648482325
338,1682648482325
339,1682648482326
340,1682648482326
341,1682648482327
342,1682648482327
343,1682648482328
344,1682648482328
345,1682648482328
346,1682648482329
347,1682648482329
348,1682648482330
349,1682648482331
350,1682648482331
351,1682648482332
352,1682648482333
353,1682648482333
354,1682648482334
355,1682648482340
356,1682648482341
357,1682648482341
358,1682648482342
359,1682648482343
360,1682648482343
361,1682648482344
362,1682648482344
363,1682648482345
364,1682648482345
365,1682648482345
366,1682648482345
367,1682648482346
368,1682648482346
369,1682648482347
370,1682648482348
371,1682648482349
372,1682648482350
373,1682648482350
374,1682648482351
375,1682648482351
376,1682648482351
377,1682648482351
378,1682648482352
379,1682648482362
380,1682648482362
381,1682648482363
382,1682648482366
383,1682648482366
384,1682648482367
385,1682648482367
386,1682648482368
387,1682648482368
388,1682648482368
389,1682648482369
390,1682648482369
391,1682648482379
392,1682648482379
393,1682648482380
394,1682648482381
395,1682648482381
396,1682648482382
397,1682648482382
398,1682648482382
399,1682648482383
400,1682648482383
401,1682648482384
402,1682648482384
403,1682648482384
404,1682648482384
405,1682648482385
406,1682648482385
407,1682648482385
408,1682648482385
409,1682648482385
410,1682648482386
411,1682648482386
412,1682648482386
413,1682648482392
414,1682648482392
415,1682648482392
416,1682648482393
417,1682648482393
418,1682648482393
419,1682648482393
420,1682648482394
421,1682648482394
422,1682648482394
423,1682648482394
424,1682648482395
425,1682648482400
426,1682648482400
427,1682648482401
428,1682648482401
429,1682648482401
430,1682648482404
431,1682648482405
432,1682648482405
433,1682648482405
434,1682648482411
435,1682648482411
436,1682648482412
437,1682648482412
438,1682648482412
439,1682648482413
440,1682648482413
441,1682648482414
442,1682648482414
443,1682648482415
444,1682648482415
445,1682648482415
446,1682648482416
447,1682648482416
448,1682648482417
449,1682648482417
450,1682648482417
451,1682648482418
452,1682648482418
453,1682648482418
454,1682648482418
455,1682648482419
456,1682648482419
457,1682648482419
458,1682648482419
459,1682648482420
460,1682648482420
461,1682648482420
462,1682648482420
463,1682648482421
464,1682648482421
465,1682648482421
466,1682648482421
467,1682648482432
468,1682648482433
469,1682648482433
470,1682648482434
471,1682648482434
472,1682648482434
473,1682648482435
474,1682648482435
475,1682648482435
476,1682648482436
477,1682648482436
478,1682648482436
479,1682648482436
480,1682648482437
481,1682648482437
482,1682648482437
483,1682648482437
484,1682648482437
485,1682648482437
486,1682648482438
487,1682648482438
488,1682648482438
489,1682648482438
490,1682648482439
491,1682648482439
492,1682648482439
493,1682648482439
494,1682648482439
495,1682648482440
496,1682648482440
497,1682648482440
498,1682648482441
499,1682648482441
500,1682648482441
501,1682648482442
502,1682648482442
503,1682648482442
504,1682648482442
505,1682648482443
506,1682648482443
507,1682648482443
508,1682648482443
509,1682648482444
510,1682648482444
511,1682648482445
512,1682648482445
513,1682648482445
514,1682648482446
515,1682648482449
516,1682648482450
517,1682648482451
518,1682648482451
519,1682648482451
520,1682648482451
521,1682648482452
522,1682648482452
523,1682648482452
524,1682648482453
525,1682648482453
526,1682648482454
527,1682648482454
528,1682648482454
529,1682648482455
530,1682648482455
531,1682648482455
532,1682648482457
533,1682648482457
534,1682648482457
535,1682648482457
536,1682648482458
537,1682648482458
538,1682648482458
539,1682648482458
540,1682648482459
541,1682648482459
542,1682648482459
543,1682648482460
544,1682648482460
545,1682648482460
546,1682648482460
547,1682648482461
548,1682648482461
549,1682648482461
550,1682648482462
551,1682648482462
552,1682648482462
553,1682648482463
554,1682648482463
555,1682648482463
556,1682648482465
557,1682648482465
558,1682648482465
559,1682648482466
560,1682648482466
561,1682648482466
562,1682648482467
563,1682648482467
564,1682648482467
565,1682648482467
566,1682648482467
567,1682648482468
568,1682648482468
569,1682648482468
570,1682648482469
571,1682648482469
572,1682648482469
573,1682648482469
574,1682648482469
575,1682648482470
576,1682648482470
577,1682648482470
578,1682648482470
579,1682648482471
580,1682648482471
581,1682648482471
582,1682648482472
583,1682648482472
584,1682648482472
585,1682648482472
586,1682648482473
587,1682648482473
588,1682648482473
589,1682648482474
590,1682648482474
591,1682648482474
592,1682648482475
593,1682648482475
594,1682648482475
595,1682648482475
596,1682648482476
597,1682648482476
598,1682648482476
599,1682648482476
600,1682648482477
601,1682648482477
602,1682648482477
603,1682648482477
604,1682648482477
605,1682648482478
606,1682648482478
607,1682648482478
608,1682648482485
609,1682648482485
610,1682648482486
611,1682648482486
612,1682648482486
613,1682648482486
614,1682648482487
615,1682648482487
616,1682648482487
617,1682648482518
618,1682648482518
619,1682648482518
620,1682648482519
621,1682648482519
622,1682648482519
623,1682648482519
624,1682648482519
625,1682648482520
626,1682648482520
627,1682648482520
628,1682648482520
629,1682648482521
630,1682648482521
631,1682648482521
632,1682648482521
633,1682648482522
634,1682648482522
635,1682648482522
636,1682648482523
637,1682648482523
638,1682648482523
639,1682648482523
640,1682648482524
641,1682648482524
642,1682648482524
643,1682648482524
644,1682648482525
645,1682648482525
646,1682648482525
647,1682648482526
648,1682648482526
649,1682648482526
650,1682648482527
651,1682648482527
652,1682648482527
653,1682648482527
654,1682648482528
655,1682648482528
656,1682648482529
657,1682648482529
658,1682648482529
659,1682648482529
660,1682648482530
661,1682648482530
662,1682648482530
663,1682648482531
664,1682648482534
665,1682648482535
666,1682648482535
667,1682648482535
668,1682648482535
669,1682648482536
670,1682648482536
671,1682648482536
672,1682648482536
673,1682648482537
674,1682648482537
675,1682648482537
676,1682648482537
677,1682648482538
678,1682648482538
679,1682648482538
680,1682648482538
681,1682648482539
682,1682648482539
683,1682648482539
684,1682648482539
685,1682648482540
686,1682648482540
687,1682648482540
688,1682648482540
689,1682648482541
690,1682648482541
691,1682648482541
692,1682648482541
693,1682648482542
694,1682648482542
695,1682648482542
696,1682648482543
697,1682648482543
698,1682648482543
699,1682648482543
700,1682648482544
701,1682648482544
702,1682648482544
703,1682648482545
704,1682648482545
705,1682648482545
706,1682648482545
707,1682648482545
708,1682648482546
709,1682648482546
710,1682648482546
711,1682648482547
712,1682648482547
713,1682648482547
714,1682648482548
715,1682648482549
716,1682648482550
717,1682648482551
718,1682648482552
719,1682648482552
720,1682648482552
721,1682648482552
722,1682648482553
723,1682648482554
724,1682648482554
725,1682648482555
726,1682648482555
727,1682648482556
728,1682648482561
729,1682648482565
730,1682648482566
731,1682648482566
732,1682648482567
733,1682648482567
734,1682648482567
735,1682648482568
736,1682648482568
737,1682648482568
738,1682648482568
739,1682648482569
740,1682648482569
741,1682648482570
742,1682648482570
743,1682648482570
744,1682648482571
745,1682648482571
746,1682648482571
747,1682648482571
748,1682648482572
749,1682648482572
750,1682648482572
751,1682648482573
752,1682648482573
753,1682648482573
754,1682648482573
755,1682648482574
756,1682648482574
757,1682648482574
758,1682648482575
759,1682648482575
760,1682648482575
761,1682648482575
762,1682648482576
763,1682648482576
764,1682648482576
765,1682648482576
766,1682648482576
767,1682648482577
768,1682648482577
769,1682648482577
770,1682648482577
771,1682648482578
772,1682648482578
773,1682648482578
774,1682648482578
775,1682648482579
776,1682648482579
777,1682648482579
778,1682648482579
779,1682648482580
780,1682648482580
781,1682648482581
782,1682648482581
783,1682648482581
784,1682648482581
785,1682648482582
786,1682648482582
787,1682648482582
788,1682648482583
789,1682648482583
790,1682648482583
791,1682648482584
792,1682648482584
793,1682648482584
794,1682648482585
795,1682648482585
796,1682648482585
797,1682648482586
798,1682648482586
799,1682648482586
800,1682648482587
801,1682648482587
802,1682648482587
803,1682648482587
804,1682648482588
805,1682648482588
806,1682648482588
807,1682648482588
808,1682648482588
809,1682648482589
810,1682648482589
811,1682648482589
812,1682648482589
813,1682648482589
814,1682648482590
815,1682648482590
816,1682648482590
817,1682648482590
818,1682648482590
819,1682648482591
820,1682648482591
821,1682648482591
822,1682648482592
823,1682648482592
824,1682648482592
825,1682648482592
826,1682648482592
827,1682648482593
828,1682648482593
829,1682648482593
830,1682648482593
831,1682648482593
832,1682648482594
833,1682648482594
834,1682648482594
835,1682648482594
836,1682648482594
837,1682648482595
838,1682648482595
839,1682648482595
840,1682648482595
841,1682648482595
842,1682648482596
843,1682648482596
844,1682648482596
845,1682648482596
846,1682648482597
847,1682648482597
848,1682648482597
849,1682648482597
850,1682648482598
851,1682648482598
852,1682648482598
853,1682648482599
854,1682648482599
855,1682648482599
856,1682648482600
857,1682648482600
858,1682648482600
859,1682648482600
860,1682648482601
861,1682648482601
862,1682648482601
863,1682648482601
864,1682648482601
865,1682648482601
866,1682648482602
867,1682648482602
868,1682648482602
869,1682648482602
870,1682648482602
871,1682648482602
872,1682648482603
873,1682648482603
874,1682648482603
875,1682648482603
876,1682648482603
877,1682648482603
878,1682648482604
879,1682648482604
880,1682648482604
881,1682648482604
882,1682648482604
883,1682648482605
884,1682648482605
885,1682648482605
886,1682648482605
887,1682648482605
888,1682648482605
889,1682648482606
890,1682648482606
891,1682648482606
892,1682648482606
893,1682648482607
894,1682648482607
895,1682648482607
896,1682648482608
897,1682648482608
898,1682648482608
899,1682648482608
900,1682648482608
901,1682648482609
902,1682648482609
903,1682648482609
904,1682648482609
905,1682648482609
906,1682648482609
907,1682648482609
908,1682648482609
909,1682648482609
910,1682648482610
911,1682648482610
912,1682648482610
913,1682648482610
914,1682648482610
915,1682648482611
916,1682648482611
917,1682648482611
918,1682648482611
919,1682648482611
920,1682648482612
921,1682648482612
922,1682648482612
923,1682648482612
924,1682648482612
925,1682648482613
926,1682648482613
927,1682648482613
928,1682648482613
929,1682648482614
930,1682648482614
931,1682648482614
932,1682648482614
933,1682648482615
934,1682648482615
935,1682648482615
936,1682648482615
937,1682648482615
938,1682648482616
939,1682648482616
940,1682648482616
941,1682648482617
942,1682648482617
943,1682648482617
944,1682648482617
945,1682648482619
946,1682648482619
947,1682648482620
948,1682648482623
949,1682648482624
950,1682648482624
951,1682648482624
952,1682648482624
953,1682648482624
954,1682648482624
955,1682648482625
956,1682648482625
957,1682648482625
958,1682648482625
959,1682648482625
960,1682648482626
961,1682648482626
962,1682648482626
963,1682648482626
964,1682648482626
965,1682648482626
966,1682648482626
967,1682648482627
968,1682648482627
969,1682648482627
970,1682648482627
971,1682648482627
972,1682648482627
973,1682648482627
974,1682648482628
975,1682648482628
976,1682648482628
977,1682648482628
978,1682648482628
979,1682648482628
980,1682648482628
981,1682648482629
982,1682648482629
983,1682648482629
984,1682648482629
985,1682648482629
986,1682648482629
987,1682648482630
988,1682648482630
989,1682648482630
990,1682648482630
991,1682648482630
992,1682648482638
993,1682648482638
994,1682648482638
995,1682648482638
996,1682648482639
997,1682648482639
998,1682648482639
999,1682648482639
1000,1682648482639
1001,1682648482639
1002,1682648482640
1003,1682648482640
1004,1682648482640
1005,1682648482640
1006,1682648482640
1007,1682648482640
1008,1682648482640
1009,1682648482640
1010,1682648482641
1011,1682648482641
1012,1682648482641
1013,1682648482641
1014,1682648482641
1015,1682648482641
1016,1682648482641
1017,1682648482641
1018,1682648482642
1019,1682648482642
1020,1682648482642
1021,1682648482642
1022,1682648482642
1023,1682648482642
1024,1682648482642
