1,1682647967579
2,1682647967580
3,1682647967581
4,1682647967581
5,1682647967582
6,1682647967583
7,1682647967583
8,1682647967584
9,1682647967584
10,1682647967585
11,1682647967585
12,1682647967586
13,1682647967586
14,1682647967587
15,1682647967587
16,1682647967587
17,1682647967588
18,1682647967588
19,1682647967588
20,1682647967589
21,1682647967589
22,1682647967590
23,1682647967590
24,1682647967590
25,1682647967591
26,1682647967591
27,1682647967592
28,1682647967592
29,1682647967593
30,1682647967593
31,1682647967594
32,1682647967594
33,1682647967595
34,1682647967595
35,1682647967596
36,1682647967596
37,1682647967596
38,1682647967597
39,1682647967597
40,1682647967598
41,1682647967598
42,1682647968021
43,1682647968022
44,1682647968022
45,1682647968025
46,1682647968026
47,1682647968033
48,1682647968039
49,1682647968053
50,1682647968061
51,1682647968066
52,1682647968067
53,1682647968071
54,1682647968077
55,1682647968085
56,1682647968086
57,1682647968087
58,1682647968088
59,1682647968088
60,1682647968089
61,1682647968090
62,1682647968093
63,1682647968094
64,1682647968096
65,1682647968098
66,1682647968098
67,1682647968099
68,1682647968100
69,1682647968100
70,1682647968101
71,1682647968102
72,1682647968102
73,1682647968105
74,1682647968109
75,1682647968112
76,1682647968114
77,1682647968115
78,1682647968115
79,1682647968116
80,1682647968117
81,1682647968117
82,1682647968118
83,1682647968128
84,1682647968131
85,1682647968132
86,1682647968133
87,1682647968135
88,1682647968138
89,1682647968139
90,1682647968144
91,1682647968146
92,1682647968150
93,1682647968153
94,1682647968155
95,1682647968162
96,1682647968166
97,1682647968173
98,1682647968178
99,1682647968179
100,1682647968181
101,1682647968182
102,1682647968185
103,1682647968194
104,1682647968198
105,1682647968200
106,1682647968202
107,1682647968203
108,1682647968205
109,1682647968206
110,1682647968213
111,1682647968215
112,1682647968216
113,1682647968310
114,1682647968315
115,1682647968316
116,1682647968317
117,1682647968318
118,1682647968319
119,1682647968321
120,1682647968323
121,1682647968327
122,1682647968329
123,1682647968330
124,1682647968330
125,1682647968331
126,1682647968331
127,1682647968332
128,1682647968332
129,1682647968333
130,1682647968333
131,1682647968334
132,1682647968334
133,1682647968335
134,1682647968336
135,1682647968337
136,1682647968338
137,1682647968339
138,1682647968339
139,1682647968344
140,1682647968345
141,1682647968345
142,1682647968346
143,1682647968347
144,1682647968347
145,1682647968348
146,1682647968348
147,1682647968349
148,1682647968349
149,1682647968350
150,1682647968350
151,1682647968351
152,1682647968351
153,1682647968351
154,1682647968356
155,1682647968361
156,1682647968362
157,1682647968364
158,1682647968365
159,1682647968366
160,1682647968368
161,1682647968369
162,1682647968377
163,1682647968379
164,1682647968380
165,1682647968382
166,1682647968383
167,1682647968383
168,1682647968384
169,1682647968384
170,1682647968384
171,1682647968385
172,1682647968386
173,1682647968386
174,1682647968386
175,1682647968387
176,1682647968387
177,1682647968388
178,1682647968388
179,1682647968389
180,1682647968389
181,1682647968389
182,1682647968394
183,1682647968395
184,1682647968395
185,1682647968396
186,1682647968396
187,1682647968397
188,1682647968397
189,1682647968398
190,1682647968398
191,1682647968398
192,1682647968399
193,1682647968399
194,1682647968400
195,1682647968400
196,1682647968401
197,1682647968401
198,1682647968402
199,1682647968402
200,1682647968403
201,1682647968403
202,1682647968403
203,1682647968404
204,1682647968404
205,1682647968405
206,1682647968405
207,1682647968412
208,1682647968412
209,1682647968413
210,1682647968413
211,1682647968413
212,1682647968414
213,1682647968414
214,1682647968415
215,1682647968415
216,1682647968415
217,1682647968416
218,1682647968416
219,1682647968416
220,1682647968417
221,1682647968417
222,1682647968417
223,1682647968418
224,1682647968418
225,1682647968419
226,1682647968419
227,1682647968420
228,1682647968420
229,1682647968420
230,1682647968421
231,1682647968421
232,1682647968422
233,1682647968423
234,1682647968428
235,1682647968429
236,1682647968429
237,1682647968430
238,1682647968431
239,1682647968431
240,1682647968432
241,1682647968432
242,1682647968433
243,1682647968433
244,1682647968433
245,1682647968434
246,1682647968434
247,1682647968435
248,1682647968435
249,1682647968436
250,1682647968445
251,1682647968445
252,1682647968446
253,1682647968446
254,1682647968447
255,1682647968447
256,1682647968450
