1,1682647726381
2,1682647726386
3,1682647726404
4,1682647726469
5,1682647726469
6,1682647726470
7,1682647726471
8,1682647726472
9,1682647726472
10,1682647726473
11,1682647726646
12,1682647726646
13,1682647726647
14,1682647726647
15,1682647726648
16,1682647726649
17,1682647726653
18,1682647726654
19,1682647726655
20,1682647726655
21,1682647726656
22,1682647726656
23,1682647726657
24,1682647726657
25,1682647726658
26,1682647726659
27,1682647726760
28,1682647726761
29,1682647726762
30,1682647726762
31,1682647726763
32,1682647726763
33,1682647726764
34,1682647726764
35,1682647726764
36,1682647726765
37,1682647726765
38,1682647726765
39,1682647726767
40,1682647726767
41,1682647726768
42,1682647726769
43,1682647726769
44,1682647726770
45,1682647726770
46,1682647726770
47,1682647726771
48,1682647726771
49,1682647726772
50,1682647726772
51,1682647726773
52,1682647726773
53,1682647726775
54,1682647726776
55,1682647726779
56,1682647726787
57,1682647726788
58,1682647726795
59,1682647726795
60,1682647726796
61,1682647726804
62,1682647726810
63,1682647726811
64,1682647726812
65,1682647726814
66,1682647726819
67,1682647726822
68,1682647726823
69,1682647726823
70,1682647726823
71,1682647726824
72,1682647726836
73,1682647726837
74,1682647726838
75,1682647726838
76,1682647726839
77,1682647726839
78,1682647726840
79,1682647726841
80,1682647726842
81,1682647726844
82,1682647726860
83,1682647726860
84,1682647726860
85,1682647726861
86,1682647726880
87,1682647726881
88,1682647726882
89,1682647726884
90,1682647726886
91,1682647726887
92,1682647726888
93,1682647726889
94,1682647726890
95,1682647726890
96,1682647726891
97,1682647726892
98,1682647726902
99,1682647726903
100,1682647726904
101,1682647726904
102,1682647726905
103,1682647726917
104,1682647726919
105,1682647726920
106,1682647726922
107,1682647726923
108,1682647726924
109,1682647726925
110,1682647726929
111,1682647726933
112,1682647726936
113,1682647726939
114,1682647726942
115,1682647726943
116,1682647726944
117,1682647726946
118,1682647726949
119,1682647726952
120,1682647726954
121,1682647726954
122,1682647726955
123,1682647726956
124,1682647726957
125,1682647726958
126,1682647726959
127,1682647726959
128,1682647726960
