1,1682649135321
2,1682649135325
3,1682649135330
4,1682649135333
5,1682649135335
6,1682649135336
7,1682649135338
8,1682649135340
9,1682649135341
10,1682649135343
11,1682649135344
12,1682649135346
13,1682649135347
14,1682649135349
15,1682649135350
16,1682649135352
17,1682649135355
18,1682649135357
19,1682649135360
20,1682649135363
21,1682649138948
22,1682649138949
23,1682649138949
24,1682649138950
25,1682649138951
26,1682649138951
27,1682649138954
28,1682649138955
29,1682649138956
30,1682649138957
31,1682649138957
32,1682649138958
33,1682649138958
34,1682649138959
35,1682649138959
36,1682649138960
37,1682649138960
38,1682649138961
39,1682649138962
40,1682649138963
41,1682649138963
42,1682649138964
43,1682649138965
44,1682649138965
45,1682649138966
46,1682649138966
47,1682649138967
48,1682649138967
49,1682649138968
50,1682649138969
51,1682649138971
52,1682649138972
53,1682649138972
54,1682649138974
55,1682649138974
56,1682649138975
57,1682649138976
58,1682649138977
59,1682649138978
60,1682649138979
61,1682649138979
62,1682649138980
63,1682649138981
64,1682649138982
65,1682649138982
66,1682649138983
67,1682649138984
68,1682649138985
69,1682649138987
70,1682649138989
71,1682649138989
72,1682649138991
73,1682649138994
74,1682649138995
75,1682649138996
76,1682649138997
77,1682649138998
78,1682649138998
79,1682649138999
80,1682649139000
81,1682649139001
82,1682649139001
83,1682649139002
84,1682649139004
85,1682649139006
86,1682649139007
87,1682649139008
88,1682649139008
89,1682649139009
90,1682649139010
91,1682649139011
92,1682649139011
93,1682649139012
94,1682649139013
95,1682649139014
96,1682649139015
97,1682649139016
98,1682649139022
99,1682649139023
100,1682649139024
101,1682649139026
102,1682649139026
103,1682649139027
104,1682649139028
105,1682649139028
106,1682649139029
107,1682649139030
108,1682649139032
109,1682649139033
110,1682649139033
111,1682649139036
112,1682649139037
113,1682649139039
114,1682649139040
115,1682649139040
116,1682649139041
117,1682649139042
118,1682649139042
119,1682649139043
120,1682649139044
121,1682649139044
122,1682649139045
123,1682649139046
124,1682649139047
125,1682649139048
126,1682649139049
127,1682649139049
128,1682649139050
129,1682649139051
130,1682649139051
131,1682649139052
132,1682649139053
133,1682649139054
134,1682649139054
135,1682649139056
136,1682649139058
137,1682649139058
138,1682649139059
139,1682649139060
140,1682649139061
141,1682649139061
142,1682649139062
143,1682649139063
144,1682649139063
145,1682649139064
146,1682649139064
147,1682649139065
148,1682649139065
149,1682649139066
150,1682649139066
151,1682649139067
152,1682649139067
153,1682649139067
154,1682649139068
155,1682649139070
156,1682649139070
157,1682649139071
158,1682649139071
159,1682649139071
160,1682649139072
161,1682649139072
162,1682649139072
163,1682649139073
164,1682649139073
165,1682649139073
166,1682649139074
167,1682649139074
168,1682649139074
169,1682649139074
170,1682649139075
171,1682649139075
172,1682649139075
173,1682649139076
174,1682649139076
175,1682649139077
176,1682649139077
177,1682649139077
178,1682649139078
179,1682649139078
180,1682649139078
181,1682649139079
182,1682649139079
183,1682649139080
184,1682649139080
185,1682649139081
186,1682649139081
187,1682649139081
188,1682649139082
189,1682649139082
190,1682649139083
191,1682649139083
192,1682649139084
193,1682649139084
194,1682649139084
195,1682649139085
196,1682649139085
197,1682649139086
198,1682649139086
199,1682649139087
200,1682649139087
201,1682649139088
202,1682649139088
203,1682649139089
204,1682649139089
205,1682649139089
206,1682649139090
207,1682649139090
208,1682649139090
209,1682649139091
210,1682649139091
211,1682649139091
212,1682649139092
213,1682649139092
214,1682649139092
215,1682649139093
216,1682649140209
217,1682649140210
218,1682649140210
219,1682649140210
220,1682649140211
221,1682649140211
222,1682649140211
223,1682649140211
224,1682649140212
225,1682649140212
226,1682649140212
227,1682649140213
228,1682649140213
229,1682649140213
230,1682649140213
231,1682649140214
232,1682649140214
233,1682649140214
234,1682649140214
235,1682649140215
236,1682649140215
237,1682649140215
238,1682649140215
239,1682649140216
240,1682649140216
241,1682649140216
242,1682649140216
243,1682649140217
244,1682649140217
245,1682649140217
246,1682649140218
247,1682649140218
248,1682649140218
249,1682649140219
250,1682649140219
251,1682649140219
252,1682649140220
253,1682649140220
254,1682649140220
255,1682649140221
256,1682649140221
257,1682649140221
258,1682649140221
259,1682649140222
260,1682649140222
261,1682649140222
262,1682649140222
263,1682649140223
264,1682649140223
265,1682649140223
266,1682649140223
267,1682649140224
268,1682649140224
269,1682649140224
270,1682649140225
271,1682649140225
272,1682649140225
273,1682649140225
274,1682649140226
275,1682649140226
276,1682649140226
277,1682649140227
278,1682649140227
279,1682649140227
280,1682649140227
281,1682649140227
282,1682649140228
283,1682649140228
284,1682649140228
285,1682649140229
286,1682649140229
287,1682649140229
288,1682649140230
289,1682649140230
290,1682649140230
291,1682649140230
292,1682649140231
293,1682649140231
294,1682649140231
295,1682649140232
296,1682649140232
297,1682649140232
298,1682649140233
299,1682649140233
300,1682649140233
301,1682649140234
302,1682649140234
303,1682649140234
304,1682649140234
305,1682649140234
306,1682649140235
307,1682649140235
308,1682649140235
309,1682649140235
310,1682649140236
311,1682649140236
312,1682649140236
313,1682649140236
314,1682649140237
315,1682649140237
316,1682649140237
317,1682649140238
318,1682649140238
319,1682649140238
320,1682649140239
321,1682649140239
322,1682649140239
323,1682649140240
324,1682649140240
325,1682649140240
326,1682649140240
327,1682649140241
328,1682649140241
329,1682649140241
330,1682649140242
331,1682649140242
332,1682649140242
333,1682649140243
334,1682649140243
335,1682649140243
336,1682649140244
337,1682649140244
338,1682649140244
339,1682649140244
340,1682649140245
341,1682649140245
342,1682649140245
343,1682649140246
344,1682649140246
345,1682649140246
346,1682649140247
347,1682649140247
348,1682649140247
349,1682649140248
350,1682649140248
351,1682649140249
352,1682649140249
353,1682649140249
354,1682649140249
355,1682649140250
356,1682649140250
357,1682649140250
358,1682649140250
359,1682649140251
360,1682649140251
361,1682649140251
362,1682649140252
363,1682649140252
364,1682649140252
365,1682649140252
366,1682649140253
367,1682649140253
368,1682649140253
369,1682649140253
370,1682649140254
371,1682649140254
372,1682649140254
373,1682649140255
374,1682649140255
375,1682649140255
376,1682649140256
377,1682649140256
378,1682649140256
379,1682649140257
380,1682649140257
381,1682649140257
382,1682649140258
383,1682649140258
384,1682649140258
385,1682649140259
386,1682649140259
387,1682649140259
388,1682649140260
389,1682649140260
390,1682649140260
391,1682649140261
392,1682649140261
393,1682649140261
394,1682649140262
395,1682649140262
396,1682649140262
397,1682649140263
398,1682649140263
399,1682649140263
400,1682649140263
401,1682649140264
402,1682649140264
403,1682649140264
404,1682649140265
405,1682649140265
406,1682649140265
407,1682649140265
408,1682649140266
409,1682649140266
410,1682649140266
411,1682649140266
412,1682649140267
413,1682649140267
414,1682649140267
415,1682649140267
416,1682649140268
417,1682649140268
418,1682649140268
419,1682649140268
420,1682649140269
421,1682649140269
422,1682649140269
423,1682649140269
424,1682649140270
425,1682649140270
426,1682649140270
427,1682649140271
428,1682649140271
429,1682649140271
430,1682649140271
431,1682649140272
432,1682649140272
433,1682649140272
434,1682649140273
435,1682649140273
436,1682649140273
437,1682649140273
438,1682649140274
439,1682649140274
440,1682649140274
441,1682649140274
442,1682649140275
443,1682649140275
444,1682649140275
445,1682649140276
446,1682649140276
447,1682649140276
448,1682649140276
449,1682649140277
450,1682649140277
451,1682649140277
452,1682649140277
453,1682649140278
454,1682649140278
455,1682649140278
456,1682649140278
457,1682649140278
458,1682649140279
459,1682649140279
460,1682649140279
461,1682649140283
462,1682649140283
463,1682649140284
464,1682649140284
465,1682649140284
466,1682649140284
467,1682649140285
468,1682649140285
469,1682649140285
470,1682649140285
471,1682649140285
472,1682649140285
473,1682649140286
474,1682649140286
475,1682649140286
476,1682649140286
477,1682649140286
478,1682649140286
479,1682649140287
480,1682649140287
481,1682649140287
482,1682649140288
483,1682649140288
484,1682649140288
485,1682649140288
486,1682649140288
487,1682649140289
488,1682649140289
489,1682649140289
490,1682649140289
491,1682649140290
492,1682649140290
493,1682649140290
494,1682649140290
495,1682649140290
496,1682649140291
497,1682649140291
498,1682649140291
499,1682649140291
500,1682649140292
501,1682649140292
502,1682649140292
503,1682649140292
504,1682649140292
505,1682649140292
506,1682649140293
507,1682649140293
508,1682649140293
509,1682649140293
510,1682649140293
511,1682649140294
512,1682649140294
513,1682649140294
514,1682649140294
515,1682649140294
516,1682649140295
517,1682649140295
518,1682649140295
519,1682649140295
520,1682649140295
521,1682649140295
522,1682649140296
523,1682649140296
524,1682649140296
525,1682649140296
526,1682649140296
527,1682649140296
528,1682649140297
529,1682649140297
530,1682649140297
531,1682649140297
532,1682649140297
533,1682649140298
534,1682649140298
535,1682649140298
536,1682649140298
537,1682649140298
538,1682649140299
539,1682649140299
540,1682649140299
541,1682649140299
542,1682649140299
543,1682649140300
544,1682649140300
545,1682649140300
546,1682649140300
547,1682649140300
548,1682649140301
549,1682649140301
550,1682649140301
551,1682649140302
552,1682649140302
553,1682649140302
554,1682649140302
555,1682649140302
556,1682649140302
557,1682649140302
558,1682649140302
559,1682649140303
560,1682649140303
561,1682649140303
562,1682649140303
563,1682649140304
564,1682649140304
565,1682649140304
566,1682649140304
567,1682649140305
568,1682649140305
569,1682649140305
570,1682649140305
571,1682649140306
572,1682649140306
573,1682649140306
574,1682649140306
575,1682649140307
576,1682649140307
577,1682649140307
578,1682649140307
579,1682649140308
580,1682649140308
581,1682649140308
582,1682649140308
583,1682649140308
584,1682649140309
585,1682649140309
586,1682649140309
587,1682649140309
588,1682649140310
589,1682649140310
590,1682649140310
591,1682649140310
592,1682649140311
593,1682649140311
594,1682649140311
595,1682649140312
596,1682649140312
597,1682649140312
598,1682649140312
599,1682649140313
600,1682649140313
601,1682649140313
602,1682649140313
603,1682649140314
604,1682649140314
605,1682649140314
606,1682649140314
607,1682649140314
608,1682649140315
609,1682649140315
610,1682649140315
611,1682649140315
612,1682649140316
613,1682649140316
614,1682649140316
615,1682649140316
616,1682649140316
617,1682649140317
618,1682649140317
619,1682649140317
620,1682649140317
621,1682649140318
622,1682649140318
623,1682649140318
624,1682649140318
625,1682649140318
626,1682649140319
627,1682649140319
628,1682649140319
629,1682649140319
630,1682649140319
631,1682649140320
632,1682649140320
633,1682649140320
634,1682649140321
635,1682649140321
636,1682649140321
637,1682649140321
638,1682649140322
639,1682649140322
640,1682649140322
641,1682649140322
642,1682649140323
643,1682649140323
644,1682649140323
645,1682649140323
646,1682649140324
647,1682649140324
648,1682649140324
649,1682649140324
650,1682649140325
651,1682649140325
652,1682649140325
653,1682649140325
654,1682649140326
655,1682649140326
656,1682649140326
657,1682649140326
658,1682649140326
659,1682649140326
660,1682649140327
661,1682649140327
662,1682649140327
663,1682649140327
664,1682649140327
665,1682649140327
666,1682649140328
667,1682649140328
668,1682649140328
669,1682649140328
670,1682649140328
671,1682649140329
672,1682649140329
673,1682649140329
674,1682649140329
675,1682649140329
676,1682649140329
677,1682649140329
678,1682649140330
679,1682649140330
680,1682649140330
681,1682649140330
682,1682649140330
683,1682649140330
684,1682649140331
685,1682649140331
686,1682649140331
687,1682649140331
688,1682649140332
689,1682649140332
690,1682649140332
691,1682649140332
692,1682649140333
693,1682649140333
694,1682649140333
695,1682649140333
696,1682649140334
697,1682649140334
698,1682649140334
699,1682649140334
700,1682649140335
701,1682649140335
702,1682649140335
703,1682649140335
704,1682649140335
705,1682649140335
706,1682649140336
707,1682649140336
708,1682649140336
709,1682649140336
710,1682649140336
711,1682649140337
712,1682649140337
713,1682649140337
714,1682649140337
715,1682649140338
716,1682649140338
717,1682649140338
718,1682649140339
719,1682649140339
720,1682649140339
721,1682649140339
722,1682649140339
723,1682649140340
724,1682649140340
725,1682649140340
726,1682649140340
727,1682649140340
728,1682649140340
729,1682649140341
730,1682649140341
731,1682649140341
732,1682649140341
733,1682649140342
734,1682649140342
735,1682649140342
736,1682649140342
737,1682649140342
738,1682649140343
739,1682649140343
740,1682649140343
741,1682649140343
742,1682649140344
743,1682649140344
744,1682649140344
745,1682649140345
746,1682649140345
747,1682649140345
748,1682649140345
749,1682649140345
750,1682649140346
751,1682649140346
752,1682649140346
753,1682649140346
754,1682649140346
755,1682649140346
756,1682649140347
757,1682649140347
758,1682649140347
759,1682649140347
760,1682649140347
761,1682649140347
762,1682649140348
763,1682649140348
764,1682649140348
765,1682649140348
766,1682649140348
767,1682649140348
768,1682649140348
769,1682649140349
770,1682649140349
771,1682649140349
772,1682649140349
773,1682649140349
774,1682649140349
775,1682649140350
776,1682649140350
777,1682649140350
778,1682649140350
779,1682649140351
780,1682649140351
781,1682649140351
782,1682649140351
783,1682649140351
784,1682649140351
785,1682649140352
786,1682649140352
787,1682649140352
788,1682649140352
789,1682649140353
790,1682649140353
791,1682649140353
792,1682649140354
793,1682649140354
794,1682649140354
795,1682649140355
796,1682649140355
797,1682649140355
798,1682649140355
799,1682649140356
800,1682649140356
801,1682649140356
802,1682649140356
803,1682649140356
804,1682649140357
805,1682649140357
806,1682649140357
807,1682649140357
808,1682649140357
809,1682649140357
810,1682649140358
811,1682649140358
812,1682649140358
813,1682649140358
814,1682649140359
815,1682649140359
816,1682649140359
817,1682649140359
818,1682649140359
819,1682649140360
820,1682649140360
821,1682649140360
822,1682649140360
823,1682649140360
824,1682649140361
825,1682649140361
826,1682649140361
827,1682649140361
828,1682649140361
829,1682649140362
830,1682649140362
831,1682649140362
832,1682649140362
833,1682649140363
834,1682649140363
835,1682649140363
836,1682649140363
837,1682649140364
838,1682649140364
839,1682649140364
840,1682649140364
841,1682649140364
842,1682649140365
843,1682649140365
844,1682649140365
845,1682649140365
846,1682649140365
847,1682649140366
848,1682649140366
849,1682649140366
850,1682649140367
851,1682649140367
852,1682649140367
853,1682649140367
854,1682649140367
855,1682649140367
856,1682649140368
857,1682649140368
858,1682649140368
859,1682649140368
860,1682649140368
861,1682649140369
862,1682649140369
863,1682649140369
864,1682649140369
865,1682649140369
866,1682649140370
867,1682649140370
868,1682649140370
869,1682649140370
870,1682649140371
871,1682649140371
872,1682649140371
873,1682649140371
874,1682649140372
875,1682649140372
876,1682649140372
877,1682649140372
878,1682649140373
879,1682649140373
880,1682649140373
881,1682649140373
882,1682649140374
883,1682649140374
884,1682649140374
885,1682649140374
886,1682649140374
887,1682649140375
888,1682649140375
889,1682649140375
890,1682649140376
891,1682649140376
892,1682649140376
893,1682649140377
894,1682649140377
895,1682649140377
896,1682649140377
897,1682649140378
898,1682649140378
899,1682649140378
900,1682649140379
901,1682649140379
902,1682649140379
903,1682649140379
904,1682649140380
905,1682649140380
906,1682649140380
907,1682649140380
908,1682649140381
909,1682649140381
910,1682649140381
911,1682649140381
912,1682649140381
913,1682649140381
914,1682649140381
915,1682649140382
916,1682649140382
917,1682649140382
918,1682649140382
919,1682649140383
920,1682649140383
921,1682649140383
922,1682649140383
923,1682649140383
924,1682649140384
925,1682649140384
926,1682649140384
927,1682649140384
928,1682649140385
929,1682649140385
930,1682649140385
931,1682649140385
932,1682649140385
933,1682649140386
934,1682649140386
935,1682649140386
936,1682649140386
937,1682649140386
938,1682649140387
939,1682649140387
940,1682649140387
941,1682649140387
942,1682649140388
943,1682649140388
944,1682649140388
945,1682649140388
946,1682649140388
947,1682649140389
948,1682649140389
949,1682649140389
950,1682649140389
951,1682649140390
952,1682649140390
953,1682649140390
954,1682649140390
955,1682649140390
956,1682649140391
957,1682649140391
958,1682649140391
959,1682649140391
960,1682649140391
961,1682649140391
962,1682649140391
963,1682649140392
964,1682649140392
965,1682649140392
966,1682649140392
967,1682649140392
968,1682649140392
969,1682649140393
970,1682649140393
971,1682649140393
972,1682649140393
973,1682649140393
974,1682649140393
975,1682649140394
976,1682649140394
977,1682649140394
978,1682649140394
979,1682649140394
980,1682649140394
981,1682649140394
982,1682649140395
983,1682649140395
984,1682649140395
985,1682649140395
986,1682649140395
987,1682649140395
988,1682649140395
989,1682649140396
990,1682649140396
991,1682649140396
992,1682649140396
993,1682649140396
994,1682649140396
995,1682649140396
996,1682649140397
997,1682649140397
998,1682649140397
999,1682649140397
1000,1682649140397
1001,1682649140397
1002,1682649140397
1003,1682649140398
1004,1682649140398
1005,1682649140398
1006,1682649140398
1007,1682649140398
1008,1682649140398
1009,1682649140398
1010,1682649140398
1011,1682649140398
1012,1682649140399
1013,1682649140399
1014,1682649140399
1015,1682649140399
1016,1682649140399
1017,1682649140399
1018,1682649140399
1019,1682649140399
1020,1682649140399
1021,1682649140400
1022,1682649140400
1023,1682649140400
1024,1682649140400
1025,1682649140400
1026,1682649140400
1027,1682649140400
1028,1682649140400
1029,1682649140401
1030,1682649140401
1031,1682649140401
1032,1682649140401
1033,1682649140401
1034,1682649140401
1035,1682649140402
1036,1682649140402
1037,1682649140402
1038,1682649140402
1039,1682649140403
1040,1682649140403
1041,1682649140403
1042,1682649140403
1043,1682649140404
1044,1682649140404
1045,1682649140404
1046,1682649140404
1047,1682649140404
1048,1682649140404
1049,1682649140404
1050,1682649140405
1051,1682649140405
1052,1682649140405
1053,1682649140405
1054,1682649140405
1055,1682649140405
1056,1682649140405
1057,1682649140405
1058,1682649140406
1059,1682649140406
1060,1682649140406
1061,1682649140406
1062,1682649140406
1063,1682649140406
1064,1682649140406
1065,1682649140406
1066,1682649140407
1067,1682649140407
1068,1682649140407
1069,1682649140407
1070,1682649140407
1071,1682649140408
1072,1682649140408
1073,1682649140408
1074,1682649140408
1075,1682649140408
1076,1682649140408
1077,1682649140409
1078,1682649140409
1079,1682649140409
1080,1682649140409
1081,1682649140409
1082,1682649140409
1083,1682649140409
1084,1682649140410
1085,1682649140410
1086,1682649140410
1087,1682649140410
1088,1682649140410
1089,1682649140410
1090,1682649140410
1091,1682649140411
1092,1682649140411
1093,1682649140411
1094,1682649140411
1095,1682649140411
1096,1682649140411
1097,1682649140412
1098,1682649140412
1099,1682649140412
1100,1682649140412
1101,1682649140412
1102,1682649140412
1103,1682649140413
1104,1682649140413
1105,1682649140413
1106,1682649140413
1107,1682649140413
1108,1682649140413
1109,1682649140413
1110,1682649140414
1111,1682649140414
1112,1682649140414
1113,1682649140414
1114,1682649140414
1115,1682649140414
1116,1682649140414
1117,1682649140414
1118,1682649140415
1119,1682649140415
1120,1682649140415
1121,1682649140415
1122,1682649140415
1123,1682649140415
1124,1682649140415
1125,1682649140415
1126,1682649140416
1127,1682649140416
1128,1682649140416
1129,1682649140416
1130,1682649140416
1131,1682649140416
1132,1682649140416
1133,1682649140417
1134,1682649140417
1135,1682649140417
1136,1682649140417
1137,1682649140417
1138,1682649140417
1139,1682649140417
1140,1682649140417
1141,1682649140418
1142,1682649140418
1143,1682649140418
1144,1682649140418
1145,1682649140418
1146,1682649140419
1147,1682649140419
1148,1682649140419
1149,1682649140419
1150,1682649140419
1151,1682649140420
1152,1682649140420
1153,1682649140420
1154,1682649140420
1155,1682649140420
1156,1682649140421
1157,1682649140421
1158,1682649140421
1159,1682649140421
1160,1682649140421
1161,1682649140421
1162,1682649140421
1163,1682649140421
1164,1682649140421
1165,1682649140422
1166,1682649140422
1167,1682649140425
1168,1682649140425
1169,1682649140426
1170,1682649140426
1171,1682649140426
1172,1682649140426
1173,1682649140426
1174,1682649140426
1175,1682649140427
1176,1682649140427
1177,1682649140427
1178,1682649140427
1179,1682649140427
1180,1682649140427
1181,1682649140428
1182,1682649140428
1183,1682649140428
1184,1682649140428
1185,1682649140428
1186,1682649140429
1187,1682649140429
1188,1682649140429
1189,1682649140429
1190,1682649140429
1191,1682649140430
1192,1682649140430
1193,1682649140430
1194,1682649140430
1195,1682649140431
1196,1682649140431
1197,1682649140431
1198,1682649140431
1199,1682649140432
1200,1682649140432
1201,1682649140432
1202,1682649140432
1203,1682649140432
1204,1682649140432
1205,1682649140433
1206,1682649140433
1207,1682649140433
1208,1682649140433
1209,1682649140433
1210,1682649140433
1211,1682649140433
1212,1682649140433
1213,1682649140433
1214,1682649140434
1215,1682649140434
1216,1682649140434
1217,1682649140434
1218,1682649140434
1219,1682649140434
1220,1682649140434
1221,1682649140434
1222,1682649140435
1223,1682649140435
1224,1682649140435
1225,1682649140435
1226,1682649140435
1227,1682649140435
1228,1682649140436
1229,1682649140436
1230,1682649140436
1231,1682649140436
1232,1682649140437
1233,1682649140437
1234,1682649140437
1235,1682649140437
1236,1682649140437
1237,1682649140437
1238,1682649140437
1239,1682649140437
1240,1682649140438
1241,1682649140438
1242,1682649140438
1243,1682649140438
1244,1682649140438
1245,1682649140438
1246,1682649140439
1247,1682649140439
1248,1682649140439
1249,1682649140439
1250,1682649140439
1251,1682649140440
1252,1682649140440
1253,1682649140440
1254,1682649140440
1255,1682649140440
1256,1682649140440
1257,1682649140441
1258,1682649140441
1259,1682649140441
1260,1682649140441
1261,1682649140441
1262,1682649140442
1263,1682649140442
1264,1682649140442
1265,1682649140442
1266,1682649140442
1267,1682649140442
1268,1682649140443
1269,1682649140443
1270,1682649140443
1271,1682649140443
1272,1682649140443
1273,1682649140443
1274,1682649140444
1275,1682649140444
1276,1682649140444
1277,1682649140444
1278,1682649140444
1279,1682649140444
1280,1682649140445
1281,1682649140445
1282,1682649140445
1283,1682649140445
1284,1682649140445
1285,1682649140445
1286,1682649140446
1287,1682649140446
1288,1682649140446
1289,1682649140446
1290,1682649140446
1291,1682649140446
1292,1682649140446
1293,1682649140446
1294,1682649140447
1295,1682649140447
1296,1682649140447
1297,1682649140447
1298,1682649140447
1299,1682649140447
1300,1682649140448
1301,1682649140448
1302,1682649140448
1303,1682649140448
1304,1682649140448
1305,1682649140448
1306,1682649140448
1307,1682649140448
1308,1682649140448
1309,1682649140449
1310,1682649140449
1311,1682649140449
1312,1682649140449
1313,1682649140449
1314,1682649140449
1315,1682649140449
1316,1682649140449
1317,1682649140449
1318,1682649140450
1319,1682649140450
1320,1682649140450
1321,1682649140450
1322,1682649140450
1323,1682649140450
1324,1682649140450
1325,1682649140450
1326,1682649140450
1327,1682649140451
1328,1682649140451
1329,1682649140451
1330,1682649140451
1331,1682649140451
1332,1682649140451
1333,1682649140452
1334,1682649140452
1335,1682649140452
1336,1682649140452
1337,1682649140452
1338,1682649140453
1339,1682649140453
1340,1682649140453
1341,1682649140453
1342,1682649140453
1343,1682649140454
1344,1682649140454
1345,1682649140454
1346,1682649140454
1347,1682649140454
1348,1682649140454
1349,1682649140454
1350,1682649140455
1351,1682649140455
1352,1682649140455
1353,1682649140455
1354,1682649140455
1355,1682649140455
1356,1682649140455
1357,1682649140455
1358,1682649140455
1359,1682649140456
1360,1682649140456
1361,1682649140456
1362,1682649140456
1363,1682649140456
1364,1682649140456
1365,1682649140456
1366,1682649140456
1367,1682649140457
1368,1682649140457
1369,1682649140457
1370,1682649140457
1371,1682649140457
1372,1682649140457
1373,1682649140457
1374,1682649140457
1375,1682649140458
1376,1682649140458
1377,1682649140458
1378,1682649140458
1379,1682649140458
1380,1682649140458
1381,1682649140458
1382,1682649140459
1383,1682649140459
1384,1682649140459
1385,1682649140459
1386,1682649140459
1387,1682649140459
1388,1682649140459
1389,1682649140460
1390,1682649140460
1391,1682649140460
1392,1682649140460
1393,1682649140460
1394,1682649140460
1395,1682649140460
1396,1682649140460
1397,1682649140461
1398,1682649140461
1399,1682649140461
1400,1682649140461
1401,1682649140461
1402,1682649140461
1403,1682649140461
1404,1682649140462
1405,1682649140462
1406,1682649140462
1407,1682649140462
1408,1682649140462
1409,1682649140462
1410,1682649140462
1411,1682649140463
1412,1682649140463
1413,1682649140463
1414,1682649140463
1415,1682649140463
1416,1682649140463
1417,1682649140464
1418,1682649140464
1419,1682649140464
1420,1682649140464
1421,1682649140464
1422,1682649140464
1423,1682649140464
1424,1682649140464
1425,1682649140465
1426,1682649140465
1427,1682649140465
1428,1682649140465
1429,1682649140465
1430,1682649140465
1431,1682649140465
1432,1682649140465
1433,1682649140466
1434,1682649140466
1435,1682649140466
1436,1682649140466
1437,1682649140466
1438,1682649140466
1439,1682649140466
1440,1682649140467
1441,1682649140467
1442,1682649140467
1443,1682649140467
1444,1682649140467
1445,1682649140467
1446,1682649140467
1447,1682649140468
1448,1682649140468
1449,1682649140468
1450,1682649140468
1451,1682649140468
1452,1682649140468
1453,1682649140469
1454,1682649140469
1455,1682649140469
1456,1682649140469
1457,1682649140469
1458,1682649140469
1459,1682649140470
1460,1682649140470
1461,1682649140470
1462,1682649140470
1463,1682649140470
1464,1682649140470
1465,1682649140470
1466,1682649140471
1467,1682649140471
1468,1682649140471
1469,1682649140471
1470,1682649140471
1471,1682649140471
1472,1682649140471
1473,1682649140471
1474,1682649140471
1475,1682649140472
1476,1682649140472
1477,1682649140472
1478,1682649140472
1479,1682649140472
1480,1682649140472
1481,1682649140472
1482,1682649140472
1483,1682649140473
1484,1682649140473
1485,1682649140473
1486,1682649140473
1487,1682649140473
1488,1682649140473
1489,1682649140473
1490,1682649140473
1491,1682649140473
1492,1682649140474
1493,1682649140474
1494,1682649140474
1495,1682649140474
1496,1682649140474
1497,1682649140474
1498,1682649140474
1499,1682649140474
1500,1682649140475
1501,1682649140475
1502,1682649140475
1503,1682649140475
1504,1682649140475
1505,1682649140475
1506,1682649140475
1507,1682649140475
1508,1682649140475
1509,1682649140476
1510,1682649140476
1511,1682649140476
1512,1682649140476
1513,1682649140476
1514,1682649140476
1515,1682649140476
1516,1682649140476
1517,1682649140476
1518,1682649140476
1519,1682649140477
1520,1682649140477
1521,1682649140477
1522,1682649140477
1523,1682649140477
1524,1682649140477
1525,1682649140477
1526,1682649140477
1527,1682649140477
1528,1682649140478
1529,1682649140478
1530,1682649140478
1531,1682649140478
1532,1682649140478
1533,1682649140478
1534,1682649140478
1535,1682649140478
1536,1682649140478
1537,1682649140478
1538,1682649140479
1539,1682649140479
1540,1682649140479
1541,1682649140479
1542,1682649140479
1543,1682649140479
1544,1682649140479
1545,1682649140479
1546,1682649140479
1547,1682649140480
1548,1682649140480
1549,1682649140480
1550,1682649140480
1551,1682649140480
1552,1682649140480
1553,1682649140480
1554,1682649140480
1555,1682649140480
1556,1682649140480
1557,1682649140481
1558,1682649140481
1559,1682649140481
1560,1682649140481
1561,1682649140481
1562,1682649140481
1563,1682649140481
1564,1682649140481
1565,1682649140481
1566,1682649140481
1567,1682649140481
1568,1682649140482
1569,1682649140482
1570,1682649140482
1571,1682649140482
1572,1682649140482
1573,1682649140482
1574,1682649140482
1575,1682649140482
1576,1682649140482
1577,1682649140482
1578,1682649140483
1579,1682649140483
1580,1682649140483
1581,1682649140483
1582,1682649140483
1583,1682649140483
1584,1682649140483
1585,1682649140483
1586,1682649140483
1587,1682649140483
1588,1682649140484
1589,1682649140484
1590,1682649140484
1591,1682649140484
1592,1682649140484
1593,1682649140484
1594,1682649140484
1595,1682649140484
1596,1682649140484
1597,1682649140485
1598,1682649140485
1599,1682649140485
1600,1682649140485
1601,1682649140485
1602,1682649140485
1603,1682649140485
1604,1682649140485
1605,1682649140485
1606,1682649140485
1607,1682649140486
1608,1682649140486
1609,1682649140486
1610,1682649140486
1611,1682649140486
1612,1682649140486
1613,1682649140486
1614,1682649140486
1615,1682649140486
1616,1682649140486
1617,1682649140487
1618,1682649140487
1619,1682649140487
1620,1682649140487
1621,1682649140487
1622,1682649140487
1623,1682649140487
1624,1682649140487
1625,1682649140487
1626,1682649140487
1627,1682649140487
1628,1682649140487
1629,1682649140488
1630,1682649140488
1631,1682649140488
1632,1682649140488
1633,1682649140488
1634,1682649140488
1635,1682649140488
1636,1682649140488
1637,1682649140488
1638,1682649140488
1639,1682649140489
1640,1682649140489
1641,1682649140489
1642,1682649140489
1643,1682649140489
1644,1682649140489
1645,1682649140489
1646,1682649140489
1647,1682649140489
1648,1682649140490
1649,1682649140490
1650,1682649140490
1651,1682649140490
1652,1682649140490
1653,1682649140490
1654,1682649140490
1655,1682649140490
1656,1682649140490
1657,1682649140490
1658,1682649140490
1659,1682649140490
1660,1682649140491
1661,1682649140491
1662,1682649140491
1663,1682649140491
1664,1682649140491
1665,1682649140491
1666,1682649140491
1667,1682649140491
1668,1682649140492
1669,1682649140492
1670,1682649140492
1671,1682649140492
1672,1682649140492
1673,1682649140492
1674,1682649140492
1675,1682649140492
1676,1682649140493
1677,1682649140493
1678,1682649140493
1679,1682649140493
1680,1682649140493
1681,1682649140493
1682,1682649140493
1683,1682649140493
1684,1682649140493
1685,1682649140493
1686,1682649140494
1687,1682649140494
1688,1682649140494
1689,1682649140494
1690,1682649140494
1691,1682649140494
1692,1682649140494
1693,1682649140494
1694,1682649140494
1695,1682649140494
1696,1682649140495
1697,1682649140495
1698,1682649140495
1699,1682649140495
1700,1682649140495
1701,1682649140495
1702,1682649140495
1703,1682649140495
1704,1682649140495
1705,1682649140495
1706,1682649140495
1707,1682649140495
1708,1682649140496
1709,1682649140496
1710,1682649140496
1711,1682649140496
1712,1682649140496
1713,1682649140496
1714,1682649140496
1715,1682649140496
1716,1682649140496
1717,1682649140496
1718,1682649140496
1719,1682649140496
1720,1682649140497
1721,1682649140497
1722,1682649140497
1723,1682649140497
1724,1682649140497
1725,1682649140497
1726,1682649140497
1727,1682649140497
1728,1682649140497
1729,1682649140497
1730,1682649140497
1731,1682649140498
1732,1682649140498
1733,1682649140498
1734,1682649140498
1735,1682649140498
1736,1682649140498
1737,1682649140498
1738,1682649140498
1739,1682649140498
1740,1682649140498
1741,1682649140498
1742,1682649140499
1743,1682649140499
1744,1682649140499
1745,1682649140499
1746,1682649140499
1747,1682649140499
1748,1682649140499
1749,1682649140499
1750,1682649140499
1751,1682649140499
1752,1682649140500
1753,1682649140500
1754,1682649140500
1755,1682649140500
1756,1682649140500
1757,1682649140500
1758,1682649140500
1759,1682649140500
1760,1682649140500
1761,1682649140500
1762,1682649140500
1763,1682649140500
1764,1682649140500
1765,1682649140501
1766,1682649140501
1767,1682649140501
1768,1682649140501
1769,1682649140501
1770,1682649140501
1771,1682649140501
1772,1682649140501
1773,1682649140501
1774,1682649140501
1775,1682649140501
1776,1682649140501
1777,1682649140502
1778,1682649140502
1779,1682649140502
1780,1682649140502
1781,1682649140502
1782,1682649140502
1783,1682649140502
1784,1682649140502
1785,1682649140502
1786,1682649140502
1787,1682649140503
1788,1682649140503
1789,1682649140503
1790,1682649140503
1791,1682649140503
1792,1682649140503
1793,1682649140503
1794,1682649140503
1795,1682649140503
1796,1682649140504
1797,1682649140504
1798,1682649140504
1799,1682649140504
1800,1682649140504
1801,1682649140504
1802,1682649140504
1803,1682649140504
1804,1682649140505
1805,1682649140505
1806,1682649140505
1807,1682649140505
1808,1682649140505
1809,1682649140505
1810,1682649140505
1811,1682649140505
1812,1682649140505
1813,1682649140505
1814,1682649140505
1815,1682649140505
1816,1682649140505
1817,1682649140506
1818,1682649140506
1819,1682649140506
1820,1682649140506
1821,1682649140506
1822,1682649140506
1823,1682649140506
1824,1682649140506
1825,1682649140506
1826,1682649140506
1827,1682649140506
1828,1682649140506
1829,1682649140506
1830,1682649140507
1831,1682649140507
1832,1682649140507
1833,1682649140507
1834,1682649140507
1835,1682649140507
1836,1682649140507
1837,1682649140507
1838,1682649140508
1839,1682649140508
1840,1682649140508
1841,1682649140508
1842,1682649140508
1843,1682649140508
1844,1682649140508
1845,1682649140508
1846,1682649140508
1847,1682649140508
1848,1682649140508
1849,1682649140509
1850,1682649140509
1851,1682649140509
1852,1682649140509
1853,1682649140509
1854,1682649140509
1855,1682649140509
1856,1682649140509
1857,1682649140509
1858,1682649140509
1859,1682649140509
1860,1682649140509
1861,1682649140510
1862,1682649140510
1863,1682649140510
1864,1682649140510
1865,1682649140510
1866,1682649140510
1867,1682649140510
1868,1682649140510
1869,1682649140510
1870,1682649140510
1871,1682649140510
1872,1682649140510
1873,1682649140510
1874,1682649140511
1875,1682649140511
1876,1682649140511
1877,1682649140511
1878,1682649140511
1879,1682649140511
1880,1682649140511
1881,1682649140511
1882,1682649140511
1883,1682649140511
1884,1682649140511
1885,1682649140511
1886,1682649140512
1887,1682649140512
1888,1682649140512
1889,1682649140512
1890,1682649140512
1891,1682649140512
1892,1682649140512
1893,1682649140512
1894,1682649140512
1895,1682649140512
1896,1682649140512
1897,1682649140513
1898,1682649140513
1899,1682649140513
1900,1682649140513
1901,1682649140513
1902,1682649140513
1903,1682649140513
1904,1682649140513
1905,1682649140513
1906,1682649140513
1907,1682649140513
1908,1682649140513
1909,1682649140514
1910,1682649140514
1911,1682649140514
1912,1682649140514
1913,1682649140514
1914,1682649140514
1915,1682649140514
1916,1682649140514
1917,1682649140514
1918,1682649140514
1919,1682649140514
1920,1682649140514
1921,1682649140514
1922,1682649140515
1923,1682649140515
1924,1682649140515
1925,1682649140515
1926,1682649140515
1927,1682649140515
1928,1682649140515
1929,1682649140515
1930,1682649140515
1931,1682649140515
1932,1682649140515
1933,1682649140515
1934,1682649140516
1935,1682649140516
1936,1682649140516
1937,1682649140516
1938,1682649140516
1939,1682649140516
1940,1682649140516
1941,1682649140516
1942,1682649140516
1943,1682649140516
1944,1682649140516
1945,1682649140516
1946,1682649140517
1947,1682649140517
1948,1682649140517
1949,1682649140517
1950,1682649140517
1951,1682649140517
1952,1682649140517
1953,1682649140517
1954,1682649140517
1955,1682649140517
1956,1682649140517
1957,1682649140517
1958,1682649140518
1959,1682649140518
1960,1682649140518
1961,1682649140518
1962,1682649140518
1963,1682649140518
1964,1682649140518
1965,1682649140518
1966,1682649140518
1967,1682649140518
1968,1682649140518
1969,1682649140518
1970,1682649140519
1971,1682649140519
1972,1682649140519
1973,1682649140519
1974,1682649140519
1975,1682649140519
1976,1682649140519
1977,1682649140519
1978,1682649140519
1979,1682649140519
1980,1682649140519
1981,1682649140520
1982,1682649140520
1983,1682649140520
1984,1682649140520
1985,1682649140520
1986,1682649140520
1987,1682649140520
1988,1682649140520
1989,1682649140520
1990,1682649140520
1991,1682649140520
1992,1682649140521
1993,1682649140521
1994,1682649140521
1995,1682649140521
1996,1682649140521
1997,1682649140521
1998,1682649140521
1999,1682649140521
2000,1682649140521
2001,1682649140521
2002,1682649140521
2003,1682649140521
2004,1682649140522
2005,1682649140522
2006,1682649140522
2007,1682649140522
2008,1682649140522
2009,1682649140522
2010,1682649140522
2011,1682649140522
2012,1682649140522
2013,1682649140522
2014,1682649140522
2015,1682649140522
2016,1682649140523
2017,1682649140523
2018,1682649140523
2019,1682649140523
2020,1682649140523
2021,1682649140523
2022,1682649140524
2023,1682649140524
2024,1682649140524
2025,1682649140524
2026,1682649140524
2027,1682649140524
2028,1682649140524
2029,1682649140524
2030,1682649140524
2031,1682649140525
2032,1682649140525
2033,1682649140525
2034,1682649140525
2035,1682649140525
2036,1682649140525
2037,1682649140525
2038,1682649140525
2039,1682649140525
2040,1682649140525
2041,1682649140526
2042,1682649140526
2043,1682649140526
2044,1682649140526
2045,1682649140526
2046,1682649140526
2047,1682649140526
2048,1682649140526
