1,1682649067052
2,1682649067056
3,1682649067057
4,1682649067059
5,1682649067060
6,1682649067061
7,1682649067063
8,1682649067064
9,1682649067065
10,1682649067067
11,1682649067068
12,1682649067073
13,1682649067075
14,1682649067227
15,1682649067228
16,1682649067229
17,1682649067230
18,1682649067230
19,1682649067231
20,1682649067232
21,1682649067233
22,1682649067233
23,1682649067234
24,1682649067375
25,1682649067376
26,1682649067377
27,1682649067377
28,1682649067378
29,1682649067379
30,1682649067380
31,1682649067381
32,1682649067381
33,1682649067382
34,1682649067383
35,1682649067384
36,1682649067397
37,1682649067399
38,1682649067399
39,1682649067400
40,1682649067466
41,1682649067466
42,1682649067467
43,1682649067467
44,1682649067467
45,1682649067468
46,1682649067468
47,1682649067469
48,1682649067469
49,1682649067470
50,1682649067470
51,1682649067471
52,1682649067471
53,1682649067472
54,1682649067472
55,1682649067473
56,1682649067473
57,1682649067473
58,1682649067474
59,1682649067474
60,1682649067475
61,1682649067475
62,1682649067476
63,1682649067645
64,1682649067646
65,1682649067646
66,1682649067647
67,1682649067647
68,1682649067647
69,1682649067648
70,1682649067648
71,1682649067648
72,1682649067649
73,1682649067649
74,1682649067649
75,1682649067650
76,1682649067650
77,1682649067650
78,1682649067651
79,1682649067651
80,1682649067651
81,1682649067652
82,1682649067652
83,1682649067652
84,1682649067653
85,1682649067653
86,1682649067653
87,1682649067654
88,1682649067655
89,1682649067655
90,1682649067656
91,1682649067657
92,1682649067657
93,1682649067657
94,1682649067658
95,1682649067658
96,1682649067658
97,1682649067659
98,1682649067659
99,1682649067660
100,1682649067660
101,1682649067660
102,1682649067661
103,1682649067661
104,1682649067661
105,1682649067662
106,1682649067662
107,1682649067662
108,1682649067663
109,1682649067663
110,1682649067663
111,1682649067664
112,1682649067664
113,1682649067665
114,1682649067665
115,1682649067665
116,1682649067666
117,1682649067666
118,1682649067666
119,1682649067667
120,1682649067667
121,1682649067668
122,1682649067668
123,1682649067668
124,1682649067761
125,1682649067762
126,1682649067762
127,1682649067762
128,1682649067763
129,1682649067763
130,1682649067764
131,1682649067764
132,1682649067765
133,1682649067766
134,1682649067766
135,1682649067767
136,1682649067767
137,1682649067768
138,1682649067768
139,1682649067768
140,1682649067854
141,1682649067854
142,1682649067855
143,1682649067855
144,1682649067856
145,1682649067856
146,1682649067857
147,1682649067858
148,1682649067858
149,1682649067859
150,1682649067859
151,1682649067859
152,1682649067860
153,1682649067860
154,1682649067860
155,1682649067861
156,1682649067861
157,1682649067861
158,1682649067861
159,1682649067862
160,1682649067862
161,1682649067862
162,1682649067862
163,1682649067863
164,1682649067863
165,1682649067864
166,1682649067864
167,1682649067864
168,1682649067865
169,1682649067865
170,1682649067866
171,1682649067866
172,1682649067866
173,1682649067867
174,1682649067868
175,1682649067868
176,1682649067869
177,1682649067996
178,1682649067997
179,1682649067997
180,1682649067998
181,1682649067998
182,1682649067998
183,1682649067999
184,1682649067999
185,1682649068000
186,1682649068001
187,1682649068002
188,1682649068004
189,1682649068006
190,1682649068006
191,1682649068007
192,1682649068007
193,1682649068008
194,1682649068009
195,1682649068009
196,1682649068010
197,1682649068011
198,1682649068012
199,1682649068012
200,1682649068013
201,1682649068014
202,1682649068014
203,1682649068014
204,1682649068015
205,1682649068016
206,1682649068017
207,1682649068018
208,1682649068018
209,1682649068019
210,1682649068020
211,1682649068020
212,1682649068021
213,1682649068023
214,1682649068024
215,1682649068024
216,1682649068025
217,1682649068025
218,1682649068026
219,1682649068026
220,1682649068026
221,1682649068027
222,1682649068027
223,1682649068029
224,1682649068030
225,1682649068031
226,1682649068031
227,1682649068033
228,1682649068034
229,1682649068034
230,1682649068035
231,1682649068040
232,1682649068043
233,1682649068045
234,1682649068165
235,1682649068166
236,1682649068167
237,1682649068167
238,1682649068168
239,1682649068169
240,1682649068169
241,1682649068172
242,1682649068174
243,1682649068175
244,1682649068176
245,1682649068177
246,1682649068177
247,1682649068178
248,1682649068178
249,1682649068179
250,1682649068180
251,1682649068181
252,1682649068182
253,1682649068183
254,1682649068184
255,1682649068184
256,1682649068185
257,1682649068185
258,1682649068189
259,1682649068190
260,1682649068190
261,1682649068193
262,1682649068194
263,1682649068195
264,1682649068196
265,1682649068198
266,1682649068201
267,1682649068333
268,1682649068333
269,1682649068334
270,1682649068334
271,1682649068334
272,1682649068335
273,1682649068335
274,1682649068336
275,1682649068336
276,1682649068337
277,1682649068337
278,1682649068340
279,1682649068341
280,1682649068341
281,1682649068342
282,1682649068342
283,1682649068343
284,1682649068343
285,1682649068343
286,1682649068344
287,1682649068344
288,1682649068344
289,1682649068345
290,1682649068345
291,1682649068345
292,1682649068346
293,1682649068346
294,1682649068347
295,1682649068347
296,1682649068348
297,1682649068348
298,1682649068348
299,1682649068349
300,1682649068349
301,1682649068349
302,1682649068350
303,1682649068350
304,1682649068351
305,1682649068351
306,1682649068351
307,1682649068352
308,1682649068355
309,1682649068356
310,1682649068356
311,1682649068356
312,1682649068357
313,1682649068357
314,1682649068357
315,1682649068358
316,1682649068358
317,1682649068358
318,1682649068359
319,1682649068437
320,1682649068437
321,1682649068437
322,1682649068439
323,1682649068439
324,1682649068439
325,1682649068440
326,1682649068440
327,1682649068440
328,1682649068441
329,1682649068441
330,1682649068441
331,1682649068441
332,1682649068442
333,1682649068442
334,1682649068442
335,1682649068442
336,1682649068443
337,1682649068443
338,1682649068443
339,1682649068444
340,1682649068444
341,1682649068444
342,1682649068444
343,1682649068445
344,1682649068445
345,1682649068445
346,1682649068445
347,1682649068446
348,1682649068558
349,1682649068558
350,1682649068559
351,1682649068559
352,1682649068559
353,1682649068559
354,1682649068560
355,1682649068560
356,1682649068560
357,1682649068560
358,1682649068560
359,1682649068561
360,1682649068561
361,1682649068561
362,1682649068561
363,1682649068562
364,1682649068562
365,1682649068562
366,1682649068562
367,1682649068563
368,1682649068563
369,1682649068563
370,1682649068563
371,1682649068564
372,1682649068564
373,1682649068564
374,1682649068565
375,1682649068565
376,1682649068565
377,1682649068566
378,1682649068566
379,1682649068566
380,1682649068567
381,1682649068567
382,1682649068567
383,1682649068568
384,1682649068568
385,1682649068568
386,1682649068569
387,1682649068570
388,1682649068572
389,1682649068572
390,1682649068573
391,1682649068573
392,1682649068574
393,1682649068574
394,1682649068575
395,1682649068576
396,1682649068576
397,1682649068577
398,1682649068577
399,1682649068577
400,1682649068706
401,1682649068706
402,1682649068706
403,1682649068706
404,1682649068707
405,1682649068707
406,1682649068707
407,1682649068707
408,1682649068707
409,1682649068708
410,1682649068708
411,1682649068708
412,1682649068708
413,1682649068708
414,1682649068709
415,1682649068709
416,1682649068709
417,1682649068709
418,1682649068709
419,1682649068709
420,1682649068710
421,1682649068710
422,1682649068710
423,1682649068710
424,1682649068710
425,1682649068710
426,1682649068711
427,1682649068711
428,1682649068711
429,1682649068711
430,1682649068711
431,1682649068712
432,1682649068712
433,1682649068712
434,1682649068712
435,1682649068712
436,1682649068712
437,1682649068713
438,1682649068713
439,1682649068713
440,1682649068713
441,1682649068713
442,1682649068714
443,1682649068714
444,1682649068714
445,1682649068714
446,1682649068714
447,1682649068714
448,1682649068957
449,1682649068958
450,1682649068958
451,1682649068959
452,1682649068959
453,1682649068959
454,1682649068959
455,1682649068960
456,1682649068960
457,1682649068960
458,1682649068960
459,1682649068961
460,1682649068961
461,1682649068961
462,1682649068961
463,1682649068961
464,1682649068962
465,1682649068962
466,1682649068962
467,1682649068962
468,1682649068963
469,1682649068963
470,1682649068963
471,1682649068963
472,1682649068963
473,1682649068964
474,1682649068964
475,1682649068964
476,1682649068965
477,1682649068965
478,1682649068966
479,1682649068966
480,1682649068966
481,1682649068967
482,1682649068967
483,1682649068967
484,1682649068968
485,1682649068968
486,1682649068969
487,1682649068971
488,1682649068973
489,1682649068973
490,1682649068974
491,1682649068974
492,1682649068975
493,1682649068976
494,1682649068976
495,1682649068977
496,1682649068977
497,1682649068977
498,1682649068978
499,1682649068978
500,1682649068978
501,1682649068978
502,1682649068979
503,1682649068979
504,1682649068979
505,1682649068979
506,1682649068979
507,1682649068980
508,1682649068980
509,1682649068980
510,1682649068981
511,1682649068981
512,1682649068981
513,1682649068982
514,1682649068982
515,1682649068982
516,1682649068983
517,1682649068983
518,1682649068984
519,1682649068985
520,1682649068989
521,1682649068991
522,1682649068992
523,1682649068993
524,1682649068994
525,1682649068995
526,1682649068995
527,1682649068995
528,1682649068996
529,1682649068996
530,1682649068996
531,1682649068996
532,1682649068997
533,1682649068997
534,1682649068997
535,1682649068998
536,1682649068998
537,1682649068998
538,1682649068998
539,1682649068999
540,1682649068999
541,1682649068999
542,1682649069000
543,1682649069000
544,1682649069001
545,1682649069001
546,1682649069001
547,1682649069002
548,1682649069002
549,1682649069002
550,1682649069003
551,1682649069004
552,1682649069004
553,1682649069004
554,1682649069109
555,1682649069110
556,1682649069110
557,1682649069111
558,1682649069111
559,1682649069111
560,1682649069111
561,1682649069112
562,1682649069112
563,1682649069112
564,1682649069112
565,1682649069112
566,1682649069113
567,1682649069113
568,1682649069113
569,1682649069113
570,1682649069114
571,1682649069114
572,1682649069114
573,1682649069114
574,1682649069114
575,1682649069115
576,1682649069115
577,1682649069115
578,1682649069115
579,1682649069116
580,1682649069116
581,1682649069116
582,1682649069116
583,1682649069117
584,1682649069117
585,1682649069117
586,1682649069118
587,1682649069118
588,1682649069118
589,1682649069123
590,1682649069124
591,1682649069124
592,1682649069124
593,1682649069125
594,1682649069126
595,1682649069127
596,1682649069127
597,1682649069127
598,1682649069128
599,1682649069128
600,1682649069129
601,1682649069129
602,1682649069130
603,1682649069130
604,1682649069131
605,1682649069131
606,1682649069131
607,1682649069132
608,1682649069132
609,1682649069214
610,1682649069214
611,1682649069215
612,1682649069215
613,1682649069215
614,1682649069215
615,1682649069215
616,1682649069215
617,1682649069215
618,1682649069215
619,1682649069216
620,1682649069216
621,1682649069216
622,1682649069216
623,1682649069216
624,1682649069216
625,1682649069216
626,1682649069217
627,1682649069217
628,1682649069217
629,1682649069217
630,1682649069218
631,1682649069218
632,1682649069218
633,1682649069218
634,1682649069219
635,1682649069219
636,1682649069219
637,1682649069220
638,1682649069220
639,1682649069220
640,1682649069221
641,1682649069221
642,1682649069222
643,1682649069222
644,1682649069222
645,1682649069223
646,1682649069223
647,1682649069224
648,1682649069224
649,1682649069224
650,1682649069225
651,1682649069225
652,1682649069225
653,1682649069225
654,1682649069226
655,1682649069226
656,1682649069226
657,1682649069226
658,1682649069226
659,1682649069227
660,1682649069227
661,1682649069227
662,1682649069227
663,1682649069227
664,1682649069227
665,1682649069227
666,1682649069228
667,1682649069228
668,1682649069228
669,1682649069228
670,1682649069492
671,1682649069492
672,1682649069493
673,1682649069493
674,1682649069493
675,1682649069493
676,1682649069494
677,1682649069494
678,1682649069494
679,1682649069494
680,1682649069495
681,1682649069495
682,1682649069495
683,1682649069496
684,1682649069496
685,1682649069496
686,1682649069496
687,1682649069497
688,1682649069497
689,1682649069497
690,1682649069498
691,1682649069498
692,1682649069498
693,1682649069498
694,1682649069498
695,1682649069499
696,1682649069499
697,1682649069500
698,1682649069500
699,1682649069500
700,1682649069500
701,1682649069501
702,1682649069501
703,1682649069501
704,1682649069501
705,1682649069502
706,1682649069502
707,1682649069504
708,1682649069504
709,1682649069504
710,1682649069505
711,1682649069505
712,1682649069505
713,1682649069505
714,1682649069506
715,1682649069506
716,1682649069506
717,1682649069506
718,1682649069507
719,1682649069507
720,1682649069507
721,1682649069508
722,1682649069508
723,1682649069508
724,1682649069508
725,1682649069508
726,1682649069508
727,1682649069509
728,1682649069509
729,1682649069509
730,1682649069509
731,1682649069509
732,1682649069510
733,1682649069510
734,1682649069510
735,1682649069510
736,1682649069511
737,1682649069511
738,1682649069511
739,1682649069511
740,1682649069512
741,1682649069512
742,1682649069512
743,1682649069513
744,1682649069513
745,1682649069513
746,1682649069513
747,1682649069514
748,1682649069514
749,1682649069514
750,1682649069514
751,1682649069515
752,1682649069515
753,1682649069515
754,1682649069515
755,1682649069515
756,1682649069516
757,1682649069516
758,1682649069516
759,1682649069730
760,1682649069730
761,1682649069731
762,1682649069731
763,1682649069731
764,1682649069731
765,1682649069731
766,1682649069732
767,1682649069732
768,1682649069732
769,1682649069732
770,1682649069733
771,1682649069733
772,1682649069733
773,1682649069733
774,1682649069733
775,1682649069734
776,1682649069734
777,1682649069734
778,1682649069734
779,1682649069735
780,1682649069735
781,1682649069735
782,1682649069736
783,1682649069736
784,1682649069736
785,1682649069736
786,1682649069736
787,1682649069737
788,1682649069737
789,1682649069737
790,1682649069738
791,1682649069738
792,1682649069738
793,1682649069738
794,1682649069739
795,1682649069739
796,1682649069739
797,1682649069739
798,1682649069740
799,1682649069740
800,1682649069740
801,1682649069740
802,1682649069740
803,1682649069741
804,1682649069741
805,1682649069741
806,1682649069741
807,1682649069741
808,1682649069742
809,1682649069742
810,1682649069742
811,1682649069742
812,1682649069742
813,1682649069743
814,1682649069743
815,1682649069743
816,1682649069743
817,1682649069743
818,1682649069744
819,1682649069744
820,1682649069744
821,1682649069744
822,1682649069744
823,1682649069744
824,1682649069745
825,1682649069745
826,1682649069745
827,1682649069745
828,1682649069746
829,1682649069746
830,1682649069746
831,1682649069746
832,1682649069747
833,1682649069747
834,1682649069747
835,1682649069747
836,1682649069747
837,1682649069747
838,1682649069748
839,1682649069748
840,1682649069748
841,1682649069748
842,1682649069748
843,1682649069749
844,1682649069749
845,1682649069749
846,1682649069749
847,1682649069838
848,1682649069838
849,1682649069838
850,1682649069839
851,1682649069839
852,1682649069839
853,1682649069839
854,1682649069839
855,1682649069839
856,1682649069839
857,1682649069840
858,1682649069840
859,1682649069840
860,1682649069840
861,1682649069840
862,1682649069840
863,1682649069840
864,1682649069840
865,1682649069840
866,1682649069841
867,1682649069841
868,1682649069841
869,1682649069841
870,1682649069841
871,1682649069841
872,1682649069841
873,1682649069841
874,1682649069842
875,1682649069842
876,1682649069842
877,1682649069842
878,1682649069842
879,1682649069842
880,1682649069842
881,1682649069842
882,1682649069843
883,1682649069843
884,1682649069843
885,1682649069843
886,1682649069843
887,1682649069843
888,1682649069843
889,1682649069844
890,1682649069844
891,1682649069844
892,1682649069844
893,1682649069844
894,1682649069844
895,1682649069844
896,1682649069845
897,1682649069845
898,1682649069845
899,1682649069845
900,1682649069845
901,1682649069845
902,1682649069845
903,1682649069846
904,1682649069846
905,1682649069846
906,1682649069846
907,1682649069846
908,1682649069846
909,1682649069846
910,1682649069846
911,1682649069846
912,1682649069846
913,1682649069847
914,1682649069847
915,1682649069847
916,1682649069847
917,1682649069847
918,1682649069847
919,1682649070019
920,1682649070019
921,1682649070020
922,1682649070020
923,1682649070020
924,1682649070021
925,1682649070021
926,1682649070022
927,1682649070022
928,1682649070022
929,1682649070022
930,1682649070022
931,1682649070023
932,1682649070023
933,1682649070023
934,1682649070023
935,1682649070024
936,1682649070024
937,1682649070024
938,1682649070024
939,1682649070024
940,1682649070025
941,1682649070025
942,1682649070025
943,1682649070025
944,1682649070026
945,1682649070026
946,1682649070026
947,1682649070026
948,1682649070026
949,1682649070027
950,1682649070027
951,1682649070027
952,1682649070027
953,1682649070027
954,1682649070028
955,1682649070028
956,1682649070028
957,1682649070028
958,1682649070028
959,1682649070029
960,1682649070029
961,1682649070029
962,1682649070029
963,1682649070029
964,1682649070030
965,1682649070030
966,1682649070030
967,1682649070030
968,1682649070030
969,1682649070030
970,1682649070031
971,1682649070031
972,1682649070031
973,1682649070031
974,1682649070031
975,1682649070032
976,1682649070032
977,1682649070032
978,1682649070032
979,1682649070032
980,1682649070033
981,1682649070033
982,1682649070033
983,1682649070033
984,1682649070033
985,1682649070034
986,1682649070034
987,1682649070034
988,1682649070034
989,1682649070035
990,1682649070035
991,1682649070035
992,1682649070035
993,1682649070035
994,1682649070036
995,1682649070036
996,1682649070036
997,1682649070036
998,1682649070037
999,1682649070037
1000,1682649070038
1001,1682649070038
1002,1682649070039
1003,1682649070039
1004,1682649070039
1005,1682649070039
1006,1682649070039
1007,1682649070040
1008,1682649070040
1009,1682649070040
1010,1682649070040
1011,1682649070040
1012,1682649070040
1013,1682649070040
1014,1682649070041
1015,1682649070041
1016,1682649070041
1017,1682649070041
1018,1682649070041
1019,1682649070041
1020,1682649070042
1021,1682649070042
1022,1682649070253
1023,1682649070254
1024,1682649070254
1025,1682649070254
1026,1682649070254
1027,1682649070254
1028,1682649070255
1029,1682649070255
1030,1682649070255
1031,1682649070255
1032,1682649070255
1033,1682649070255
1034,1682649070256
1035,1682649070256
1036,1682649070256
1037,1682649070256
1038,1682649070256
1039,1682649070257
1040,1682649070257
1041,1682649070257
1042,1682649070257
1043,1682649070257
1044,1682649070257
1045,1682649070258
1046,1682649070258
1047,1682649070258
1048,1682649070258
1049,1682649070259
1050,1682649070259
1051,1682649070259
1052,1682649070259
1053,1682649070259
1054,1682649070259
1055,1682649070260
1056,1682649070260
1057,1682649070260
1058,1682649070260
1059,1682649070260
1060,1682649070260
1061,1682649070260
1062,1682649070261
1063,1682649070261
1064,1682649070261
1065,1682649070261
1066,1682649070261
1067,1682649070261
1068,1682649070261
1069,1682649070261
1070,1682649070261
1071,1682649070262
1072,1682649070262
1073,1682649070262
1074,1682649070262
1075,1682649070262
1076,1682649070262
1077,1682649070262
1078,1682649070262
1079,1682649070263
1080,1682649070263
1081,1682649070263
1082,1682649070263
1083,1682649070263
1084,1682649070263
1085,1682649070263
1086,1682649070264
1087,1682649070264
1088,1682649070264
1089,1682649070264
1090,1682649070264
1091,1682649070264
1092,1682649070264
1093,1682649070264
1094,1682649070265
1095,1682649070265
1096,1682649070265
1097,1682649070265
1098,1682649070265
1099,1682649070265
1100,1682649070265
1101,1682649070269
1102,1682649070269
1103,1682649070270
1104,1682649070270
1105,1682649070270
1106,1682649070271
1107,1682649070271
1108,1682649070271
1109,1682649070272
1110,1682649070272
1111,1682649070272
1112,1682649070272
1113,1682649070273
1114,1682649070273
1115,1682649070273
1116,1682649070274
1117,1682649070274
1118,1682649070274
1119,1682649070274
1120,1682649070275
1121,1682649070275
1122,1682649070275
1123,1682649070276
1124,1682649070276
1125,1682649070276
1126,1682649070276
1127,1682649070277
1128,1682649070277
1129,1682649070277
1130,1682649070278
1131,1682649070278
1132,1682649070278
1133,1682649070279
1134,1682649070279
1135,1682649070279
1136,1682649070279
1137,1682649070280
1138,1682649070280
1139,1682649070280
1140,1682649070281
1141,1682649070281
1142,1682649070281
1143,1682649070282
1144,1682649070282
1145,1682649070282
1146,1682649070282
1147,1682649070283
1148,1682649070283
1149,1682649070283
1150,1682649070284
1151,1682649070284
1152,1682649070284
1153,1682649070285
1154,1682649070285
1155,1682649070285
1156,1682649070285
1157,1682649070286
1158,1682649070286
1159,1682649070286
1160,1682649070287
1161,1682649070287
1162,1682649070287
1163,1682649070288
1164,1682649070288
1165,1682649070288
1166,1682649070288
1167,1682649070289
1168,1682649070289
1169,1682649070289
1170,1682649070290
1171,1682649070290
1172,1682649070290
1173,1682649070291
1174,1682649070291
1175,1682649070291
1176,1682649070291
1177,1682649070292
1178,1682649070292
1179,1682649070292
1180,1682649070293
1181,1682649070293
1182,1682649070293
1183,1682649070293
1184,1682649070442
1185,1682649070442
1186,1682649070442
1187,1682649070442
1188,1682649070442
1189,1682649070443
1190,1682649070443
1191,1682649070443
1192,1682649070443
1193,1682649070443
1194,1682649070443
1195,1682649070443
1196,1682649070444
1197,1682649070444
1198,1682649070444
1199,1682649070444
1200,1682649070444
1201,1682649070444
1202,1682649070444
1203,1682649070444
1204,1682649070445
1205,1682649070445
1206,1682649070445
1207,1682649070445
1208,1682649070445
1209,1682649070445
1210,1682649070445
1211,1682649070445
1212,1682649070446
1213,1682649070446
1214,1682649070446
1215,1682649070446
1216,1682649070446
1217,1682649070446
1218,1682649070446
1219,1682649070446
1220,1682649070446
1221,1682649070447
1222,1682649070447
1223,1682649070447
1224,1682649070447
1225,1682649070447
1226,1682649070447
1227,1682649070448
1228,1682649070448
1229,1682649070448
1230,1682649070448
1231,1682649070448
1232,1682649070448
1233,1682649070448
1234,1682649070449
1235,1682649070449
1236,1682649070449
1237,1682649070449
1238,1682649070449
1239,1682649070449
1240,1682649070449
1241,1682649070450
1242,1682649070450
1243,1682649070450
1244,1682649070450
1245,1682649070450
1246,1682649070451
1247,1682649070451
1248,1682649070451
1249,1682649070451
1250,1682649070451
1251,1682649070452
1252,1682649070452
1253,1682649070452
1254,1682649070452
1255,1682649070452
1256,1682649070453
1257,1682649070453
1258,1682649070453
1259,1682649070453
1260,1682649070453
1261,1682649070453
1262,1682649070454
1263,1682649070454
1264,1682649070454
1265,1682649070454
1266,1682649070454
1267,1682649070454
1268,1682649070455
1269,1682649070455
1270,1682649070455
1271,1682649070455
1272,1682649070455
1273,1682649070455
1274,1682649070455
1275,1682649070456
1276,1682649070456
1277,1682649070620
1278,1682649070620
1279,1682649070621
1280,1682649070621
1281,1682649070621
1282,1682649070621
1283,1682649070621
1284,1682649070621
1285,1682649070622
1286,1682649070622
1287,1682649070622
1288,1682649070622
1289,1682649070622
1290,1682649070622
1291,1682649070623
1292,1682649070623
1293,1682649070623
1294,1682649070623
1295,1682649070623
1296,1682649070623
1297,1682649070624
1298,1682649070624
1299,1682649070624
1300,1682649070624
1301,1682649070624
1302,1682649070624
1303,1682649070625
1304,1682649070625
1305,1682649070625
1306,1682649070625
1307,1682649070625
1308,1682649070625
1309,1682649070625
1310,1682649070625
1311,1682649070625
1312,1682649070625
1313,1682649070626
1314,1682649070626
1315,1682649070626
1316,1682649070626
1317,1682649070626
1318,1682649070626
1319,1682649070626
1320,1682649070626
1321,1682649070626
1322,1682649070627
1323,1682649070627
1324,1682649070627
1325,1682649070627
1326,1682649070627
1327,1682649070627
1328,1682649070627
1329,1682649070627
1330,1682649070627
1331,1682649070628
1332,1682649070628
1333,1682649070628
1334,1682649070628
1335,1682649070628
1336,1682649070628
1337,1682649070628
1338,1682649070628
1339,1682649070629
1340,1682649070629
1341,1682649070629
1342,1682649070629
1343,1682649070629
1344,1682649070629
1345,1682649070629
1346,1682649070630
1347,1682649070630
1348,1682649070630
1349,1682649070630
1350,1682649070630
1351,1682649070630
1352,1682649070630
1353,1682649070630
1354,1682649070631
1355,1682649070631
1356,1682649070631
1357,1682649070631
1358,1682649070631
1359,1682649070631
1360,1682649070631
1361,1682649070631
1362,1682649070631
1363,1682649070631
1364,1682649070632
1365,1682649070632
1366,1682649070632
1367,1682649070632
1368,1682649070632
1369,1682649070632
1370,1682649070632
1371,1682649070632
1372,1682649070632
1373,1682649070633
1374,1682649070633
1375,1682649070892
1376,1682649070892
1377,1682649070892
1378,1682649070892
1379,1682649070892
1380,1682649070893
1381,1682649070893
1382,1682649070893
1383,1682649070893
1384,1682649070894
1385,1682649070894
1386,1682649070894
1387,1682649070894
1388,1682649070895
1389,1682649070895
1390,1682649070895
1391,1682649070896
1392,1682649070896
1393,1682649070896
1394,1682649070896
1395,1682649070897
1396,1682649070897
1397,1682649070897
1398,1682649070898
1399,1682649070898
1400,1682649070898
1401,1682649070898
1402,1682649070899
1403,1682649070899
1404,1682649070899
1405,1682649070899
1406,1682649070899
1407,1682649070899
1408,1682649070900
1409,1682649070900
1410,1682649070900
1411,1682649070901
1412,1682649070901
1413,1682649070901
1414,1682649070902
1415,1682649070902
1416,1682649070902
1417,1682649070903
1418,1682649070903
1419,1682649070903
1420,1682649070904
1421,1682649070904
1422,1682649070904
1423,1682649070904
1424,1682649070905
1425,1682649070905
1426,1682649070905
1427,1682649070906
1428,1682649070906
1429,1682649070906
1430,1682649070906
1431,1682649070907
1432,1682649070907
1433,1682649070907
1434,1682649070908
1435,1682649070908
1436,1682649070908
1437,1682649070909
1438,1682649070909
1439,1682649070909
1440,1682649070909
1441,1682649070910
1442,1682649070910
1443,1682649070910
1444,1682649070910
1445,1682649070911
1446,1682649070911
1447,1682649070911
1448,1682649070911
1449,1682649070911
1450,1682649070912
1451,1682649070912
1452,1682649070912
1453,1682649070912
1454,1682649070912
1455,1682649070912
1456,1682649070912
1457,1682649070913
1458,1682649070913
1459,1682649070913
1460,1682649070913
1461,1682649070913
1462,1682649070913
1463,1682649070914
1464,1682649070914
1465,1682649070914
1466,1682649070918
1467,1682649070918
1468,1682649070919
1469,1682649070919
1470,1682649070920
1471,1682649070920
1472,1682649070920
1473,1682649070921
1474,1682649070921
1475,1682649070921
1476,1682649070922
1477,1682649070922
1478,1682649070922
1479,1682649070923
1480,1682649070923
1481,1682649070923
1482,1682649070924
1483,1682649070924
1484,1682649070924
1485,1682649070924
1486,1682649070925
1487,1682649070925
1488,1682649070925
1489,1682649070925
1490,1682649070925
1491,1682649070926
1492,1682649070926
1493,1682649070926
1494,1682649070926
1495,1682649070926
1496,1682649070927
1497,1682649070927
1498,1682649070927
1499,1682649070928
1500,1682649070928
1501,1682649070928
1502,1682649070928
1503,1682649070928
1504,1682649070929
1505,1682649070929
1506,1682649070929
1507,1682649070929
1508,1682649070929
1509,1682649070930
1510,1682649070930
1511,1682649070930
1512,1682649070930
1513,1682649070930
1514,1682649070931
1515,1682649070931
1516,1682649070931
1517,1682649070931
1518,1682649070931
1519,1682649070931
1520,1682649070932
1521,1682649070932
1522,1682649070932
1523,1682649070932
1524,1682649070933
1525,1682649070933
1526,1682649070933
1527,1682649070933
1528,1682649070933
1529,1682649070934
1530,1682649070934
1531,1682649070934
1532,1682649070934
1533,1682649070935
1534,1682649071106
1535,1682649071107
1536,1682649071107
1537,1682649071107
1538,1682649071107
1539,1682649071107
1540,1682649071108
1541,1682649071108
1542,1682649071108
1543,1682649071108
1544,1682649071108
1545,1682649071109
1546,1682649071109
1547,1682649071109
1548,1682649071109
1549,1682649071109
1550,1682649071110
1551,1682649071110
1552,1682649071110
1553,1682649071110
1554,1682649071110
1555,1682649071110
1556,1682649071110
1557,1682649071110
1558,1682649071110
1559,1682649071111
1560,1682649071111
1561,1682649071111
1562,1682649071111
1563,1682649071111
1564,1682649071111
1565,1682649071111
1566,1682649071112
1567,1682649071112
1568,1682649071112
1569,1682649071112
1570,1682649071112
1571,1682649071112
1572,1682649071112
1573,1682649071112
1574,1682649071113
1575,1682649071113
1576,1682649071113
1577,1682649071113
1578,1682649071113
1579,1682649071113
1580,1682649071113
1581,1682649071114
1582,1682649071114
1583,1682649071114
1584,1682649071114
1585,1682649071114
1586,1682649071114
1587,1682649071114
1588,1682649071115
1589,1682649071115
1590,1682649071115
1591,1682649071115
1592,1682649071115
1593,1682649071115
1594,1682649071115
1595,1682649071116
1596,1682649071116
1597,1682649071116
1598,1682649071116
1599,1682649071116
1600,1682649071116
1601,1682649071116
1602,1682649071117
1603,1682649071117
1604,1682649071117
1605,1682649071117
1606,1682649071117
1607,1682649071117
1608,1682649071117
1609,1682649071117
1610,1682649071117
1611,1682649071118
1612,1682649071118
1613,1682649071118
1614,1682649071118
1615,1682649071118
1616,1682649071118
1617,1682649071118
1618,1682649071119
1619,1682649071119
1620,1682649071119
1621,1682649071119
1622,1682649071119
1623,1682649071119
1624,1682649071119
1625,1682649071119
1626,1682649071120
1627,1682649071120
1628,1682649071120
1629,1682649071120
1630,1682649071120
1631,1682649071120
1632,1682649071120
1633,1682649071121
1634,1682649071121
1635,1682649071121
1636,1682649071121
1637,1682649071121
1638,1682649071121
1639,1682649071121
1640,1682649071122
1641,1682649071122
1642,1682649071122
1643,1682649071122
1644,1682649071122
1645,1682649071122
1646,1682649071123
1647,1682649071123
1648,1682649071123
1649,1682649071123
1650,1682649071123
1651,1682649071123
1652,1682649071123
1653,1682649071124
1654,1682649071124
1655,1682649071124
1656,1682649071125
1657,1682649071125
1658,1682649071127
1659,1682649071127
1660,1682649071131
1661,1682649071131
1662,1682649071131
1663,1682649071131
1664,1682649071132
1665,1682649071132
1666,1682649071135
1667,1682649071136
1668,1682649071136
1669,1682649071136
1670,1682649071137
1671,1682649071139
1672,1682649071139
1673,1682649071140
1674,1682649071140
1675,1682649071143
1676,1682649071143
1677,1682649071143
1678,1682649071150
1679,1682649071150
1680,1682649071150
1681,1682649071151
1682,1682649071151
1683,1682649071151
1684,1682649071151
1685,1682649071152
1686,1682649071152
1687,1682649071157
1688,1682649071157
1689,1682649071157
1690,1682649071157
1691,1682649071157
1692,1682649071157
1693,1682649071161
1694,1682649071161
1695,1682649071162
1696,1682649071162
1697,1682649071162
1698,1682649071162
1699,1682649071162
1700,1682649071169
1701,1682649071169
1702,1682649071169
1703,1682649071169
1704,1682649071170
1705,1682649071170
1706,1682649071170
1707,1682649071170
1708,1682649071170
1709,1682649071178
1710,1682649071179
1711,1682649071179
1712,1682649071179
1713,1682649071179
1714,1682649071179
1715,1682649071179
1716,1682649071179
1717,1682649071180
1718,1682649071186
1719,1682649071187
1720,1682649071187
1721,1682649071187
1722,1682649071187
1723,1682649071187
1724,1682649071187
1725,1682649071187
1726,1682649071188
1727,1682649071188
1728,1682649071188
1729,1682649071188
1730,1682649071188
1731,1682649071200
1732,1682649071200
1733,1682649071200
1734,1682649071200
1735,1682649071200
1736,1682649071201
1737,1682649071201
1738,1682649071201
1739,1682649071201
1740,1682649071207
1741,1682649071207
1742,1682649071207
1743,1682649071208
1744,1682649071208
1745,1682649071208
1746,1682649071208
1747,1682649071208
1748,1682649071208
1749,1682649071208
1750,1682649071209
1751,1682649071209
1752,1682649071209
1753,1682649071209
1754,1682649071209
1755,1682649071209
1756,1682649071209
1757,1682649071222
1758,1682649071223
1759,1682649071223
1760,1682649071223
1761,1682649071223
1762,1682649071223
1763,1682649071224
1764,1682649071224
1765,1682649071224
1766,1682649071224
1767,1682649071224
1768,1682649071237
1769,1682649071238
1770,1682649071238
1771,1682649071238
1772,1682649071238
1773,1682649071238
1774,1682649071238
1775,1682649071239
1776,1682649071239
1777,1682649071239
1778,1682649071239
1779,1682649071239
1780,1682649071239
1781,1682649071239
1782,1682649071240
1783,1682649071240
1784,1682649071240
1785,1682649071240
1786,1682649071240
1787,1682649071241
1788,1682649071241
1789,1682649071241
1790,1682649071241
1791,1682649071241
1792,1682649071241
