1,1682649242599
2,1682649242602
3,1682649242607
4,1682649242608
5,1682649242615
6,1682649242616
7,1682649242731
8,1682649242732
9,1682649242733
10,1682649242734
11,1682649242736
12,1682649242739
13,1682649242824
14,1682649242825
15,1682649242825
16,1682649242826
17,1682649242827
18,1682649242827
19,1682649242828
20,1682649242975
21,1682649242975
22,1682649242976
23,1682649242976
24,1682649242977
25,1682649242978
26,1682649242979
27,1682649242980
28,1682649242981
29,1682649242982
30,1682649242982
31,1682649242983
32,1682649242991
33,1682649242992
34,1682649242992
35,1682649242993
36,1682649242993
37,1682649242994
38,1682649242994
39,1682649242995
40,1682649242995
41,1682649242996
42,1682649242997
43,1682649242998
44,1682649242999
45,1682649242999
46,1682649243000
47,1682649243001
48,1682649243001
49,1682649243089
50,1682649243090
51,1682649243091
52,1682649243091
53,1682649243091
54,1682649243092
55,1682649243092
56,1682649243094
57,1682649243095
58,1682649243096
59,1682649243097
60,1682649243098
61,1682649243099
62,1682649243099
63,1682649243100
64,1682649243100
65,1682649243403
66,1682649243403
67,1682649243404
68,1682649243404
69,1682649243405
70,1682649243405
71,1682649243406
72,1682649243407
73,1682649243409
74,1682649243413
75,1682649243415
76,1682649243416
77,1682649243417
78,1682649243417
79,1682649243418
80,1682649243418
81,1682649243419
82,1682649243420
83,1682649243420
84,1682649243421
85,1682649243422
86,1682649243423
87,1682649243423
88,1682649243424
89,1682649243425
90,1682649243431
91,1682649243432
92,1682649243434
93,1682649243435
94,1682649243436
95,1682649243436
96,1682649243438
97,1682649243439
98,1682649243439
99,1682649243440
100,1682649243441
101,1682649243444
102,1682649243445
103,1682649243446
104,1682649243447
105,1682649243447
106,1682649243448
107,1682649243450
108,1682649243451
109,1682649243451
110,1682649243452
111,1682649243453
112,1682649243457
113,1682649243459
114,1682649243463
115,1682649243466
116,1682649243467
117,1682649243468
118,1682649243470
119,1682649243472
120,1682649243474
121,1682649243476
122,1682649243477
123,1682649243478
124,1682649243481
125,1682649243486
126,1682649243488
127,1682649243498
128,1682649243500
129,1682649243501
130,1682649243502
131,1682649243502
132,1682649243503
133,1682649243503
134,1682649243504
135,1682649243504
136,1682649243505
137,1682649243506
138,1682649243507
139,1682649243507
140,1682649243508
141,1682649243514
142,1682649243515
143,1682649243516
144,1682649243517
145,1682649243518
146,1682649243519
147,1682649243519
148,1682649243520
149,1682649243521
150,1682649243521
151,1682649243522
152,1682649243523
153,1682649243524
154,1682649243524
155,1682649243525
156,1682649243525
157,1682649243526
158,1682649243526
159,1682649243527
160,1682649243646
161,1682649243647
162,1682649243650
163,1682649243651
164,1682649243651
165,1682649243653
166,1682649243654
167,1682649243654
168,1682649243654
169,1682649243655
170,1682649243655
171,1682649243656
172,1682649243656
173,1682649243656
174,1682649243657
175,1682649243657
176,1682649243657
177,1682649243658
178,1682649243658
179,1682649243659
180,1682649243660
181,1682649243660
182,1682649243660
183,1682649243661
184,1682649243661
185,1682649243662
186,1682649244039
187,1682649244040
188,1682649244042
189,1682649244050
190,1682649244051
191,1682649244052
192,1682649244053
193,1682649244059
194,1682649244060
195,1682649244061
196,1682649244062
197,1682649244063
198,1682649244065
199,1682649244066
200,1682649244067
201,1682649244068
202,1682649244068
203,1682649244068
204,1682649244069
205,1682649244069
206,1682649244070
207,1682649244071
208,1682649244071
209,1682649244072
210,1682649244073
211,1682649244073
212,1682649244074
213,1682649244074
214,1682649244075
215,1682649244075
216,1682649244079
217,1682649244079
218,1682649244080
219,1682649244080
220,1682649244081
221,1682649244081
222,1682649244083
223,1682649244083
224,1682649244084
225,1682649244084
226,1682649244085
227,1682649244085
228,1682649244086
229,1682649244086
230,1682649244087
231,1682649244087
232,1682649244088
233,1682649244088
234,1682649244089
235,1682649244089
236,1682649244090
237,1682649244091
238,1682649244091
239,1682649244092
240,1682649244093
241,1682649244094
242,1682649244095
243,1682649244095
244,1682649244096
245,1682649244096
246,1682649244097
247,1682649244098
248,1682649244099
249,1682649244100
250,1682649244100
251,1682649244101
252,1682649244102
253,1682649244103
254,1682649244103
255,1682649244104
256,1682649244105
257,1682649244105
258,1682649244105
259,1682649244107
260,1682649244108
261,1682649244108
262,1682649244112
263,1682649244113
264,1682649244113
265,1682649244114
266,1682649244115
267,1682649244116
268,1682649244116
269,1682649244117
270,1682649244117
271,1682649244118
272,1682649244118
273,1682649244119
274,1682649244119
275,1682649244120
276,1682649244120
277,1682649244121
278,1682649244121
279,1682649244122
280,1682649244122
281,1682649244123
282,1682649244123
283,1682649244124
284,1682649244124
285,1682649244125
286,1682649244125
287,1682649244127
288,1682649244128
289,1682649244128
290,1682649244129
291,1682649244130
292,1682649244131
293,1682649244131
294,1682649244136
295,1682649244136
296,1682649244137
297,1682649244137
298,1682649244138
299,1682649244138
300,1682649244139
301,1682649244140
302,1682649244140
303,1682649244141
304,1682649244142
305,1682649244142
306,1682649244143
307,1682649244143
308,1682649244144
309,1682649244145
310,1682649244146
311,1682649244146
312,1682649244147
313,1682649244148
314,1682649244148
315,1682649244149
316,1682649244150
317,1682649244150
318,1682649244151
319,1682649244151
320,1682649244151
321,1682649244152
322,1682649244269
323,1682649244269
324,1682649244269
325,1682649244270
326,1682649244270
327,1682649244270
328,1682649244270
329,1682649244271
330,1682649244271
331,1682649244271
332,1682649244272
333,1682649244272
334,1682649244272
335,1682649244273
336,1682649244273
337,1682649244273
338,1682649244274
339,1682649244274
340,1682649244275
341,1682649244275
342,1682649244275
343,1682649244276
344,1682649244277
345,1682649244278
346,1682649244278
347,1682649244279
348,1682649244279
349,1682649244280
350,1682649244280
351,1682649244281
352,1682649244281
353,1682649244281
354,1682649244282
355,1682649244282
356,1682649244282
357,1682649244283
358,1682649244283
359,1682649244283
360,1682649244283
361,1682649244284
362,1682649244284
363,1682649244284
364,1682649244284
365,1682649244285
366,1682649244285
367,1682649244285
368,1682649244286
369,1682649244286
370,1682649244286
371,1682649244286
372,1682649244286
373,1682649244287
374,1682649244287
375,1682649244287
376,1682649244288
377,1682649244288
378,1682649244288
379,1682649244289
380,1682649244289
381,1682649244289
382,1682649244289
383,1682649244290
384,1682649244290
385,1682649244291
386,1682649244291
387,1682649244291
388,1682649244292
389,1682649244292
390,1682649244293
391,1682649244454
392,1682649244454
393,1682649244454
394,1682649244455
395,1682649244455
396,1682649244455
397,1682649244456
398,1682649244456
399,1682649244456
400,1682649244456
401,1682649244457
402,1682649244457
403,1682649244457
404,1682649244458
405,1682649244458
406,1682649244458
407,1682649244458
408,1682649244459
409,1682649244461
410,1682649244462
411,1682649244462
412,1682649244462
413,1682649244463
414,1682649244463
415,1682649244463
416,1682649244464
417,1682649244464
418,1682649244464
419,1682649244465
420,1682649244465
421,1682649244465
422,1682649244465
423,1682649244466
424,1682649244466
425,1682649244466
426,1682649244467
427,1682649244467
428,1682649244467
429,1682649244467
430,1682649244468
431,1682649244468
432,1682649244469
433,1682649244469
434,1682649244469
435,1682649244469
436,1682649244470
437,1682649244470
438,1682649244470
439,1682649244471
440,1682649244471
441,1682649244471
442,1682649244472
443,1682649244472
444,1682649244472
445,1682649244473
446,1682649244473
447,1682649244473
448,1682649244474
449,1682649244474
450,1682649244474
451,1682649244475
452,1682649244475
453,1682649244475
454,1682649244475
455,1682649244476
456,1682649244476
457,1682649244476
458,1682649244476
459,1682649244477
460,1682649244477
461,1682649244477
462,1682649244477
463,1682649244478
464,1682649244479
465,1682649244479
466,1682649244479
467,1682649244480
468,1682649244481
469,1682649244481
470,1682649244481
471,1682649244673
472,1682649244673
473,1682649244674
474,1682649244674
475,1682649244675
476,1682649244675
477,1682649244675
478,1682649244676
479,1682649244678
480,1682649244679
481,1682649244679
482,1682649244680
483,1682649244680
484,1682649244680
485,1682649244681
486,1682649244681
487,1682649244681
488,1682649244682
489,1682649244682
490,1682649244683
491,1682649244683
492,1682649244683
493,1682649244684
494,1682649244684
495,1682649244684
496,1682649244684
497,1682649244685
498,1682649244685
499,1682649244685
500,1682649244686
501,1682649244686
502,1682649244686
503,1682649244686
504,1682649244687
505,1682649244687
506,1682649244687
507,1682649244687
508,1682649244688
509,1682649244688
510,1682649244688
511,1682649244688
512,1682649244688
513,1682649244689
514,1682649244689
515,1682649244689
516,1682649244690
517,1682649244690
518,1682649244690
519,1682649244690
520,1682649244691
521,1682649244691
522,1682649244692
523,1682649244693
524,1682649244693
525,1682649244696
526,1682649244696
527,1682649244699
528,1682649244700
529,1682649244701
530,1682649244701
531,1682649244702
532,1682649244702
533,1682649244703
534,1682649244704
535,1682649244704
536,1682649244705
537,1682649244705
538,1682649244705
539,1682649244705
540,1682649244706
541,1682649244706
542,1682649244707
543,1682649244707
544,1682649244708
545,1682649244713
546,1682649244715
547,1682649244716
548,1682649244716
549,1682649244717
550,1682649244717
551,1682649244718
552,1682649244718
553,1682649244718
554,1682649244718
555,1682649244719
556,1682649244719
557,1682649244719
558,1682649244720
559,1682649244720
560,1682649244721
561,1682649244721
562,1682649244721
563,1682649244722
564,1682649244722
565,1682649244722
566,1682649244723
567,1682649244723
568,1682649244724
569,1682649244724
570,1682649244725
571,1682649244729
572,1682649244730
573,1682649244730
574,1682649244731
575,1682649244732
576,1682649244734
577,1682649244735
578,1682649244735
579,1682649244736
580,1682649244737
581,1682649244738
582,1682649244738
583,1682649244739
584,1682649244740
585,1682649244740
586,1682649244740
587,1682649244741
588,1682649244742
589,1682649244743
590,1682649244744
591,1682649244745
592,1682649244745
593,1682649244746
594,1682649244746
595,1682649244747
596,1682649244747
597,1682649244748
598,1682649244749
599,1682649244750
600,1682649244751
601,1682649244751
602,1682649244752
603,1682649244753
604,1682649244754
605,1682649244754
606,1682649244755
607,1682649244756
608,1682649244757
609,1682649244758
610,1682649244758
611,1682649244758
612,1682649244950
613,1682649244950
614,1682649244951
615,1682649244951
616,1682649244951
617,1682649244951
618,1682649244952
619,1682649244952
620,1682649244952
621,1682649244952
622,1682649244952
623,1682649244952
624,1682649244953
625,1682649244953
626,1682649244953
627,1682649244953
628,1682649244954
629,1682649244954
630,1682649244954
631,1682649244954
632,1682649244955
633,1682649244955
634,1682649244955
635,1682649244955
636,1682649244955
637,1682649244955
638,1682649244955
639,1682649244956
640,1682649244956
641,1682649244956
642,1682649244956
643,1682649244957
644,1682649244957
645,1682649244957
646,1682649244957
647,1682649244958
648,1682649244958
649,1682649244958
650,1682649244958
651,1682649244958
652,1682649244959
653,1682649244959
654,1682649244959
655,1682649244959
656,1682649244960
657,1682649244960
658,1682649244960
659,1682649244960
660,1682649244960
661,1682649244961
662,1682649244961
663,1682649244961
664,1682649244962
665,1682649244962
666,1682649244962
667,1682649244962
668,1682649244963
669,1682649244963
670,1682649244963
671,1682649244963
672,1682649244964
673,1682649244964
674,1682649244964
675,1682649244964
676,1682649244965
677,1682649244965
678,1682649244965
679,1682649244965
680,1682649244966
681,1682649244966
682,1682649244966
683,1682649244967
684,1682649244967
685,1682649244968
686,1682649244968
687,1682649244968
688,1682649244968
689,1682649244969
690,1682649244969
691,1682649244970
692,1682649244970
693,1682649244970
694,1682649244971
695,1682649244971
696,1682649244971
697,1682649244972
698,1682649244972
699,1682649244972
700,1682649244973
701,1682649244973
702,1682649244973
703,1682649244973
704,1682649244974
705,1682649244974
706,1682649244974
707,1682649244975
708,1682649244975
709,1682649244976
710,1682649244978
711,1682649244978
712,1682649244978
713,1682649244978
714,1682649244979
715,1682649244979
716,1682649244980
717,1682649244980
718,1682649244980
719,1682649244980
720,1682649244981
721,1682649244981
722,1682649244981
723,1682649244982
724,1682649244982
725,1682649244982
726,1682649244982
727,1682649244983
728,1682649244983
729,1682649244983
730,1682649244983
731,1682649244984
732,1682649244984
733,1682649244984
734,1682649244984
735,1682649245116
736,1682649245116
737,1682649245117
738,1682649245117
739,1682649245117
740,1682649245117
741,1682649245118
742,1682649245118
743,1682649245118
744,1682649245119
745,1682649245119
746,1682649245119
747,1682649245119
748,1682649245120
749,1682649245120
750,1682649245120
751,1682649245120
752,1682649245121
753,1682649245121
754,1682649245121
755,1682649245121
756,1682649245121
757,1682649245122
758,1682649245122
759,1682649245122
760,1682649245122
761,1682649245122
762,1682649245123
763,1682649245123
764,1682649245123
765,1682649245123
766,1682649245123
767,1682649245124
768,1682649245124
769,1682649245124
770,1682649245124
771,1682649245124
772,1682649245125
773,1682649245125
774,1682649245125
775,1682649245126
776,1682649245127
777,1682649245127
778,1682649245127
779,1682649245128
780,1682649245128
781,1682649245128
782,1682649245128
783,1682649245129
784,1682649245129
785,1682649245129
786,1682649245129
787,1682649245130
788,1682649245130
789,1682649245131
790,1682649245131
791,1682649245131
792,1682649245132
793,1682649245132
794,1682649245133
795,1682649245133
796,1682649245133
797,1682649245133
798,1682649245134
799,1682649245134
800,1682649245134
801,1682649245134
802,1682649245135
803,1682649245135
804,1682649245135
805,1682649245135
806,1682649245135
807,1682649245135
808,1682649245135
809,1682649245136
810,1682649245136
811,1682649245136
812,1682649245136
813,1682649245136
814,1682649245136
815,1682649245137
816,1682649245137
817,1682649245137
818,1682649245137
819,1682649245137
820,1682649245138
821,1682649245138
822,1682649245138
823,1682649245138
824,1682649245139
825,1682649245139
826,1682649245139
827,1682649245139
828,1682649245139
829,1682649245140
830,1682649245140
831,1682649245140
832,1682649245140
833,1682649245324
834,1682649245324
835,1682649245324
836,1682649245324
837,1682649245324
838,1682649245325
839,1682649245325
840,1682649245325
841,1682649245326
842,1682649245327
843,1682649245327
844,1682649245327
845,1682649245327
846,1682649245328
847,1682649245328
848,1682649245328
849,1682649245328
850,1682649245329
851,1682649245329
852,1682649245329
853,1682649245329
854,1682649245330
855,1682649245330
856,1682649245330
857,1682649245330
858,1682649245330
859,1682649245331
860,1682649245331
861,1682649245331
862,1682649245331
863,1682649245331
864,1682649245331
865,1682649245332
866,1682649245332
867,1682649245332
868,1682649245332
869,1682649245332
870,1682649245332
871,1682649245332
872,1682649245333
873,1682649245333
874,1682649245333
875,1682649245333
876,1682649245333
877,1682649245333
878,1682649245333
879,1682649245334
880,1682649245334
881,1682649245334
882,1682649245334
883,1682649245334
884,1682649245334
885,1682649245335
886,1682649245335
887,1682649245335
888,1682649245335
889,1682649245335
890,1682649245336
891,1682649245336
892,1682649245336
893,1682649245336
894,1682649245336
895,1682649245337
896,1682649245337
897,1682649245337
898,1682649245337
899,1682649245337
900,1682649245338
901,1682649245338
902,1682649245338
903,1682649245338
904,1682649245338
905,1682649245338
906,1682649245339
907,1682649245339
908,1682649245339
909,1682649245339
910,1682649245339
911,1682649245613
912,1682649245613
913,1682649245613
914,1682649245614
915,1682649245614
916,1682649245614
917,1682649245614
918,1682649245614
919,1682649245614
920,1682649245614
921,1682649245615
922,1682649245615
923,1682649245616
924,1682649245616
925,1682649245616
926,1682649245617
927,1682649245617
928,1682649245617
929,1682649245617
930,1682649245618
931,1682649245618
932,1682649245618
933,1682649245618
934,1682649245618
935,1682649245618
936,1682649245619
937,1682649245619
938,1682649245619
939,1682649245619
940,1682649245619
941,1682649245619
942,1682649245620
943,1682649245620
944,1682649245620
945,1682649245620
946,1682649245621
947,1682649245621
948,1682649245621
949,1682649245621
950,1682649245621
951,1682649245621
952,1682649245622
953,1682649245622
954,1682649245622
955,1682649245622
956,1682649245622
957,1682649245622
958,1682649245622
959,1682649245623
960,1682649245623
961,1682649245623
962,1682649245623
963,1682649245623
964,1682649245623
965,1682649245624
966,1682649245624
967,1682649245624
968,1682649245624
969,1682649245624
970,1682649245625
971,1682649245625
972,1682649245625
973,1682649245625
974,1682649245626
975,1682649245626
976,1682649245627
977,1682649245627
978,1682649245627
979,1682649245627
980,1682649245628
981,1682649245628
982,1682649245628
983,1682649245628
984,1682649245629
985,1682649245629
986,1682649245629
987,1682649245629
988,1682649245629
989,1682649245629
990,1682649245630
991,1682649245630
992,1682649245630
993,1682649245631
994,1682649245631
995,1682649245631
996,1682649245631
997,1682649245631
998,1682649245631
999,1682649245632
1000,1682649245632
1001,1682649245632
1002,1682649245632
1003,1682649245795
1004,1682649245795
1005,1682649245795
1006,1682649245795
1007,1682649245796
1008,1682649245796
1009,1682649245796
1010,1682649245796
1011,1682649245796
1012,1682649245796
1013,1682649245797
1014,1682649245797
1015,1682649245797
1016,1682649245797
1017,1682649245798
1018,1682649245798
1019,1682649245798
1020,1682649245798
1021,1682649245798
1022,1682649245799
1023,1682649245799
1024,1682649245799
1025,1682649245799
1026,1682649245799
1027,1682649245800
1028,1682649245800
1029,1682649245800
1030,1682649245801
1031,1682649245801
1032,1682649245801
1033,1682649245801
1034,1682649245801
1035,1682649245802
1036,1682649245802
1037,1682649245802
1038,1682649245802
1039,1682649245803
1040,1682649245803
1041,1682649245803
1042,1682649245803
1043,1682649245804
1044,1682649245804
1045,1682649245804
1046,1682649245804
1047,1682649245804
1048,1682649245805
1049,1682649245805
1050,1682649245805
1051,1682649245805
1052,1682649245806
1053,1682649245806
1054,1682649245806
1055,1682649245806
1056,1682649245806
1057,1682649245807
1058,1682649245807
1059,1682649245807
1060,1682649245807
1061,1682649245807
1062,1682649245807
1063,1682649245807
1064,1682649245807
1065,1682649245808
1066,1682649245808
1067,1682649245808
1068,1682649245808
1069,1682649245808
1070,1682649245808
1071,1682649245809
1072,1682649245809
1073,1682649245809
1074,1682649245809
1075,1682649245810
1076,1682649245810
1077,1682649245810
1078,1682649245810
1079,1682649245811
1080,1682649245811
1081,1682649245811
1082,1682649245811
1083,1682649245812
1084,1682649245812
1085,1682649245812
1086,1682649245812
1087,1682649245813
1088,1682649245813
1089,1682649245814
1090,1682649245814
1091,1682649245814
1092,1682649245814
1093,1682649245815
1094,1682649246147
1095,1682649246147
1096,1682649246147
1097,1682649246147
1098,1682649246148
1099,1682649246148
1100,1682649246148
1101,1682649246148
1102,1682649246149
1103,1682649246149
1104,1682649246149
1105,1682649246149
1106,1682649246149
1107,1682649246150
1108,1682649246150
1109,1682649246150
1110,1682649246150
1111,1682649246150
1112,1682649246151
1113,1682649246151
1114,1682649246151
1115,1682649246151
1116,1682649246151
1117,1682649246152
1118,1682649246152
1119,1682649246152
1120,1682649246152
1121,1682649246153
1122,1682649246153
1123,1682649246153
1124,1682649246153
1125,1682649246154
1126,1682649246154
1127,1682649246154
1128,1682649246154
1129,1682649246155
1130,1682649246155
1131,1682649246155
1132,1682649246155
1133,1682649246156
1134,1682649246156
1135,1682649246156
1136,1682649246156
1137,1682649246156
1138,1682649246157
1139,1682649246157
1140,1682649246157
1141,1682649246157
1142,1682649246157
1143,1682649246157
1144,1682649246158
1145,1682649246158
1146,1682649246158
1147,1682649246158
1148,1682649246158
1149,1682649246159
1150,1682649246159
1151,1682649246159
1152,1682649246159
1153,1682649246160
1154,1682649246160
1155,1682649246160
1156,1682649246160
1157,1682649246161
1158,1682649246161
1159,1682649246161
1160,1682649246161
1161,1682649246162
1162,1682649246162
1163,1682649246162
1164,1682649246162
1165,1682649246162
1166,1682649246163
1167,1682649246163
1168,1682649246163
1169,1682649246163
1170,1682649246163
1171,1682649246163
1172,1682649246164
1173,1682649246164
1174,1682649246164
1175,1682649246164
1176,1682649246164
1177,1682649246165
1178,1682649246165
1179,1682649246165
1180,1682649246165
1181,1682649246165
1182,1682649246165
1183,1682649246165
1184,1682649246166
1185,1682649246166
1186,1682649246166
1187,1682649246166
1188,1682649246166
1189,1682649246166
1190,1682649246167
1191,1682649246167
1192,1682649246167
1193,1682649246167
1194,1682649246167
1195,1682649246168
1196,1682649246168
1197,1682649246168
1198,1682649246169
1199,1682649246169
1200,1682649246169
1201,1682649246169
1202,1682649246170
1203,1682649246170
1204,1682649246170
1205,1682649246170
1206,1682649246170
1207,1682649246170
1208,1682649246170
1209,1682649246171
1210,1682649246171
1211,1682649246171
1212,1682649246171
1213,1682649246171
1214,1682649246171
1215,1682649246172
1216,1682649246172
1217,1682649246172
1218,1682649246172
1219,1682649246172
1220,1682649246172
1221,1682649246173
1222,1682649246173
1223,1682649246173
1224,1682649246173
1225,1682649246173
1226,1682649246174
1227,1682649246174
1228,1682649246174
1229,1682649246174
1230,1682649246174
1231,1682649246175
1232,1682649246175
1233,1682649246175
1234,1682649246175
1235,1682649246176
1236,1682649246176
1237,1682649246176
1238,1682649246280
1239,1682649246280
1240,1682649246281
1241,1682649246281
1242,1682649246281
1243,1682649246281
1244,1682649246281
1245,1682649246281
1246,1682649246282
1247,1682649246282
1248,1682649246282
1249,1682649246282
1250,1682649246282
1251,1682649246283
1252,1682649246283
1253,1682649246283
1254,1682649246283
1255,1682649246283
1256,1682649246283
1257,1682649246283
1258,1682649246284
1259,1682649246284
1260,1682649246284
1261,1682649246284
1262,1682649246285
1263,1682649246285
1264,1682649246285
1265,1682649246286
1266,1682649246286
1267,1682649246286
1268,1682649246286
1269,1682649246287
1270,1682649246287
1271,1682649246287
1272,1682649246287
1273,1682649246287
1274,1682649246287
1275,1682649246287
1276,1682649246288
1277,1682649246288
1278,1682649246288
1279,1682649246288
1280,1682649246288
1281,1682649246288
1282,1682649246597
1283,1682649246597
1284,1682649246598
1285,1682649246598
1286,1682649246598
1287,1682649246598
1288,1682649246599
1289,1682649246599
1290,1682649246599
1291,1682649246599
1292,1682649246600
1293,1682649246600
1294,1682649246600
1295,1682649246600
1296,1682649246601
1297,1682649246601
1298,1682649246601
1299,1682649246601
1300,1682649246602
1301,1682649246602
1302,1682649246602
1303,1682649246602
1304,1682649246602
1305,1682649246603
1306,1682649246603
1307,1682649246603
1308,1682649246603
1309,1682649246604
1310,1682649246604
1311,1682649246604
1312,1682649246604
1313,1682649246605
1314,1682649246605
1315,1682649246605
1316,1682649246605
1317,1682649246605
1318,1682649246606
1319,1682649246606
1320,1682649246606
1321,1682649246606
1322,1682649246607
1323,1682649246607
1324,1682649246607
1325,1682649246607
1326,1682649246607
1327,1682649246608
1328,1682649246608
1329,1682649246608
1330,1682649246609
1331,1682649246609
1332,1682649246610
1333,1682649246610
1334,1682649246611
1335,1682649246611
1336,1682649246611
1337,1682649246612
1338,1682649246612
1339,1682649246612
1340,1682649246613
1341,1682649246613
1342,1682649246613
1343,1682649246614
1344,1682649246614
1345,1682649246615
1346,1682649246615
1347,1682649246616
1348,1682649246616
1349,1682649246617
1350,1682649246618
1351,1682649246618
1352,1682649246619
1353,1682649246620
1354,1682649246620
1355,1682649246621
1356,1682649246622
1357,1682649246622
1358,1682649246623
1359,1682649246624
1360,1682649246624
1361,1682649246625
1362,1682649246628
1363,1682649246629
1364,1682649246630
1365,1682649246632
1366,1682649246632
1367,1682649246633
1368,1682649246634
1369,1682649246637
1370,1682649246638
1371,1682649246639
1372,1682649246640
1373,1682649246641
1374,1682649246644
1375,1682649246645
1376,1682649246645
1377,1682649246645
1378,1682649246646
1379,1682649246646
1380,1682649246647
1381,1682649246647
1382,1682649246647
1383,1682649246648
1384,1682649246648
1385,1682649246648
1386,1682649246649
1387,1682649246649
1388,1682649246650
1389,1682649246650
1390,1682649246650
1391,1682649246651
1392,1682649246651
1393,1682649246651
1394,1682649246652
1395,1682649246652
1396,1682649246652
1397,1682649246653
1398,1682649246653
1399,1682649246653
1400,1682649246654
1401,1682649246654
1402,1682649246654
1403,1682649246654
1404,1682649246655
1405,1682649246655
1406,1682649246655
1407,1682649246655
1408,1682649246783
1409,1682649246784
1410,1682649246784
1411,1682649246784
1412,1682649246784
1413,1682649246784
1414,1682649246784
1415,1682649246785
1416,1682649246785
1417,1682649246785
1418,1682649246785
1419,1682649246785
1420,1682649246785
1421,1682649246786
1422,1682649246786
1423,1682649246786
1424,1682649246786
1425,1682649246786
1426,1682649246787
1427,1682649246787
1428,1682649246787
1429,1682649246787
1430,1682649246787
1431,1682649246788
1432,1682649246788
1433,1682649246788
1434,1682649246788
1435,1682649246788
1436,1682649246789
1437,1682649246789
1438,1682649246789
1439,1682649246789
1440,1682649246789
1441,1682649246789
1442,1682649246790
1443,1682649246790
1444,1682649246790
1445,1682649246790
1446,1682649246790
1447,1682649246791
1448,1682649246791
1449,1682649246791
1450,1682649246791
1451,1682649246792
1452,1682649246792
1453,1682649246792
1454,1682649246792
1455,1682649246792
1456,1682649246793
1457,1682649246793
1458,1682649246793
1459,1682649246793
1460,1682649246794
1461,1682649246794
1462,1682649246794
1463,1682649246795
1464,1682649246795
1465,1682649246795
1466,1682649246796
1467,1682649246796
1468,1682649246796
1469,1682649246796
1470,1682649246796
1471,1682649246797
1472,1682649246797
1473,1682649246797
1474,1682649247117
1475,1682649247117
1476,1682649247117
1477,1682649247118
1478,1682649247118
1479,1682649247118
1480,1682649247119
1481,1682649247119
1482,1682649247119
1483,1682649247120
1484,1682649247120
1485,1682649247121
1486,1682649247121
1487,1682649247122
1488,1682649247122
1489,1682649247123
1490,1682649247123
1491,1682649247123
1492,1682649247123
1493,1682649247124
1494,1682649247124
1495,1682649247124
1496,1682649247125
1497,1682649247125
1498,1682649247125
1499,1682649247126
1500,1682649247126
1501,1682649247126
1502,1682649247127
1503,1682649247127
1504,1682649247127
1505,1682649247128
1506,1682649247128
1507,1682649247128
1508,1682649247128
1509,1682649247129
1510,1682649247129
1511,1682649247129
1512,1682649247129
1513,1682649247129
1514,1682649247130
1515,1682649247130
1516,1682649247130
1517,1682649247131
1518,1682649247131
1519,1682649247131
1520,1682649247131
1521,1682649247132
1522,1682649247132
1523,1682649247133
1524,1682649247133
1525,1682649247133
1526,1682649247133
1527,1682649247134
1528,1682649247134
1529,1682649247134
1530,1682649247134
1531,1682649247135
1532,1682649247135
1533,1682649247135
1534,1682649247136
1535,1682649247136
1536,1682649247136
1537,1682649247137
1538,1682649247137
1539,1682649247137
1540,1682649247137
1541,1682649247138
1542,1682649247139
1543,1682649247139
1544,1682649247139
1545,1682649247139
1546,1682649247140
1547,1682649247140
1548,1682649247141
1549,1682649247141
1550,1682649247141
1551,1682649247142
1552,1682649247142
1553,1682649247143
1554,1682649247143
1555,1682649247143
1556,1682649247144
1557,1682649247144
1558,1682649247145
1559,1682649247145
1560,1682649247145
1561,1682649247146
1562,1682649247146
1563,1682649247146
1564,1682649247147
1565,1682649247147
1566,1682649247147
1567,1682649247147
1568,1682649247147
1569,1682649247148
1570,1682649247148
1571,1682649247148
1572,1682649247149
1573,1682649247149
1574,1682649247149
1575,1682649247149
1576,1682649247150
1577,1682649247150
1578,1682649247150
1579,1682649247151
1580,1682649247151
1581,1682649247151
1582,1682649247152
1583,1682649247152
1584,1682649247152
1585,1682649247152
1586,1682649247153
1587,1682649247153
1588,1682649247154
1589,1682649247154
1590,1682649247154
1591,1682649247155
1592,1682649247155
1593,1682649247155
1594,1682649247155
1595,1682649247156
1596,1682649247156
1597,1682649247156
1598,1682649247157
1599,1682649247157
1600,1682649247157
1601,1682649247158
1602,1682649247158
1603,1682649247158
1604,1682649247159
1605,1682649247159
1606,1682649247159
1607,1682649247159
1608,1682649247160
1609,1682649247160
1610,1682649247160
1611,1682649247161
1612,1682649247161
1613,1682649247162
1614,1682649247162
1615,1682649247162
1616,1682649247162
1617,1682649247163
1618,1682649247163
1619,1682649247163
1620,1682649247163
1621,1682649247163
1622,1682649247164
1623,1682649247164
1624,1682649247164
1625,1682649247164
1626,1682649247164
1627,1682649247165
1628,1682649247165
1629,1682649247165
1630,1682649247165
1631,1682649247166
1632,1682649247166
1633,1682649247166
1634,1682649247166
1635,1682649247166
1636,1682649247167
1637,1682649247167
1638,1682649247167
1639,1682649247168
1640,1682649247168
1641,1682649247169
1642,1682649247169
1643,1682649247169
1644,1682649247170
1645,1682649247170
1646,1682649247170
1647,1682649247170
1648,1682649247170
1649,1682649247170
1650,1682649247171
1651,1682649247171
1652,1682649247171
1653,1682649247171
1654,1682649247171
1655,1682649247171
1656,1682649247172
1657,1682649247172
1658,1682649247172
1659,1682649247172
1660,1682649247172
1661,1682649247172
1662,1682649247172
1663,1682649247173
1664,1682649247173
1665,1682649247173
1666,1682649247173
1667,1682649247173
1668,1682649247173
1669,1682649247173
1670,1682649247546
1671,1682649247546
1672,1682649247547
1673,1682649247547
1674,1682649247547
1675,1682649247547
1676,1682649247548
1677,1682649247548
1678,1682649247548
1679,1682649247548
1680,1682649247548
1681,1682649247549
1682,1682649247549
1683,1682649247549
1684,1682649247549
1685,1682649247550
1686,1682649247550
1687,1682649247550
1688,1682649247551
1689,1682649247551
1690,1682649247551
1691,1682649247552
1692,1682649247552
1693,1682649247552
1694,1682649247552
1695,1682649247553
1696,1682649247553
1697,1682649247553
1698,1682649247554
1699,1682649247554
1700,1682649247554
1701,1682649247554
1702,1682649247555
1703,1682649247555
1704,1682649247555
1705,1682649247555
1706,1682649247555
1707,1682649247556
1708,1682649247556
1709,1682649247556
1710,1682649247557
1711,1682649247557
1712,1682649247557
1713,1682649247557
1714,1682649247558
1715,1682649247563
1716,1682649247564
1717,1682649247565
1718,1682649247565
1719,1682649247565
1720,1682649247566
1721,1682649247566
1722,1682649247566
1723,1682649247566
1724,1682649247567
1725,1682649247567
1726,1682649247567
1727,1682649247567
1728,1682649247568
1729,1682649247568
1730,1682649247568
1731,1682649247569
1732,1682649247569
1733,1682649247569
1734,1682649247569
1735,1682649247570
1736,1682649247570
1737,1682649247570
1738,1682649247572
1739,1682649247573
1740,1682649247574
1741,1682649247574
1742,1682649247574
1743,1682649247575
1744,1682649247576
1745,1682649247576
1746,1682649247576
1747,1682649247577
1748,1682649247577
1749,1682649247577
1750,1682649247578
1751,1682649247578
1752,1682649247579
1753,1682649247579
1754,1682649247580
1755,1682649247580
1756,1682649247580
1757,1682649247581
1758,1682649247581
1759,1682649247582
1760,1682649247582
1761,1682649247582
1762,1682649247583
1763,1682649247583
1764,1682649247584
1765,1682649247584
1766,1682649247584
1767,1682649247585
1768,1682649247585
1769,1682649247586
1770,1682649247586
1771,1682649247586
1772,1682649247587
1773,1682649247587
1774,1682649247588
1775,1682649247599
1776,1682649247600
1777,1682649247600
1778,1682649247601
1779,1682649247601
1780,1682649247601
1781,1682649247601
1782,1682649247602
1783,1682649247602
1784,1682649247602
1785,1682649247602
1786,1682649247602
1787,1682649247603
1788,1682649247603
1789,1682649247603
1790,1682649247603
1791,1682649247604
1792,1682649247604
1793,1682649247604
1794,1682649247605
1795,1682649247605
1796,1682649247606
1797,1682649247607
1798,1682649247607
1799,1682649247614
1800,1682649247614
1801,1682649247617
1802,1682649247618
1803,1682649247638
1804,1682649247639
1805,1682649247642
1806,1682649247642
1807,1682649247645
1808,1682649247649
1809,1682649247650
1810,1682649247670
1811,1682649247672
1812,1682649247680
1813,1682649247681
1814,1682649247682
1815,1682649247682
1816,1682649247683
1817,1682649247683
1818,1682649247683
1819,1682649247684
1820,1682649247684
1821,1682649247684
1822,1682649247685
1823,1682649247685
1824,1682649247686
1825,1682649247686
1826,1682649247686
1827,1682649247687
1828,1682649247687
1829,1682649247687
1830,1682649247688
1831,1682649247688
1832,1682649247688
1833,1682649247689
1834,1682649247689
1835,1682649247690
1836,1682649247690
1837,1682649247690
1838,1682649247692
1839,1682649247693
1840,1682649247693
1841,1682649247694
1842,1682649247695
1843,1682649247695
1844,1682649247696
1845,1682649247697
1846,1682649247697
1847,1682649247698
1848,1682649247698
1849,1682649247698
1850,1682649247699
1851,1682649247699
1852,1682649247699
1853,1682649247700
1854,1682649247700
1855,1682649247700
1856,1682649247700
1857,1682649247701
1858,1682649247701
1859,1682649247702
1860,1682649247702
1861,1682649247702
1862,1682649247703
1863,1682649247703
1864,1682649247704
1865,1682649247704
1866,1682649247704
1867,1682649247705
1868,1682649247705
1869,1682649247705
1870,1682649247705
1871,1682649247706
1872,1682649247706
1873,1682649247706
1874,1682649247707
1875,1682649247708
1876,1682649247709
1877,1682649247711
1878,1682649247712
1879,1682649247712
1880,1682649247713
1881,1682649247713
1882,1682649247713
1883,1682649247714
1884,1682649247714
1885,1682649247715
1886,1682649247715
1887,1682649247715
1888,1682649247716
1889,1682649247716
1890,1682649247717
1891,1682649247717
1892,1682649247717
1893,1682649247717
1894,1682649247718
1895,1682649247718
1896,1682649247719
1897,1682649247719
1898,1682649247720
1899,1682649247720
1900,1682649247720
1901,1682649247721
1902,1682649247721
1903,1682649247721
1904,1682649247721
1905,1682649247722
1906,1682649247722
1907,1682649247722
1908,1682649247722
1909,1682649247723
1910,1682649247723
1911,1682649247723
1912,1682649247723
1913,1682649247724
1914,1682649247724
1915,1682649247724
1916,1682649247727
1917,1682649247728
1918,1682649247729
1919,1682649247729
1920,1682649247729
1921,1682649247729
1922,1682649247730
1923,1682649247730
1924,1682649247730
1925,1682649247730
1926,1682649247731
1927,1682649247731
1928,1682649247731
1929,1682649247732
1930,1682649247732
1931,1682649247732
1932,1682649247733
1933,1682649247733
1934,1682649247733
1935,1682649247733
1936,1682649247734
1937,1682649247734
1938,1682649247949
1939,1682649247949
1940,1682649247950
1941,1682649247950
1942,1682649247950
1943,1682649247951
1944,1682649247951
1945,1682649247951
1946,1682649247951
1947,1682649247952
1948,1682649247952
1949,1682649247952
1950,1682649247952
1951,1682649247953
1952,1682649247953
1953,1682649247953
1954,1682649247953
1955,1682649247954
1956,1682649247954
1957,1682649247954
1958,1682649247954
1959,1682649247955
1960,1682649247955
1961,1682649247955
1962,1682649247955
1963,1682649247956
1964,1682649247956
1965,1682649247956
1966,1682649247957
1967,1682649247957
1968,1682649247957
1969,1682649247957
1970,1682649247957
1971,1682649247958
1972,1682649247959
1973,1682649247959
1974,1682649247960
1975,1682649247960
1976,1682649247960
1977,1682649247960
1978,1682649247961
1979,1682649247961
1980,1682649247962
1981,1682649247962
1982,1682649247962
1983,1682649247963
1984,1682649247963
1985,1682649247963
1986,1682649247964
1987,1682649247964
1988,1682649247964
1989,1682649247965
1990,1682649247965
1991,1682649247965
1992,1682649247966
1993,1682649247966
1994,1682649247966
1995,1682649247967
1996,1682649247967
1997,1682649247967
1998,1682649247968
1999,1682649247968
2000,1682649247968
2001,1682649247968
2002,1682649247969
2003,1682649247969
2004,1682649247969
2005,1682649247969
2006,1682649247969
2007,1682649247970
2008,1682649247970
2009,1682649247970
2010,1682649247971
2011,1682649247971
2012,1682649247971
2013,1682649247972
2014,1682649247972
2015,1682649247972
2016,1682649247972
2017,1682649247973
2018,1682649247973
2019,1682649247973
2020,1682649247974
2021,1682649247974
2022,1682649247974
2023,1682649247975
2024,1682649247976
2025,1682649247976
2026,1682649247976
2027,1682649247977
2028,1682649247978
2029,1682649247978
2030,1682649247978
2031,1682649247979
2032,1682649247979
2033,1682649247979
2034,1682649247979
2035,1682649247980
2036,1682649247980
2037,1682649247981
2038,1682649247981
2039,1682649247981
2040,1682649247982
2041,1682649247982
2042,1682649247982
2043,1682649247983
2044,1682649247983
2045,1682649247984
2046,1682649247984
2047,1682649247984
2048,1682649247985
