1,1682648369131
2,1682648369135
3,1682648369136
4,1682648369137
5,1682648369138
6,1682648369139
7,1682648369140
8,1682648369140
9,1682648369141
10,1682648369143
11,1682648369144
12,1682648370398
13,1682648370399
14,1682648370400
15,1682648370401
16,1682648370402
17,1682648370402
18,1682648370403
19,1682648370404
20,1682648370405
21,1682648370406
22,1682648370407
23,1682648370408
24,1682648370410
25,1682648370411
26,1682648370413
27,1682648370413
28,1682648370414
29,1682648370415
30,1682648370415
31,1682648370416
32,1682648370417
33,1682648370417
34,1682648370418
35,1682648370418
36,1682648370418
37,1682648370418
38,1682648370419
39,1682648370419
40,1682648370419
41,1682648370420
42,1682648370420
43,1682648370420
44,1682648370420
45,1682648370421
46,1682648370421
47,1682648370421
48,1682648370422
49,1682648370422
50,1682648370422
51,1682648370422
52,1682648370423
53,1682648370423
54,1682648370423
55,1682648370423
56,1682648370424
57,1682648370424
58,1682648370424
59,1682648370425
60,1682648370426
61,1682648370426
62,1682648370427
63,1682648370428
64,1682648370429
65,1682648370429
66,1682648370430
67,1682648370430
68,1682648370430
69,1682648370431
70,1682648370431
71,1682648370431
72,1682648370432
73,1682648370432
74,1682648370432
75,1682648370433
76,1682648370433
77,1682648370433
78,1682648370433
79,1682648370434
80,1682648370434
81,1682648370434
82,1682648370434
83,1682648370435
84,1682648370435
85,1682648370435
86,1682648370436
87,1682648370436
88,1682648370436
89,1682648370436
90,1682648370437
91,1682648370437
92,1682648370437
93,1682648370437
94,1682648370438
95,1682648370438
96,1682648370438
97,1682648370439
98,1682648370439
99,1682648370439
100,1682648370440
101,1682648370440
102,1682648370441
103,1682648370441
104,1682648370441
105,1682648370442
106,1682648370442
107,1682648370442
108,1682648370442
109,1682648370443
110,1682648370443
111,1682648370443
112,1682648370444
113,1682648370444
114,1682648370445
115,1682648370445
116,1682648370446
117,1682648370446
118,1682648370446
119,1682648370447
120,1682648370447
121,1682648370447
122,1682648370447
123,1682648370448
124,1682648370448
125,1682648370448
126,1682648370448
127,1682648370448
128,1682648370449
129,1682648370449
130,1682648370449
131,1682648370450
132,1682648370450
133,1682648370450
134,1682648370450
135,1682648370450
136,1682648370451
137,1682648370451
138,1682648370451
139,1682648370452
140,1682648370452
141,1682648370452
142,1682648370452
143,1682648370452
144,1682648370453
145,1682648370453
146,1682648370453
147,1682648370453
148,1682648370454
149,1682648370454
150,1682648370454
151,1682648370454
152,1682648370454
153,1682648370455
154,1682648370455
155,1682648370455
156,1682648370455
157,1682648370455
158,1682648370455
159,1682648370456
160,1682648370456
161,1682648370456
162,1682648370456
163,1682648370456
164,1682648370456
165,1682648370457
166,1682648370457
167,1682648370457
168,1682648370457
169,1682648370457
170,1682648370458
171,1682648370458
172,1682648370458
173,1682648370458
174,1682648370458
175,1682648370459
176,1682648370459
177,1682648370459
178,1682648370459
179,1682648370460
180,1682648370460
181,1682648370460
182,1682648370461
183,1682648370461
184,1682648370461
185,1682648370461
186,1682648370462
187,1682648370462
188,1682648370462
189,1682648370462
190,1682648370463
191,1682648370463
192,1682648370463
193,1682648370463
194,1682648370464
195,1682648370464
196,1682648370464
197,1682648370464
198,1682648370465
199,1682648370465
200,1682648370465
201,1682648370465
202,1682648370465
203,1682648370466
204,1682648370466
205,1682648370466
206,1682648370466
207,1682648370466
208,1682648370466
209,1682648370467
210,1682648370467
211,1682648370467
212,1682648370467
213,1682648370467
214,1682648370468
215,1682648370468
216,1682648370468
217,1682648370468
218,1682648370468
219,1682648370469
220,1682648370469
221,1682648370469
222,1682648370469
223,1682648370469
224,1682648370469
225,1682648370470
226,1682648370470
227,1682648370470
228,1682648371295
229,1682648371296
230,1682648371296
231,1682648371297
232,1682648371297
233,1682648371298
234,1682648371298
235,1682648371299
236,1682648371299
237,1682648371300
238,1682648371300
239,1682648371300
240,1682648371301
241,1682648371301
242,1682648371301
243,1682648371302
244,1682648371302
245,1682648371303
246,1682648371303
247,1682648371304
248,1682648371304
249,1682648371305
250,1682648371305
251,1682648371306
252,1682648371307
253,1682648371309
254,1682648371310
255,1682648371311
256,1682648371311
257,1682648371312
258,1682648371312
259,1682648371313
260,1682648371313
261,1682648371313
262,1682648371314
263,1682648371314
264,1682648371314
265,1682648371315
266,1682648371315
267,1682648371315
268,1682648371316
269,1682648371316
270,1682648371316
271,1682648371316
272,1682648371317
273,1682648371317
274,1682648371317
275,1682648371317
276,1682648371317
277,1682648371318
278,1682648371318
279,1682648371318
280,1682648371318
281,1682648371319
282,1682648371319
283,1682648371319
284,1682648371319
285,1682648371320
286,1682648371320
287,1682648371320
288,1682648371320
289,1682648371321
290,1682648371321
291,1682648371321
292,1682648371321
293,1682648371322
294,1682648371322
295,1682648371322
296,1682648371322
297,1682648371323
298,1682648371323
299,1682648371323
300,1682648371323
301,1682648371324
302,1682648371327
303,1682648371328
304,1682648371328
305,1682648371328
306,1682648371328
307,1682648371329
308,1682648371329
309,1682648371329
310,1682648371329
311,1682648371330
312,1682648371330
313,1682648371330
314,1682648371330
315,1682648371331
316,1682648371331
317,1682648371331
318,1682648371331
319,1682648371332
320,1682648371332
321,1682648371332
322,1682648371332
323,1682648371333
324,1682648371333
325,1682648371333
326,1682648371333
327,1682648371334
328,1682648371334
329,1682648371334
330,1682648371334
331,1682648371335
332,1682648371335
333,1682648371335
334,1682648371335
335,1682648371336
336,1682648371336
337,1682648371336
338,1682648371336
339,1682648371336
340,1682648371337
341,1682648371337
342,1682648371337
343,1682648371337
344,1682648371338
345,1682648371338
346,1682648371338
347,1682648371338
348,1682648371339
349,1682648371339
350,1682648371339
351,1682648371339
352,1682648371339
353,1682648371340
354,1682648371340
355,1682648371340
356,1682648371340
357,1682648371341
358,1682648371341
359,1682648371341
360,1682648371342
361,1682648371342
362,1682648371342
363,1682648371343
364,1682648371343
365,1682648371343
366,1682648371344
367,1682648371344
368,1682648371344
369,1682648371344
370,1682648371345
371,1682648371345
372,1682648371345
373,1682648371345
374,1682648371345
375,1682648371346
376,1682648371346
377,1682648371346
378,1682648371347
379,1682648371347
380,1682648371347
381,1682648371347
382,1682648371348
383,1682648371348
384,1682648371348
385,1682648371349
386,1682648371349
387,1682648371349
388,1682648371350
389,1682648371350
390,1682648371350
391,1682648371350
392,1682648371351
393,1682648371351
394,1682648371351
395,1682648371352
396,1682648371352
397,1682648371352
398,1682648371352
399,1682648371353
400,1682648371353
401,1682648371353
402,1682648371353
403,1682648371354
404,1682648371354
405,1682648371354
406,1682648371354
407,1682648371354
408,1682648371355
409,1682648371355
410,1682648371355
411,1682648371355
412,1682648371355
413,1682648371355
414,1682648371356
415,1682648371356
416,1682648371356
417,1682648371356
418,1682648371356
419,1682648371357
420,1682648371357
421,1682648371357
422,1682648371357
423,1682648371358
424,1682648371358
425,1682648371358
426,1682648371358
427,1682648371359
428,1682648371359
429,1682648371359
430,1682648371359
431,1682648371360
432,1682648371360
433,1682648371360
434,1682648371360
435,1682648371361
436,1682648371361
437,1682648371361
438,1682648371362
439,1682648371362
440,1682648371362
441,1682648371362
442,1682648371363
443,1682648371363
444,1682648371363
445,1682648371363
446,1682648371363
447,1682648371364
448,1682648371364
449,1682648371364
450,1682648371364
451,1682648371365
452,1682648371365
453,1682648371365
454,1682648371365
455,1682648371365
456,1682648371366
457,1682648371366
458,1682648371366
459,1682648371366
460,1682648371366
461,1682648371367
462,1682648371367
463,1682648371367
464,1682648371367
465,1682648371367
466,1682648371368
467,1682648371368
468,1682648371368
469,1682648371368
470,1682648371368
471,1682648371369
472,1682648371369
473,1682648371369
474,1682648371369
475,1682648371370
476,1682648371370
477,1682648371370
478,1682648371370
479,1682648371370
480,1682648371371
481,1682648371371
482,1682648371371
483,1682648371371
484,1682648371371
485,1682648371372
486,1682648371372
487,1682648371372
488,1682648371376
489,1682648371376
490,1682648371376
491,1682648371377
492,1682648371377
493,1682648371377
494,1682648371378
495,1682648371378
496,1682648371378
497,1682648371379
498,1682648371379
499,1682648371379
500,1682648371379
501,1682648371380
502,1682648371380
503,1682648371380
504,1682648371380
505,1682648371380
506,1682648371380
507,1682648371381
508,1682648371381
509,1682648371381
510,1682648371381
511,1682648371382
512,1682648371382
513,1682648371382
514,1682648371382
515,1682648371382
516,1682648371383
517,1682648371383
518,1682648371383
519,1682648371383
520,1682648371384
521,1682648371384
522,1682648371384
523,1682648371384
524,1682648371385
525,1682648371385
526,1682648371385
527,1682648371385
528,1682648371385
529,1682648371386
530,1682648371386
531,1682648371386
532,1682648371386
533,1682648371386
534,1682648371387
535,1682648371387
536,1682648371387
537,1682648371387
538,1682648371388
539,1682648371388
540,1682648371388
541,1682648371388
542,1682648371389
543,1682648371389
544,1682648371389
545,1682648371389
546,1682648371390
547,1682648371390
548,1682648371390
549,1682648371391
550,1682648371392
551,1682648371392
552,1682648371393
553,1682648371393
554,1682648371393
555,1682648371394
556,1682648371394
557,1682648371395
558,1682648371395
559,1682648371395
560,1682648371395
561,1682648371395
562,1682648371396
563,1682648371396
564,1682648371396
565,1682648371396
566,1682648371396
567,1682648371397
568,1682648371397
569,1682648371397
570,1682648371397
571,1682648371397
572,1682648371398
573,1682648371398
574,1682648371398
575,1682648371398
576,1682648371398
577,1682648371398
578,1682648371399
579,1682648371399
580,1682648371399
581,1682648371399
582,1682648371399
583,1682648371400
584,1682648371400
585,1682648371400
586,1682648371400
587,1682648371400
588,1682648371401
589,1682648371401
590,1682648371401
591,1682648371401
592,1682648371401
593,1682648371402
594,1682648371402
595,1682648371402
596,1682648371402
597,1682648371402
598,1682648371403
599,1682648371403
600,1682648371403
601,1682648371403
602,1682648371404
603,1682648371404
604,1682648371404
605,1682648371404
606,1682648371404
607,1682648371404
608,1682648371405
609,1682648371405
610,1682648371405
611,1682648371405
612,1682648371405
613,1682648371406
614,1682648371406
615,1682648371406
616,1682648371406
617,1682648371406
618,1682648371407
619,1682648371407
620,1682648371408
621,1682648371408
622,1682648371408
623,1682648371408
624,1682648371409
625,1682648371409
626,1682648371409
627,1682648371409
628,1682648371410
629,1682648371410
630,1682648371410
631,1682648371411
632,1682648371411
633,1682648371411
634,1682648371412
635,1682648371412
636,1682648371412
637,1682648371412
638,1682648371413
639,1682648371413
640,1682648371413
641,1682648371413
642,1682648371413
643,1682648371414
644,1682648371414
645,1682648371414
646,1682648371414
647,1682648371414
648,1682648371415
649,1682648371415
650,1682648371415
651,1682648371415
652,1682648371416
653,1682648371416
654,1682648371416
655,1682648371416
656,1682648371416
657,1682648371416
658,1682648371417
659,1682648371417
660,1682648371417
661,1682648371417
662,1682648371417
663,1682648371417
664,1682648371418
665,1682648371418
666,1682648371418
667,1682648371418
668,1682648371418
669,1682648371418
670,1682648371419
671,1682648371419
672,1682648371419
673,1682648371419
674,1682648371419
675,1682648371420
676,1682648371420
677,1682648371420
678,1682648371420
679,1682648371420
680,1682648371420
681,1682648371420
682,1682648371421
683,1682648371421
684,1682648371421
685,1682648371421
686,1682648371421
687,1682648371421
688,1682648371422
689,1682648371422
690,1682648371422
691,1682648371422
692,1682648371422
693,1682648371423
694,1682648371423
695,1682648371423
696,1682648371423
697,1682648371423
698,1682648371424
699,1682648371424
700,1682648371424
701,1682648371424
702,1682648371425
703,1682648371425
704,1682648371425
705,1682648371425
706,1682648371425
707,1682648371426
708,1682648371426
709,1682648371426
710,1682648371426
711,1682648371426
712,1682648371426
713,1682648371427
714,1682648371427
715,1682648371427
716,1682648371428
717,1682648371428
718,1682648371428
719,1682648371428
720,1682648371429
721,1682648371429
722,1682648371429
723,1682648371429
724,1682648371429
725,1682648371430
726,1682648371430
727,1682648371430
728,1682648371430
729,1682648371430
730,1682648371430
731,1682648371431
732,1682648371445
733,1682648371445
734,1682648371445
735,1682648371446
736,1682648371446
737,1682648371446
738,1682648371446
739,1682648371447
740,1682648371447
741,1682648371447
742,1682648371447
743,1682648371447
744,1682648371448
745,1682648371448
746,1682648371448
747,1682648371448
748,1682648371448
749,1682648371448
750,1682648371449
751,1682648371449
752,1682648371449
753,1682648371461
754,1682648371462
755,1682648371462
756,1682648371462
757,1682648371462
758,1682648371462
759,1682648371462
760,1682648371463
761,1682648371463
762,1682648371463
763,1682648371463
764,1682648371463
765,1682648371463
766,1682648371463
767,1682648371464
768,1682648371464
769,1682648371464
770,1682648371464
771,1682648371464
772,1682648371464
773,1682648371464
774,1682648371477
775,1682648371485
776,1682648371485
777,1682648371485
778,1682648371485
779,1682648371485
780,1682648371485
781,1682648371486
782,1682648371486
783,1682648371486
784,1682648371486
785,1682648371486
786,1682648371486
787,1682648371486
788,1682648371486
789,1682648371487
790,1682648371487
791,1682648371487
792,1682648371487
793,1682648371487
794,1682648371487
795,1682648371488
796,1682648371488
797,1682648371488
798,1682648371488
799,1682648371488
800,1682648371488
801,1682648371489
802,1682648371489
803,1682648371489
804,1682648371489
805,1682648371489
806,1682648371489
807,1682648371489
808,1682648371489
809,1682648371489
810,1682648371489
811,1682648371490
812,1682648371490
813,1682648371490
814,1682648371501
815,1682648371501
816,1682648371502
817,1682648371502
818,1682648371502
819,1682648371502
820,1682648371502
821,1682648371503
822,1682648371503
823,1682648371503
824,1682648371503
825,1682648371504
826,1682648371504
827,1682648371504
828,1682648371504
829,1682648371505
830,1682648371505
831,1682648371505
832,1682648371505
833,1682648371506
834,1682648371506
835,1682648371506
836,1682648371506
837,1682648371507
838,1682648371507
839,1682648371507
840,1682648371507
841,1682648371508
842,1682648371508
843,1682648371509
844,1682648371509
845,1682648371509
846,1682648371509
847,1682648371513
848,1682648371514
849,1682648371514
850,1682648371514
851,1682648371515
852,1682648371515
853,1682648371515
854,1682648371515
855,1682648371516
856,1682648371516
857,1682648371516
858,1682648371517
859,1682648371517
860,1682648371517
861,1682648371518
862,1682648371518
863,1682648371518
864,1682648371518
865,1682648371519
866,1682648371519
867,1682648371519
868,1682648371519
869,1682648371520
870,1682648371520
871,1682648371520
872,1682648371520
873,1682648371520
874,1682648371533
875,1682648371533
876,1682648371533
877,1682648371534
878,1682648371534
879,1682648371534
880,1682648371534
881,1682648371534
882,1682648371534
883,1682648371535
884,1682648371535
885,1682648371537
886,1682648371537
887,1682648371537
888,1682648371538
889,1682648371538
890,1682648371538
891,1682648371538
892,1682648371539
893,1682648371539
894,1682648371539
895,1682648371539
896,1682648371539
897,1682648371540
898,1682648371540
899,1682648371540
900,1682648371540
901,1682648371541
902,1682648371541
903,1682648371541
904,1682648371541
905,1682648371541
906,1682648371542
907,1682648371542
908,1682648371542
909,1682648371542
910,1682648371542
911,1682648371543
912,1682648371543
913,1682648371543
914,1682648371543
915,1682648371544
916,1682648371544
917,1682648371544
918,1682648371544
919,1682648371545
920,1682648371545
921,1682648371545
922,1682648371545
923,1682648371546
924,1682648371546
925,1682648371546
926,1682648371546
927,1682648371546
928,1682648371547
929,1682648371547
930,1682648371547
931,1682648371547
932,1682648371548
933,1682648371548
934,1682648371548
935,1682648371548
936,1682648371549
937,1682648371549
938,1682648371549
939,1682648371549
940,1682648371549
941,1682648371550
942,1682648371550
943,1682648371550
944,1682648371550
945,1682648371551
946,1682648371551
947,1682648371551
948,1682648371551
949,1682648371552
950,1682648371552
951,1682648371552
952,1682648371552
953,1682648371552
954,1682648371552
955,1682648371553
956,1682648371553
957,1682648371553
958,1682648371553
959,1682648371553
960,1682648371553
961,1682648371554
962,1682648371554
963,1682648371554
964,1682648371554
965,1682648371554
966,1682648371554
967,1682648371555
968,1682648371555
969,1682648371555
970,1682648371555
971,1682648371555
972,1682648371555
973,1682648371576
974,1682648371576
975,1682648371577
976,1682648371577
977,1682648371577
978,1682648371577
979,1682648371577
980,1682648371577
981,1682648371578
982,1682648371578
983,1682648371578
984,1682648371578
985,1682648371578
986,1682648371578
987,1682648371579
988,1682648371579
989,1682648371579
990,1682648371579
991,1682648371579
992,1682648371579
993,1682648371579
994,1682648371580
995,1682648371580
996,1682648371580
997,1682648371580
998,1682648371581
999,1682648371581
1000,1682648371581
1001,1682648371581
1002,1682648371582
1003,1682648371582
1004,1682648371582
1005,1682648371582
1006,1682648371582
1007,1682648371583
1008,1682648371583
1009,1682648371583
1010,1682648371583
1011,1682648371584
1012,1682648371584
1013,1682648371584
1014,1682648371584
1015,1682648371584
1016,1682648371584
1017,1682648371585
1018,1682648371585
1019,1682648371585
1020,1682648371585
1021,1682648371585
1022,1682648371586
1023,1682648371586
1024,1682648371586
