1,1682649244048
2,1682649244053
3,1682649244059
4,1682649244064
5,1682649244066
6,1682649244067
7,1682649244070
8,1682649244071
9,1682649244073
10,1682649244074
11,1682649244075
12,1682649244079
13,1682649244080
14,1682649244081
15,1682649244082
16,1682649244083
17,1682649244084
18,1682649244085
19,1682649244086
20,1682649248281
21,1682649248282
22,1682649248282
23,1682649248283
24,1682649248283
25,1682649248284
26,1682649248284
27,1682649248285
28,1682649248286
29,1682649248286
30,1682649248286
31,1682649248287
32,1682649248288
33,1682649248288
34,1682649248289
35,1682649248290
36,1682649248290
37,1682649248291
38,1682649248292
39,1682649248293
40,1682649248293
41,1682649248298
42,1682649248299
43,1682649248300
44,1682649248301
45,1682649248301
46,1682649248302
47,1682649248303
48,1682649248303
49,1682649248304
50,1682649248305
51,1682649248306
52,1682649248306
53,1682649248307
54,1682649248307
55,1682649248310
56,1682649248312
57,1682649248313
58,1682649248314
59,1682649248314
60,1682649248315
61,1682649248315
62,1682649248315
63,1682649248316
64,1682649248316
65,1682649248317
66,1682649248317
67,1682649248318
68,1682649248319
69,1682649248319
70,1682649248319
71,1682649248320
72,1682649248320
73,1682649248321
74,1682649248321
75,1682649248322
76,1682649248322
77,1682649248323
78,1682649248323
79,1682649248324
80,1682649248324
81,1682649248325
82,1682649248326
83,1682649248326
84,1682649248327
85,1682649248328
86,1682649248329
87,1682649248330
88,1682649248331
89,1682649248331
90,1682649248332
91,1682649248333
92,1682649248333
93,1682649248334
94,1682649248334
95,1682649248335
96,1682649248335
97,1682649248336
98,1682649248337
99,1682649248337
100,1682649248338
101,1682649248338
102,1682649248339
103,1682649248339
104,1682649248340
105,1682649248340
106,1682649248341
107,1682649248341
108,1682649248342
109,1682649248342
110,1682649248343
111,1682649248343
112,1682649248344
113,1682649248344
114,1682649248345
115,1682649248345
116,1682649248345
117,1682649248346
118,1682649248347
119,1682649248347
120,1682649248348
121,1682649248348
122,1682649248349
123,1682649248349
124,1682649248350
125,1682649248350
126,1682649248350
127,1682649248351
128,1682649248351
129,1682649248352
130,1682649248352
131,1682649248353
132,1682649248353
133,1682649248353
134,1682649248354
135,1682649248354
136,1682649248354
137,1682649248355
138,1682649248355
139,1682649248356
140,1682649248356
141,1682649248356
142,1682649248357
143,1682649248357
144,1682649248357
145,1682649248358
146,1682649248358
147,1682649248358
148,1682649248359
149,1682649248359
150,1682649248359
151,1682649248360
152,1682649248360
153,1682649248361
154,1682649248361
155,1682649248361
156,1682649248361
157,1682649248362
158,1682649248362
159,1682649248363
160,1682649248363
161,1682649248363
162,1682649248363
163,1682649248364
164,1682649248364
165,1682649248364
166,1682649248365
167,1682649248365
168,1682649248365
169,1682649248366
170,1682649248366
171,1682649248366
172,1682649248367
173,1682649248367
174,1682649248367
175,1682649248368
176,1682649248368
177,1682649248368
178,1682649248369
179,1682649248369
180,1682649248370
181,1682649248370
182,1682649248370
183,1682649248371
184,1682649248371
185,1682649248371
186,1682649248372
187,1682649248372
188,1682649248373
189,1682649248373
190,1682649248374
191,1682649248374
192,1682649248374
193,1682649248375
194,1682649248376
195,1682649248377
196,1682649248377
197,1682649248378
198,1682649248378
199,1682649248379
200,1682649248379
201,1682649248380
202,1682649248380
203,1682649248380
204,1682649248380
205,1682649248381
206,1682649248381
207,1682649248382
208,1682649248382
209,1682649248382
210,1682649248383
211,1682649248383
212,1682649248383
213,1682649248384
214,1682649248384
215,1682649248384
216,1682649248385
217,1682649248385
218,1682649248385
219,1682649248386
220,1682649248386
221,1682649248386
222,1682649248387
223,1682649248387
224,1682649248387
225,1682649248388
226,1682649248388
227,1682649248389
228,1682649248389
229,1682649248389
230,1682649248390
231,1682649248390
232,1682649248390
233,1682649248391
234,1682649248391
235,1682649248391
236,1682649248392
237,1682649248392
238,1682649248393
239,1682649248394
240,1682649248394
241,1682649248395
242,1682649248395
243,1682649248395
244,1682649248396
245,1682649248396
246,1682649248397
247,1682649248397
248,1682649248397
249,1682649248398
250,1682649248398
251,1682649248398
252,1682649248399
253,1682649248399
254,1682649248399
255,1682649248400
256,1682649248400
257,1682649248400
258,1682649248400
259,1682649248401
260,1682649248401
261,1682649248402
262,1682649248402
263,1682649248402
264,1682649248402
265,1682649248403
266,1682649248403
267,1682649248403
268,1682649248404
269,1682649248404
270,1682649248404
271,1682649248404
272,1682649248405
273,1682649248405
274,1682649248405
275,1682649248405
276,1682649248406
277,1682649248406
278,1682649248407
279,1682649248407
280,1682649248407
281,1682649248408
282,1682649248409
283,1682649248410
284,1682649248410
285,1682649248411
286,1682649248411
287,1682649248411
288,1682649248412
289,1682649248412
290,1682649248413
291,1682649248413
292,1682649248414
293,1682649248414
294,1682649248414
295,1682649248415
296,1682649248415
297,1682649248415
298,1682649248416
299,1682649248416
300,1682649248416
301,1682649248417
302,1682649248417
303,1682649248417
304,1682649248417
305,1682649248418
306,1682649248418
307,1682649248418
308,1682649248418
309,1682649248419
310,1682649248419
311,1682649248419
312,1682649248419
313,1682649248419
314,1682649248420
315,1682649248420
316,1682649248420
317,1682649248420
318,1682649248421
319,1682649248421
320,1682649248421
321,1682649248422
322,1682649248422
323,1682649248422
324,1682649248422
325,1682649248423
326,1682649248423
327,1682649248423
328,1682649248423
329,1682649248424
330,1682649248424
331,1682649248424
332,1682649248424
333,1682649248425
334,1682649248425
335,1682649248426
336,1682649248426
337,1682649248427
338,1682649248427
339,1682649248427
340,1682649248428
341,1682649248428
342,1682649248428
343,1682649248428
344,1682649248428
345,1682649248429
346,1682649248429
347,1682649248429
348,1682649248429
349,1682649248430
350,1682649248430
351,1682649248430
352,1682649248430
353,1682649248430
354,1682649248430
355,1682649248431
356,1682649248431
357,1682649248431
358,1682649248431
359,1682649248431
360,1682649248431
361,1682649248432
362,1682649248432
363,1682649248432
364,1682649248432
365,1682649248432
366,1682649248432
367,1682649248433
368,1682649248433
369,1682649248433
370,1682649248433
371,1682649248433
372,1682649248433
373,1682649248434
374,1682649248434
375,1682649248434
376,1682649248434
377,1682649248434
378,1682649248434
379,1682649248435
380,1682649248435
381,1682649248435
382,1682649248435
383,1682649248436
384,1682649248436
385,1682649248436
386,1682649248436
387,1682649248437
388,1682649248437
389,1682649248437
390,1682649248437
391,1682649248437
392,1682649248438
393,1682649248438
394,1682649248438
395,1682649248438
396,1682649248438
397,1682649248439
398,1682649248439
399,1682649248439
400,1682649248439
401,1682649248440
402,1682649248440
403,1682649248440
404,1682649248440
405,1682649248440
406,1682649248441
407,1682649248441
408,1682649248441
409,1682649248443
410,1682649248443
411,1682649248444
412,1682649248444
413,1682649248444
414,1682649248449
415,1682649248449
416,1682649248449
417,1682649248449
418,1682649248450
419,1682649248450
420,1682649248450
421,1682649248451
422,1682649248451
423,1682649248451
424,1682649248451
425,1682649248452
426,1682649248452
427,1682649248452
428,1682649248452
429,1682649248452
430,1682649248453
431,1682649248453
432,1682649248453
433,1682649248453
434,1682649248454
435,1682649248454
436,1682649248454
437,1682649248455
438,1682649248455
439,1682649248455
440,1682649248455
441,1682649248455
442,1682649248455
443,1682649248456
444,1682649248456
445,1682649248456
446,1682649248456
447,1682649248456
448,1682649248457
449,1682649248457
450,1682649248457
451,1682649248457
452,1682649248457
453,1682649248457
454,1682649248458
455,1682649248458
456,1682649248458
457,1682649248458
458,1682649248458
459,1682649248458
460,1682649248459
461,1682649248459
462,1682649248459
463,1682649248460
464,1682649248460
465,1682649248460
466,1682649248460
467,1682649248461
468,1682649248461
469,1682649248461
470,1682649248461
471,1682649248461
472,1682649248462
473,1682649248462
474,1682649248462
475,1682649248462
476,1682649248463
477,1682649248463
478,1682649248463
479,1682649248463
480,1682649248464
481,1682649248464
482,1682649248464
483,1682649248465
484,1682649248465
485,1682649248465
486,1682649248465
487,1682649248465
488,1682649248466
489,1682649248466
490,1682649248466
491,1682649248466
492,1682649248467
493,1682649248467
494,1682649248467
495,1682649248468
496,1682649248468
497,1682649248468
498,1682649248468
499,1682649248468
500,1682649248469
501,1682649248469
502,1682649248469
503,1682649248469
504,1682649248469
505,1682649248469
506,1682649248469
507,1682649248470
508,1682649248470
509,1682649248470
510,1682649248470
511,1682649248470
512,1682649248470
513,1682649248471
514,1682649248471
515,1682649248471
516,1682649248471
517,1682649248472
518,1682649248472
519,1682649248483
520,1682649248484
521,1682649248484
522,1682649248484
523,1682649248484
524,1682649248485
525,1682649248485
526,1682649248485
527,1682649248485
528,1682649248485
529,1682649248486
530,1682649248486
531,1682649248486
532,1682649248486
533,1682649248487
534,1682649248487
535,1682649248487
536,1682649248487
537,1682649248488
538,1682649248488
539,1682649248488
540,1682649248488
541,1682649248489
542,1682649248489
543,1682649248489
544,1682649248490
545,1682649248490
546,1682649248490
547,1682649248490
548,1682649248491
549,1682649248491
550,1682649248491
551,1682649248491
552,1682649248499
553,1682649248500
554,1682649248500
555,1682649248500
556,1682649248500
557,1682649248500
558,1682649248501
559,1682649248501
560,1682649248501
561,1682649248501
562,1682649248501
563,1682649248502
564,1682649248502
565,1682649248502
566,1682649248502
567,1682649248503
568,1682649248503
569,1682649248503
570,1682649248503
571,1682649248504
572,1682649248504
573,1682649248504
574,1682649248504
575,1682649248505
576,1682649248505
577,1682649248505
578,1682649248505
579,1682649248506
580,1682649248506
581,1682649248515
582,1682649248515
583,1682649248516
584,1682649248516
585,1682649248516
586,1682649248517
587,1682649248517
588,1682649248517
589,1682649248517
590,1682649248518
591,1682649248518
592,1682649248518
593,1682649248518
594,1682649248518
595,1682649248518
596,1682649248519
597,1682649248527
598,1682649248528
599,1682649248528
600,1682649248529
601,1682649248529
602,1682649248529
603,1682649248530
604,1682649248530
605,1682649248530
606,1682649248530
607,1682649248531
608,1682649248531
609,1682649248542
610,1682649248543
611,1682649248543
612,1682649248543
613,1682649248544
614,1682649248545
615,1682649248545
616,1682649248545
617,1682649248545
618,1682649248546
619,1682649248546
620,1682649248546
621,1682649248546
622,1682649248547
623,1682649248547
624,1682649248547
625,1682649248547
626,1682649248548
627,1682649248548
628,1682649248548
629,1682649248548
630,1682649248549
631,1682649248549
632,1682649248549
633,1682649248549
634,1682649248549
635,1682649248550
636,1682649248550
637,1682649248550
638,1682649248551
639,1682649248551
640,1682649248562
641,1682649248563
642,1682649248563
643,1682649248563
644,1682649248563
645,1682649248564
646,1682649248564
647,1682649248564
648,1682649248564
649,1682649248564
650,1682649248565
651,1682649248565
652,1682649248565
653,1682649248565
654,1682649248565
655,1682649248566
656,1682649248566
657,1682649248566
658,1682649248566
659,1682649248567
660,1682649248567
661,1682649248567
662,1682649248576
663,1682649248576
664,1682649248576
665,1682649248577
666,1682649248577
667,1682649248577
668,1682649248577
669,1682649248578
670,1682649248578
671,1682649248578
672,1682649248579
673,1682649248579
674,1682649248579
675,1682649248579
676,1682649248579
677,1682649248580
678,1682649248588
679,1682649248588
680,1682649248588
681,1682649248589
682,1682649248589
683,1682649248589
684,1682649248589
685,1682649248589
686,1682649248590
687,1682649248590
688,1682649248590
689,1682649248590
690,1682649248591
691,1682649248591
692,1682649248591
693,1682649248591
694,1682649248592
695,1682649248592
696,1682649248592
697,1682649248593
698,1682649248593
699,1682649248593
700,1682649248593
701,1682649248593
702,1682649248594
703,1682649248594
704,1682649248594
705,1682649248594
706,1682649248594
707,1682649248595
708,1682649248595
709,1682649248595
710,1682649248595
711,1682649248595
712,1682649248612
713,1682649248612
714,1682649248612
715,1682649248612
716,1682649248613
717,1682649248613
718,1682649248613
719,1682649248613
720,1682649248613
721,1682649248613
722,1682649248613
723,1682649248614
724,1682649248614
725,1682649248614
726,1682649248614
727,1682649248614
728,1682649248614
729,1682649248615
730,1682649248615
731,1682649248615
732,1682649248615
733,1682649248615
734,1682649248616
735,1682649248616
736,1682649248616
737,1682649248616
738,1682649248616
739,1682649248617
740,1682649248617
741,1682649248631
742,1682649248632
743,1682649248632
744,1682649248632
745,1682649248632
746,1682649248632
747,1682649248632
748,1682649248633
749,1682649248633
750,1682649248633
751,1682649248633
752,1682649248633
753,1682649248634
754,1682649248634
755,1682649248634
756,1682649248634
757,1682649248634
758,1682649248634
759,1682649248643
760,1682649248644
761,1682649248644
762,1682649248644
763,1682649248644
764,1682649248644
765,1682649248644
766,1682649248645
767,1682649248645
768,1682649248645
769,1682649248645
770,1682649248645
771,1682649248645
772,1682649248646
773,1682649248646
774,1682649248646
775,1682649248646
776,1682649248655
777,1682649248656
778,1682649248656
779,1682649248656
780,1682649248656
781,1682649248657
782,1682649248657
783,1682649248657
784,1682649248657
785,1682649248657
786,1682649248665
787,1682649248665
788,1682649248665
789,1682649248665
790,1682649248666
791,1682649248666
792,1682649248666
793,1682649248666
794,1682649248666
795,1682649248667
796,1682649248667
797,1682649248667
798,1682649248667
799,1682649248667
800,1682649248667
801,1682649248668
802,1682649248668
803,1682649248668
804,1682649248676
805,1682649248676
806,1682649248676
807,1682649248677
808,1682649248677
809,1682649248677
810,1682649248678
811,1682649248678
812,1682649248679
813,1682649248684
814,1682649248684
815,1682649248685
816,1682649248685
817,1682649248685
818,1682649248685
819,1682649248685
820,1682649248686
821,1682649248686
822,1682649248686
823,1682649248686
824,1682649248686
825,1682649248686
826,1682649248686
827,1682649248687
828,1682649248687
829,1682649248687
830,1682649248687
831,1682649248687
832,1682649248687
833,1682649248688
834,1682649248688
835,1682649248688
836,1682649248688
837,1682649248688
838,1682649248688
839,1682649248689
840,1682649248702
841,1682649248702
842,1682649248712
843,1682649248712
844,1682649248712
845,1682649248712
846,1682649248713
847,1682649248713
848,1682649248713
849,1682649248713
850,1682649248714
851,1682649248714
852,1682649248714
853,1682649248714
854,1682649248715
855,1682649248715
856,1682649248715
857,1682649248715
858,1682649248715
859,1682649248720
860,1682649248720
861,1682649248720
862,1682649248721
863,1682649248721
864,1682649248721
865,1682649248721
866,1682649248721
867,1682649248721
868,1682649248722
869,1682649248722
870,1682649248722
871,1682649248722
872,1682649248722
873,1682649248722
874,1682649248723
875,1682649248723
876,1682649248723
877,1682649248723
878,1682649248723
879,1682649248724
880,1682649248724
881,1682649248724
882,1682649248724
883,1682649248724
884,1682649248724
885,1682649248725
886,1682649248725
887,1682649248725
888,1682649248725
889,1682649248725
890,1682649248726
891,1682649248726
892,1682649248726
893,1682649248726
894,1682649248726
895,1682649248727
896,1682649248727
897,1682649248727
898,1682649248727
899,1682649248752
900,1682649248752
901,1682649248753
902,1682649248753
903,1682649248753
904,1682649248753
905,1682649248753
906,1682649248754
907,1682649248754
908,1682649248754
909,1682649248754
910,1682649248754
911,1682649248759
912,1682649248760
913,1682649248760
914,1682649248760
915,1682649248761
916,1682649248761
917,1682649248761
918,1682649248761
919,1682649248762
920,1682649248762
921,1682649248762
922,1682649248762
923,1682649248762
924,1682649248763
925,1682649248763
926,1682649248763
927,1682649248763
928,1682649248763
929,1682649248763
930,1682649248764
931,1682649248776
932,1682649248776
933,1682649248777
934,1682649248777
935,1682649248777
936,1682649248777
937,1682649248777
938,1682649248778
939,1682649248778
940,1682649248778
941,1682649248778
942,1682649248779
943,1682649248779
944,1682649248779
945,1682649248779
946,1682649248780
947,1682649248780
948,1682649248780
949,1682649248780
950,1682649248781
951,1682649248781
952,1682649248781
953,1682649248781
954,1682649248781
955,1682649248782
956,1682649248782
957,1682649248789
958,1682649248789
959,1682649248790
960,1682649248790
961,1682649248790
962,1682649248790
963,1682649248800
964,1682649248801
965,1682649248801
966,1682649248801
967,1682649248801
968,1682649248801
969,1682649248801
970,1682649248801
971,1682649248802
972,1682649248802
973,1682649248802
974,1682649248802
975,1682649248802
976,1682649248803
977,1682649248803
978,1682649248803
979,1682649248803
980,1682649248803
981,1682649248803
982,1682649248804
983,1682649248804
984,1682649248804
985,1682649248804
986,1682649248805
987,1682649248805
988,1682649248805
989,1682649248805
990,1682649248805
991,1682649248806
992,1682649248806
993,1682649248806
994,1682649248815
995,1682649248815
996,1682649248815
997,1682649248823
998,1682649248824
999,1682649248824
1000,1682649248824
1001,1682649248825
1002,1682649248825
1003,1682649248825
1004,1682649248825
1005,1682649248826
1006,1682649248826
1007,1682649248826
1008,1682649248826
1009,1682649248826
1010,1682649248826
1011,1682649248826
1012,1682649248827
1013,1682649248827
1014,1682649248827
1015,1682649248827
1016,1682649248827
1017,1682649248827
1018,1682649248843
1019,1682649248844
1020,1682649248844
1021,1682649248844
1022,1682649248844
1023,1682649248845
1024,1682649248845
1025,1682649248845
1026,1682649248845
1027,1682649248845
1028,1682649248846
1029,1682649248846
1030,1682649248846
1031,1682649248846
1032,1682649248847
1033,1682649248847
1034,1682649248847
1035,1682649248847
1036,1682649248848
1037,1682649248848
1038,1682649248848
1039,1682649248848
1040,1682649248848
1041,1682649248849
1042,1682649248849
1043,1682649248849
1044,1682649248849
1045,1682649248857
1046,1682649248858
1047,1682649248858
1048,1682649248858
1049,1682649248859
1050,1682649248859
1051,1682649248859
1052,1682649248859
1053,1682649248859
1054,1682649248860
1055,1682649248860
1056,1682649248860
1057,1682649248860
1058,1682649248860
1059,1682649248860
1060,1682649248861
1061,1682649248861
1062,1682649248861
1063,1682649248861
1064,1682649248861
1065,1682649248861
1066,1682649248862
1067,1682649248862
1068,1682649248862
1069,1682649248862
1070,1682649248862
1071,1682649248862
1072,1682649248862
1073,1682649248862
1074,1682649248863
1075,1682649248863
1076,1682649248863
1077,1682649248863
1078,1682649248863
1079,1682649248863
1080,1682649248863
1081,1682649248864
1082,1682649248864
1083,1682649248864
1084,1682649248864
1085,1682649248864
1086,1682649248864
1087,1682649248887
1088,1682649248888
1089,1682649248888
1090,1682649248888
1091,1682649248888
1092,1682649248888
1093,1682649248889
1094,1682649248889
1095,1682649248889
1096,1682649248889
1097,1682649248889
1098,1682649248889
1099,1682649248889
1100,1682649248890
1101,1682649248890
1102,1682649248890
1103,1682649248890
1104,1682649248890
1105,1682649248890
1106,1682649248891
1107,1682649248891
1108,1682649248891
1109,1682649248891
1110,1682649248891
1111,1682649248891
1112,1682649248892
1113,1682649248892
1114,1682649248892
1115,1682649248892
1116,1682649248892
1117,1682649248893
1118,1682649248893
1119,1682649248893
1120,1682649248893
1121,1682649248893
1122,1682649248893
1123,1682649248893
1124,1682649248894
1125,1682649248894
1126,1682649248894
1127,1682649248894
1128,1682649248894
1129,1682649248894
1130,1682649248894
1131,1682649248894
1132,1682649248895
1133,1682649248895
1134,1682649248895
1135,1682649248895
1136,1682649248895
1137,1682649248895
1138,1682649248895
1139,1682649248896
1140,1682649248896
1141,1682649248896
1142,1682649248896
1143,1682649248896
1144,1682649248896
1145,1682649248896
1146,1682649248897
1147,1682649248897
1148,1682649248897
1149,1682649248897
1150,1682649248897
1151,1682649248897
1152,1682649248898
1153,1682649248898
1154,1682649248898
1155,1682649248898
1156,1682649248898
1157,1682649248898
1158,1682649248914
1159,1682649248915
1160,1682649248915
1161,1682649248915
1162,1682649248915
1163,1682649248915
1164,1682649248916
1165,1682649248916
1166,1682649248916
1167,1682649248916
1168,1682649248916
1169,1682649248917
1170,1682649248917
1171,1682649248917
1172,1682649248917
1173,1682649248917
1174,1682649248918
1175,1682649248918
1176,1682649248918
1177,1682649248918
1178,1682649248928
1179,1682649248929
1180,1682649248929
1181,1682649248929
1182,1682649248929
1183,1682649248929
1184,1682649248929
1185,1682649248930
1186,1682649248930
1187,1682649248930
1188,1682649248930
1189,1682649248930
1190,1682649248931
1191,1682649248931
1192,1682649248931
1193,1682649248931
1194,1682649248931
1195,1682649248932
1196,1682649248932
1197,1682649248932
1198,1682649248932
1199,1682649248932
1200,1682649248933
1201,1682649248933
1202,1682649248943
1203,1682649248943
1204,1682649248950
1205,1682649248950
1206,1682649248950
1207,1682649248950
1208,1682649248950
1209,1682649248951
1210,1682649248951
1211,1682649248951
1212,1682649248951
1213,1682649248951
1214,1682649248951
1215,1682649248952
1216,1682649248952
1217,1682649248952
1218,1682649248952
1219,1682649248952
1220,1682649248952
1221,1682649248952
1222,1682649248953
1223,1682649248953
1224,1682649248953
1225,1682649248953
1226,1682649248960
1227,1682649248960
1228,1682649248960
1229,1682649248960
1230,1682649248961
1231,1682649248961
1232,1682649248961
1233,1682649248961
1234,1682649248961
1235,1682649248968
1236,1682649248968
1237,1682649248968
1238,1682649248968
1239,1682649248968
1240,1682649248969
1241,1682649248969
1242,1682649248969
1243,1682649248969
1244,1682649248969
1245,1682649248969
1246,1682649248970
1247,1682649248970
1248,1682649248970
1249,1682649248970
1250,1682649248970
1251,1682649248971
1252,1682649248971
1253,1682649248979
1254,1682649248979
1255,1682649248980
1256,1682649248980
1257,1682649248980
1258,1682649248980
1259,1682649248988
1260,1682649248988
1261,1682649248988
1262,1682649248988
1263,1682649248988
1264,1682649248988
1265,1682649248989
1266,1682649248989
1267,1682649248989
1268,1682649248989
1269,1682649248990
1270,1682649248990
1271,1682649248990
1272,1682649248990
1273,1682649248990
1274,1682649248991
1275,1682649248991
1276,1682649248991
1277,1682649248991
1278,1682649248991
1279,1682649248992
1280,1682649248992
1281,1682649248995
1282,1682649248996
1283,1682649248996
1284,1682649248996
1285,1682649248996
1286,1682649248996
1287,1682649248996
1288,1682649248997
1289,1682649248997
1290,1682649248997
1291,1682649248997
1292,1682649248997
1293,1682649248997
1294,1682649248998
1295,1682649248998
1296,1682649248998
1297,1682649248998
1298,1682649248998
1299,1682649248998
1300,1682649249019
1301,1682649249019
1302,1682649249020
1303,1682649249020
1304,1682649249020
1305,1682649249020
1306,1682649249020
1307,1682649249020
1308,1682649249020
1309,1682649249020
1310,1682649249020
1311,1682649249021
1312,1682649249021
1313,1682649249021
1314,1682649249021
1315,1682649249031
1316,1682649249031
1317,1682649249031
1318,1682649249031
1319,1682649249032
1320,1682649249032
1321,1682649249032
1322,1682649249032
1323,1682649249032
1324,1682649249032
1325,1682649249032
1326,1682649249033
1327,1682649249033
1328,1682649249033
1329,1682649249033
1330,1682649249033
1331,1682649249033
1332,1682649249033
1333,1682649249033
1334,1682649249033
1335,1682649249043
1336,1682649249043
1337,1682649249052
1338,1682649249053
1339,1682649249053
1340,1682649249053
1341,1682649249053
1342,1682649249053
1343,1682649249054
1344,1682649249054
1345,1682649249054
1346,1682649249054
1347,1682649249054
1348,1682649249055
1349,1682649249055
1350,1682649249055
1351,1682649249055
1352,1682649249055
1353,1682649249055
1354,1682649249055
1355,1682649249056
1356,1682649249056
1357,1682649249056
1358,1682649249056
1359,1682649249056
1360,1682649249056
1361,1682649249056
1362,1682649249056
1363,1682649249056
1364,1682649249057
1365,1682649249057
1366,1682649249057
1367,1682649249067
1368,1682649249067
1369,1682649249072
1370,1682649249072
1371,1682649249072
1372,1682649249072
1373,1682649249072
1374,1682649249073
1375,1682649249073
1376,1682649249073
1377,1682649249073
1378,1682649249073
1379,1682649249073
1380,1682649249074
1381,1682649249074
1382,1682649249074
1383,1682649249074
1384,1682649249074
1385,1682649249074
1386,1682649249075
1387,1682649249075
1388,1682649249075
1389,1682649249075
1390,1682649249075
1391,1682649249076
1392,1682649249076
1393,1682649249076
1394,1682649249076
1395,1682649249093
1396,1682649249094
1397,1682649249094
1398,1682649249094
1399,1682649249094
1400,1682649249095
1401,1682649249095
1402,1682649249095
1403,1682649249095
1404,1682649249095
1405,1682649249096
1406,1682649249096
1407,1682649249096
1408,1682649249096
1409,1682649249096
1410,1682649249097
1411,1682649249097
1412,1682649249097
1413,1682649249097
1414,1682649249097
1415,1682649249098
1416,1682649249098
1417,1682649249098
1418,1682649249098
1419,1682649249098
1420,1682649249098
1421,1682649249099
1422,1682649249099
1423,1682649249099
1424,1682649249099
1425,1682649249099
1426,1682649249099
1427,1682649249099
1428,1682649249099
1429,1682649249100
1430,1682649249100
1431,1682649249100
1432,1682649249100
1433,1682649249121
1434,1682649249122
1435,1682649249122
1436,1682649249122
1437,1682649249122
1438,1682649249123
1439,1682649249123
1440,1682649249123
1441,1682649249123
1442,1682649249124
1443,1682649249124
1444,1682649249124
1445,1682649249124
1446,1682649249125
1447,1682649249125
1448,1682649249125
1449,1682649249125
1450,1682649249126
1451,1682649249126
1452,1682649249126
1453,1682649249126
1454,1682649249126
1455,1682649249127
1456,1682649249127
1457,1682649249127
1458,1682649249127
1459,1682649249127
1460,1682649249128
1461,1682649249128
1462,1682649249128
1463,1682649249128
1464,1682649249128
1465,1682649249129
1466,1682649249129
1467,1682649249129
1468,1682649249129
1469,1682649249129
1470,1682649249130
1471,1682649249131
1472,1682649249131
1473,1682649249132
1474,1682649249132
1475,1682649249132
1476,1682649249132
1477,1682649249132
1478,1682649249133
1479,1682649249133
1480,1682649249133
1481,1682649249133
1482,1682649249133
1483,1682649249133
1484,1682649249134
1485,1682649249134
1486,1682649249134
1487,1682649249134
1488,1682649249134
1489,1682649249134
1490,1682649249135
1491,1682649249135
1492,1682649249135
1493,1682649249135
1494,1682649249135
1495,1682649249135
1496,1682649249135
1497,1682649249136
1498,1682649249136
1499,1682649249136
1500,1682649249146
1501,1682649249146
1502,1682649249146
1503,1682649249146
1504,1682649249146
1505,1682649249147
1506,1682649249147
1507,1682649249155
1508,1682649249156
1509,1682649249156
1510,1682649249156
1511,1682649249156
1512,1682649249157
1513,1682649249157
1514,1682649249157
1515,1682649249157
1516,1682649249157
1517,1682649249158
1518,1682649249158
1519,1682649249158
1520,1682649249158
1521,1682649249158
1522,1682649249158
1523,1682649249159
1524,1682649249159
1525,1682649249159
1526,1682649249159
1527,1682649249160
1528,1682649249160
1529,1682649249160
1530,1682649249160
1531,1682649249160
1532,1682649249161
1533,1682649249161
1534,1682649249161
1535,1682649249161
1536,1682649249162
1537,1682649249162
1538,1682649249162
1539,1682649249162
1540,1682649249162
1541,1682649249162
1542,1682649249162
1543,1682649249163
1544,1682649249163
1545,1682649249163
1546,1682649249163
1547,1682649249163
1548,1682649249164
1549,1682649249164
1550,1682649249164
1551,1682649249164
1552,1682649249164
1553,1682649249164
1554,1682649249164
1555,1682649249164
1556,1682649249165
1557,1682649249165
1558,1682649249175
1559,1682649249176
1560,1682649249176
1561,1682649249176
1562,1682649249176
1563,1682649249176
1564,1682649249177
1565,1682649249177
1566,1682649249177
1567,1682649249177
1568,1682649249177
1569,1682649249178
1570,1682649249178
1571,1682649249178
1572,1682649249178
1573,1682649249178
1574,1682649249178
1575,1682649249179
1576,1682649249179
1577,1682649249179
1578,1682649249179
1579,1682649249179
1580,1682649249179
1581,1682649249180
1582,1682649249180
1583,1682649249180
1584,1682649249180
1585,1682649249180
1586,1682649249180
1587,1682649249181
1588,1682649249181
1589,1682649249181
1590,1682649249181
1591,1682649249181
1592,1682649249181
1593,1682649249181
1594,1682649249181
1595,1682649249181
1596,1682649249181
1597,1682649249182
1598,1682649249182
1599,1682649249182
1600,1682649249182
1601,1682649249182
1602,1682649249182
1603,1682649249182
1604,1682649249182
1605,1682649249182
1606,1682649249182
1607,1682649249193
1608,1682649249193
1609,1682649249193
1610,1682649249194
1611,1682649249194
1612,1682649249194
1613,1682649249194
1614,1682649249194
1615,1682649249195
1616,1682649249195
1617,1682649249195
1618,1682649249195
1619,1682649249195
1620,1682649249195
1621,1682649249196
1622,1682649249196
1623,1682649249196
1624,1682649249196
1625,1682649249196
1626,1682649249197
1627,1682649249197
1628,1682649249197
1629,1682649249197
1630,1682649249197
1631,1682649249197
1632,1682649249198
1633,1682649249198
1634,1682649249198
1635,1682649249198
1636,1682649249198
1637,1682649249198
1638,1682649249198
1639,1682649249199
1640,1682649249199
1641,1682649249199
1642,1682649249199
1643,1682649249199
1644,1682649249199
1645,1682649249199
1646,1682649249199
1647,1682649249200
1648,1682649249200
1649,1682649249200
1650,1682649249200
1651,1682649249200
1652,1682649249200
1653,1682649249200
1654,1682649249200
1655,1682649249200
1656,1682649249200
1657,1682649249200
1658,1682649249200
1659,1682649249214
1660,1682649249214
1661,1682649249215
1662,1682649249215
1663,1682649249215
1664,1682649249215
1665,1682649249215
1666,1682649249216
1667,1682649249216
1668,1682649249216
1669,1682649249216
1670,1682649249216
1671,1682649249217
1672,1682649249217
1673,1682649249217
1674,1682649249217
1675,1682649249217
1676,1682649249218
1677,1682649249218
1678,1682649249218
1679,1682649249218
1680,1682649249218
1681,1682649249218
1682,1682649249219
1683,1682649249219
1684,1682649249219
1685,1682649249219
1686,1682649249219
1687,1682649249219
1688,1682649249220
1689,1682649249220
1690,1682649249220
1691,1682649249220
1692,1682649249220
1693,1682649249221
1694,1682649249221
1695,1682649249221
1696,1682649249221
1697,1682649249227
1698,1682649249228
1699,1682649249228
1700,1682649249228
1701,1682649249228
1702,1682649249228
1703,1682649249232
1704,1682649249232
1705,1682649249232
1706,1682649249232
1707,1682649249232
1708,1682649249233
1709,1682649249233
1710,1682649249233
1711,1682649249233
1712,1682649249233
1713,1682649249234
1714,1682649249234
1715,1682649249234
1716,1682649249234
1717,1682649249235
1718,1682649249235
1719,1682649249235
1720,1682649249235
1721,1682649249235
1722,1682649249236
1723,1682649249236
1724,1682649249236
1725,1682649249236
1726,1682649249236
1727,1682649249237
1728,1682649249277
1729,1682649249278
1730,1682649249278
1731,1682649249278
1732,1682649249279
1733,1682649249279
1734,1682649249279
1735,1682649249280
1736,1682649249280
1737,1682649249280
1738,1682649249280
1739,1682649249281
1740,1682649249281
1741,1682649249281
1742,1682649249281
1743,1682649249282
1744,1682649249282
1745,1682649249282
1746,1682649249283
1747,1682649249283
1748,1682649249283
1749,1682649249283
1750,1682649249284
1751,1682649249284
1752,1682649249284
1753,1682649249284
1754,1682649249284
1755,1682649249285
1756,1682649249285
1757,1682649249285
1758,1682649249285
1759,1682649249285
1760,1682649249286
1761,1682649249286
1762,1682649249286
1763,1682649249286
1764,1682649249286
1765,1682649249287
1766,1682649249287
1767,1682649249287
1768,1682649249287
1769,1682649249287
1770,1682649249288
1771,1682649249288
1772,1682649249288
1773,1682649249288
1774,1682649249288
1775,1682649249289
1776,1682649249289
1777,1682649249289
1778,1682649249289
1779,1682649249290
1780,1682649249290
1781,1682649249290
1782,1682649249290
1783,1682649249291
1784,1682649249291
1785,1682649249291
1786,1682649249291
1787,1682649249292
1788,1682649249292
1789,1682649249292
1790,1682649249292
1791,1682649249293
1792,1682649249293
1793,1682649249293
1794,1682649249293
1795,1682649249293
1796,1682649249294
1797,1682649249294
1798,1682649249294
1799,1682649249294
1800,1682649249294
1801,1682649249295
1802,1682649249295
1803,1682649249295
1804,1682649249295
1805,1682649249295
1806,1682649249296
1807,1682649249296
1808,1682649249296
1809,1682649249296
1810,1682649249297
1811,1682649249297
1812,1682649249297
1813,1682649249297
1814,1682649249297
1815,1682649249298
1816,1682649249298
1817,1682649249298
1818,1682649249298
1819,1682649249299
1820,1682649249299
1821,1682649249299
1822,1682649249299
1823,1682649249300
1824,1682649249300
1825,1682649249300
1826,1682649249301
1827,1682649249301
1828,1682649249301
1829,1682649249301
1830,1682649249302
1831,1682649249302
1832,1682649249302
1833,1682649249302
1834,1682649249303
1835,1682649249303
1836,1682649249303
1837,1682649249304
1838,1682649249304
1839,1682649249304
1840,1682649249304
1841,1682649249304
1842,1682649249305
1843,1682649249305
1844,1682649249305
1845,1682649249305
1846,1682649249305
1847,1682649249306
1848,1682649249306
1849,1682649249306
1850,1682649249306
1851,1682649249306
1852,1682649249307
1853,1682649249307
1854,1682649249307
1855,1682649249307
1856,1682649249307
1857,1682649249307
1858,1682649249308
1859,1682649249308
1860,1682649249308
1861,1682649249308
1862,1682649249308
1863,1682649249308
1864,1682649249309
1865,1682649249309
1866,1682649249309
1867,1682649249309
1868,1682649249309
1869,1682649249309
1870,1682649249309
1871,1682649249310
1872,1682649249310
1873,1682649249310
1874,1682649249310
1875,1682649249310
1876,1682649249310
1877,1682649249310
1878,1682649249310
1879,1682649249311
1880,1682649249311
1881,1682649249311
1882,1682649249311
1883,1682649249311
1884,1682649249311
1885,1682649249311
1886,1682649249311
1887,1682649249311
1888,1682649249312
1889,1682649249312
1890,1682649249312
1891,1682649249312
1892,1682649249312
1893,1682649249312
1894,1682649249312
1895,1682649249313
1896,1682649249313
1897,1682649249313
1898,1682649249313
1899,1682649249313
1900,1682649249313
1901,1682649249314
1902,1682649249314
1903,1682649249314
1904,1682649249314
1905,1682649249314
1906,1682649249314
1907,1682649249314
1908,1682649249314
1909,1682649249314
1910,1682649249315
1911,1682649249315
1912,1682649249315
1913,1682649249315
1914,1682649249315
1915,1682649249315
1916,1682649249315
1917,1682649249315
1918,1682649249315
1919,1682649249315
1920,1682649249315
1921,1682649249316
1922,1682649249316
1923,1682649249316
1924,1682649249316
1925,1682649249316
1926,1682649249316
1927,1682649249316
1928,1682649249316
1929,1682649249316
1930,1682649249316
1931,1682649249316
1932,1682649249316
1933,1682649249317
1934,1682649249317
1935,1682649249317
1936,1682649249317
1937,1682649249317
1938,1682649249317
1939,1682649249317
1940,1682649249317
1941,1682649249317
1942,1682649249318
1943,1682649249318
1944,1682649249318
1945,1682649249318
1946,1682649249318
1947,1682649249318
1948,1682649249318
1949,1682649249318
1950,1682649249319
1951,1682649249319
1952,1682649249319
1953,1682649249319
1954,1682649249319
1955,1682649249319
1956,1682649249319
1957,1682649249320
1958,1682649249320
1959,1682649249320
1960,1682649249320
1961,1682649249320
1962,1682649249320
1963,1682649249320
1964,1682649249320
1965,1682649249320
1966,1682649249320
1967,1682649249320
1968,1682649249321
1969,1682649249321
1970,1682649249321
1971,1682649249321
1972,1682649249321
1973,1682649249321
1974,1682649249321
1975,1682649249321
1976,1682649249321
1977,1682649249321
1978,1682649249321
1979,1682649249321
1980,1682649249322
1981,1682649249322
1982,1682649249322
1983,1682649249322
1984,1682649249322
1985,1682649249322
1986,1682649249322
1987,1682649249322
1988,1682649249322
1989,1682649249322
1990,1682649249323
1991,1682649249323
1992,1682649249323
1993,1682649249323
1994,1682649249323
1995,1682649249323
1996,1682649249323
1997,1682649249323
1998,1682649249323
1999,1682649249323
2000,1682649249324
2001,1682649249324
2002,1682649249324
2003,1682649249324
2004,1682649249324
2005,1682649249324
2006,1682649249324
2007,1682649249324
2008,1682649249324
2009,1682649249324
2010,1682649249325
2011,1682649249325
2012,1682649249325
2013,1682649249325
2014,1682649249325
2015,1682649249325
2016,1682649249325
2017,1682649249325
2018,1682649249325
2019,1682649249326
2020,1682649249326
2021,1682649249326
2022,1682649249326
2023,1682649249326
2024,1682649249326
2025,1682649249326
2026,1682649249326
2027,1682649249326
2028,1682649249326
2029,1682649249326
2030,1682649249326
2031,1682649249327
2032,1682649249327
2033,1682649249327
2034,1682649249327
2035,1682649249335
2036,1682649249336
2037,1682649249336
2038,1682649249336
2039,1682649249336
2040,1682649249336
2041,1682649249337
2042,1682649249337
2043,1682649249337
2044,1682649249337
2045,1682649249337
2046,1682649249338
2047,1682649249338
2048,1682649249338
