1,1682648588550
2,1682648588551
3,1682648588552
4,1682648588553
5,1682648588555
6,1682648588557
7,1682648588558
8,1682648588560
9,1682648588561
10,1682648588562
11,1682648588563
12,1682648588564
13,1682648588575
14,1682648588576
15,1682648588760
16,1682648588760
17,1682648588760
18,1682648588761
19,1682648588761
20,1682648588762
21,1682648588762
22,1682648588823
23,1682648588824
24,1682648588824
25,1682648588825
26,1682648588825
27,1682648588825
28,1682648588826
29,1682648588826
30,1682648588826
31,1682648588826
32,1682648588827
33,1682648588957
34,1682648588957
35,1682648588958
36,1682648588959
37,1682648588960
38,1682648588960
39,1682648588961
40,1682648588961
41,1682648588962
42,1682648588962
43,1682648588963
44,1682648588963
45,1682648588964
46,1682648588964
47,1682648589056
48,1682648589056
49,1682648589057
50,1682648589057
51,1682648589057
52,1682648589058
53,1682648589058
54,1682648589058
55,1682648589058
56,1682648589058
57,1682648589059
58,1682648589059
59,1682648589059
60,1682648589059
61,1682648589060
62,1682648589060
63,1682648589060
64,1682648589061
65,1682648589061
66,1682648589061
67,1682648589061
68,1682648589062
69,1682648589062
70,1682648589062
71,1682648589063
72,1682648589063
73,1682648589063
74,1682648589063
75,1682648589226
76,1682648589227
77,1682648589228
78,1682648589229
79,1682648589230
80,1682648589231
81,1682648589232
82,1682648589233
83,1682648589234
84,1682648589236
85,1682648589238
86,1682648589240
87,1682648589241
88,1682648589241
89,1682648589242
90,1682648589246
91,1682648589247
92,1682648589249
93,1682648589249
94,1682648589250
95,1682648589251
96,1682648589252
97,1682648589253
98,1682648589255
99,1682648589257
100,1682648589260
101,1682648589261
102,1682648589262
103,1682648589264
104,1682648589265
105,1682648589265
106,1682648589266
107,1682648589267
108,1682648589267
109,1682648589283
110,1682648589311
111,1682648589344
112,1682648589350
113,1682648589351
114,1682648589523
115,1682648589524
116,1682648589528
117,1682648589532
118,1682648589533
119,1682648589534
120,1682648589534
121,1682648589535
122,1682648589536
123,1682648589536
124,1682648589536
125,1682648589540
126,1682648589541
127,1682648589541
128,1682648589542
129,1682648589542
130,1682648589543
131,1682648589544
132,1682648589544
133,1682648589545
134,1682648589546
135,1682648589547
136,1682648589548
137,1682648589548
138,1682648589549
139,1682648589549
140,1682648589550
141,1682648589550
142,1682648589551
143,1682648589551
144,1682648589552
145,1682648589552
146,1682648589552
147,1682648589553
148,1682648589554
149,1682648589555
150,1682648589555
151,1682648589556
152,1682648589557
153,1682648589557
154,1682648589558
155,1682648589558
156,1682648589559
157,1682648589560
158,1682648589561
159,1682648589561
160,1682648589562
161,1682648589562
162,1682648589562
163,1682648589563
164,1682648589563
165,1682648589564
166,1682648589565
167,1682648589566
168,1682648589568
169,1682648589569
170,1682648589575
171,1682648589581
172,1682648589591
173,1682648589594
174,1682648589597
175,1682648589597
176,1682648589598
177,1682648589600
178,1682648589609
179,1682648589617
180,1682648589626
181,1682648589628
182,1682648589636
183,1682648589639
184,1682648589734
185,1682648589734
186,1682648589735
187,1682648589735
188,1682648589736
189,1682648589736
190,1682648589739
191,1682648589740
192,1682648589741
193,1682648589742
194,1682648589744
195,1682648589744
196,1682648589745
197,1682648589746
198,1682648589747
199,1682648589749
200,1682648589749
201,1682648589750
202,1682648589751
203,1682648589751
204,1682648589752
205,1682648589752
206,1682648589753
207,1682648589753
208,1682648589756
209,1682648589758
210,1682648589761
211,1682648589762
212,1682648589763
213,1682648589763
214,1682648589764
215,1682648589764
216,1682648589765
217,1682648589765
218,1682648589765
219,1682648589766
220,1682648589766
221,1682648589768
222,1682648589768
223,1682648589769
224,1682648589769
225,1682648589774
226,1682648589775
227,1682648589777
228,1682648589778
229,1682648589778
230,1682648589779
231,1682648589779
232,1682648589780
233,1682648589781
234,1682648589782
235,1682648589783
236,1682648589785
237,1682648589785
238,1682648589786
239,1682648589787
240,1682648589794
241,1682648589795
242,1682648589798
243,1682648589799
244,1682648589800
245,1682648589800
246,1682648589802
247,1682648589802
248,1682648589807
249,1682648589809
250,1682648589812
251,1682648589813
252,1682648589815
253,1682648589816
254,1682648589819
255,1682648589820
256,1682648589823
257,1682648589824
258,1682648589827
259,1682648589829
260,1682648589831
261,1682648589832
262,1682648589832
263,1682648589833
264,1682648589834
265,1682648589836
266,1682648589837
267,1682648589839
268,1682648589841
269,1682648589841
270,1682648589842
271,1682648589843
272,1682648589844
273,1682648589844
274,1682648589845
275,1682648589845
276,1682648589846
277,1682648589974
278,1682648589975
279,1682648589975
280,1682648589977
281,1682648589977
282,1682648589978
283,1682648589979
284,1682648589979
285,1682648589979
286,1682648589980
287,1682648589981
288,1682648589981
289,1682648589981
290,1682648589982
291,1682648589982
292,1682648589983
293,1682648589983
294,1682648589983
295,1682648589984
296,1682648589984
297,1682648589985
298,1682648589985
299,1682648589989
300,1682648589990
301,1682648589990
302,1682648589991
303,1682648589992
304,1682648589992
305,1682648589993
306,1682648589994
307,1682648589994
308,1682648589995
309,1682648589996
310,1682648589996
311,1682648589997
312,1682648589997
313,1682648589998
314,1682648589998
315,1682648589998
316,1682648589998
317,1682648589999
318,1682648589999
319,1682648589999
320,1682648590000
321,1682648590000
322,1682648590000
323,1682648590001
324,1682648590001
325,1682648590002
326,1682648590002
327,1682648590002
328,1682648590003
329,1682648590003
330,1682648590006
331,1682648590007
332,1682648590010
333,1682648590011
334,1682648590012
335,1682648590012
336,1682648590013
337,1682648590013
338,1682648590016
339,1682648590018
340,1682648590025
341,1682648590029
342,1682648590031
343,1682648590034
344,1682648590035
345,1682648590041
346,1682648590043
347,1682648590044
348,1682648590044
349,1682648590045
350,1682648590144
351,1682648590144
352,1682648590144
353,1682648590144
354,1682648590145
355,1682648590145
356,1682648590145
357,1682648590145
358,1682648590145
359,1682648590145
360,1682648590146
361,1682648590146
362,1682648590146
363,1682648590146
364,1682648590146
365,1682648590147
366,1682648590147
367,1682648590147
368,1682648590147
369,1682648590147
370,1682648590148
371,1682648590148
372,1682648590148
373,1682648590148
374,1682648590149
375,1682648590149
376,1682648590149
377,1682648590476
378,1682648590476
379,1682648590476
380,1682648590476
381,1682648590477
382,1682648590477
383,1682648590477
384,1682648590477
385,1682648590477
386,1682648590477
387,1682648590478
388,1682648590478
389,1682648590478
390,1682648590478
391,1682648590478
392,1682648590479
393,1682648590479
394,1682648590479
395,1682648590479
396,1682648590479
397,1682648590480
398,1682648590480
399,1682648590480
400,1682648590480
401,1682648590480
402,1682648590481
403,1682648590481
404,1682648590481
405,1682648590481
406,1682648590481
407,1682648590482
408,1682648590482
409,1682648590482
410,1682648590482
411,1682648590482
412,1682648590482
413,1682648590483
414,1682648590483
415,1682648590483
416,1682648590483
417,1682648590483
418,1682648590484
419,1682648590484
420,1682648590484
421,1682648590484
422,1682648590484
423,1682648590485
424,1682648590485
425,1682648590485
426,1682648590486
427,1682648590486
428,1682648590487
429,1682648590488
430,1682648590488
431,1682648590489
432,1682648590489
433,1682648590490
434,1682648590490
435,1682648590490
436,1682648590491
437,1682648590491
438,1682648590491
439,1682648590492
440,1682648590492
441,1682648590492
442,1682648590492
443,1682648590493
444,1682648590493
445,1682648590493
446,1682648590493
447,1682648590494
448,1682648590494
449,1682648590494
450,1682648590495
451,1682648590495
452,1682648590495
453,1682648590495
454,1682648590495
455,1682648590496
456,1682648590496
457,1682648590496
458,1682648590496
459,1682648590497
460,1682648590497
461,1682648590497
462,1682648590497
463,1682648590497
464,1682648590498
465,1682648590498
466,1682648590498
467,1682648590499
468,1682648590499
469,1682648590499
470,1682648590499
471,1682648590500
472,1682648590500
473,1682648590500
474,1682648590500
475,1682648590501
476,1682648590501
477,1682648590501
478,1682648590501
479,1682648590502
480,1682648590502
481,1682648590502
482,1682648590502
483,1682648590503
484,1682648590503
485,1682648590503
486,1682648590504
487,1682648590504
488,1682648590504
489,1682648590504
490,1682648590505
491,1682648590505
492,1682648590505
493,1682648590506
494,1682648590506
495,1682648590506
496,1682648590506
497,1682648590507
498,1682648590507
499,1682648590508
500,1682648590508
501,1682648590509
502,1682648590509
503,1682648590509
504,1682648590509
505,1682648590510
506,1682648590510
507,1682648590510
508,1682648590510
509,1682648590510
510,1682648590511
511,1682648590511
512,1682648590511
513,1682648590511
514,1682648590511
515,1682648590512
516,1682648590512
517,1682648590512
518,1682648590512
519,1682648590512
520,1682648590513
521,1682648590513
522,1682648590513
523,1682648590513
524,1682648590513
525,1682648590514
526,1682648590514
527,1682648590515
528,1682648590518
529,1682648590518
530,1682648590518
531,1682648590519
532,1682648590519
533,1682648590519
534,1682648590519
535,1682648590520
536,1682648590520
537,1682648590521
538,1682648590521
539,1682648590522
540,1682648590522
541,1682648590670
542,1682648590671
543,1682648590671
544,1682648590671
545,1682648590671
546,1682648590671
547,1682648590672
548,1682648590672
549,1682648590672
550,1682648590672
551,1682648590672
552,1682648590672
553,1682648590673
554,1682648590673
555,1682648590673
556,1682648590673
557,1682648590673
558,1682648590673
559,1682648590673
560,1682648590674
561,1682648590674
562,1682648590674
563,1682648590674
564,1682648590674
565,1682648590675
566,1682648590675
567,1682648590675
568,1682648590675
569,1682648590675
570,1682648590675
571,1682648590675
572,1682648590676
573,1682648590676
574,1682648590676
575,1682648590676
576,1682648590676
577,1682648590677
578,1682648590677
579,1682648590677
580,1682648590677
581,1682648590677
582,1682648590678
583,1682648590678
584,1682648590678
585,1682648590678
586,1682648590678
587,1682648590678
588,1682648590679
589,1682648590679
590,1682648590679
591,1682648590679
592,1682648590680
593,1682648590680
594,1682648590680
595,1682648590680
596,1682648590680
597,1682648590681
598,1682648590681
599,1682648590681
600,1682648590681
601,1682648590681
602,1682648590879
603,1682648590879
604,1682648590879
605,1682648590879
606,1682648590880
607,1682648590880
608,1682648590880
609,1682648590880
610,1682648590880
611,1682648590880
612,1682648590881
613,1682648590881
614,1682648590881
615,1682648590881
616,1682648590881
617,1682648590881
618,1682648590882
619,1682648590882
620,1682648590882
621,1682648590882
622,1682648590882
623,1682648590882
624,1682648590882
625,1682648590883
626,1682648590883
627,1682648590883
628,1682648590883
629,1682648590883
630,1682648590883
631,1682648590884
632,1682648590884
633,1682648590884
634,1682648590884
635,1682648590884
636,1682648590885
637,1682648590885
638,1682648590885
639,1682648590885
640,1682648590886
641,1682648590886
642,1682648590886
643,1682648590886
644,1682648590887
645,1682648590887
646,1682648590887
647,1682648590888
648,1682648590888
649,1682648590889
650,1682648590889
651,1682648590889
652,1682648590889
653,1682648590890
654,1682648590890
655,1682648590890
656,1682648590890
657,1682648590890
658,1682648590891
659,1682648590891
660,1682648590891
661,1682648590891
662,1682648590891
663,1682648590892
664,1682648590892
665,1682648590892
666,1682648590892
667,1682648590892
668,1682648590893
669,1682648590893
670,1682648590893
671,1682648590893
672,1682648590893
673,1682648590894
674,1682648590894
675,1682648590894
676,1682648590894
677,1682648590894
678,1682648590895
679,1682648590895
680,1682648590895
681,1682648590895
682,1682648590895
683,1682648590895
684,1682648590896
685,1682648590896
686,1682648590896
687,1682648590896
688,1682648590896
689,1682648590897
690,1682648590897
691,1682648590897
692,1682648590897
693,1682648590897
694,1682648590897
695,1682648590898
696,1682648590898
697,1682648590898
698,1682648590898
699,1682648590898
700,1682648590899
701,1682648590899
702,1682648590899
703,1682648590899
704,1682648590899
705,1682648590900
706,1682648590900
707,1682648590900
708,1682648590900
709,1682648590900
710,1682648590900
711,1682648590901
712,1682648590901
713,1682648590901
714,1682648590901
715,1682648590901
716,1682648590902
717,1682648590902
718,1682648590902
719,1682648590902
720,1682648590902
721,1682648590903
722,1682648590986
723,1682648590987
724,1682648590987
725,1682648590987
726,1682648590987
727,1682648590987
728,1682648590988
729,1682648590988
730,1682648590988
731,1682648590988
732,1682648590988
733,1682648590989
734,1682648590989
735,1682648590989
736,1682648590989
737,1682648590989
738,1682648590990
739,1682648590990
740,1682648590990
741,1682648590990
742,1682648590991
743,1682648590991
744,1682648590991
745,1682648590992
746,1682648590992
747,1682648590992
748,1682648590992
749,1682648590993
750,1682648590993
751,1682648590993
752,1682648590993
753,1682648590993
754,1682648590994
755,1682648590994
756,1682648590994
757,1682648590994
758,1682648590994
759,1682648590995
760,1682648590995
761,1682648590995
762,1682648590995
763,1682648590995
764,1682648590996
765,1682648590996
766,1682648590996
767,1682648590996
768,1682648590997
769,1682648591265
770,1682648591265
771,1682648591265
772,1682648591265
773,1682648591266
774,1682648591266
775,1682648591266
776,1682648591266
777,1682648591266
778,1682648591266
779,1682648591267
780,1682648591267
781,1682648591267
782,1682648591267
783,1682648591267
784,1682648591267
785,1682648591268
786,1682648591268
787,1682648591268
788,1682648591268
789,1682648591268
790,1682648591269
791,1682648591269
792,1682648591269
793,1682648591269
794,1682648591269
795,1682648591269
796,1682648591270
797,1682648591270
798,1682648591270
799,1682648591270
800,1682648591271
801,1682648591271
802,1682648591271
803,1682648591271
804,1682648591271
805,1682648591272
806,1682648591272
807,1682648591272
808,1682648591273
809,1682648591273
810,1682648591273
811,1682648591273
812,1682648591274
813,1682648591274
814,1682648591274
815,1682648591274
816,1682648591275
817,1682648591275
818,1682648591275
819,1682648591275
820,1682648591276
821,1682648591276
822,1682648591276
823,1682648591276
824,1682648591277
825,1682648591277
826,1682648591277
827,1682648591277
828,1682648591277
829,1682648591278
830,1682648591278
831,1682648591278
832,1682648591278
833,1682648591278
834,1682648591279
835,1682648591279
836,1682648591279
837,1682648591279
838,1682648591279
839,1682648591280
840,1682648591280
841,1682648591280
842,1682648591280
843,1682648591280
844,1682648591280
845,1682648591281
846,1682648591281
847,1682648591281
848,1682648591281
849,1682648591281
850,1682648591282
851,1682648591282
852,1682648591282
853,1682648591282
854,1682648591282
855,1682648591282
856,1682648591282
857,1682648591282
858,1682648591283
859,1682648591283
860,1682648591283
861,1682648591283
862,1682648591283
863,1682648591283
864,1682648591283
865,1682648591284
866,1682648591284
867,1682648591284
868,1682648591284
869,1682648591284
870,1682648591284
871,1682648591284
872,1682648591285
873,1682648591285
874,1682648591285
875,1682648591285
876,1682648591285
877,1682648591285
878,1682648591285
879,1682648591286
880,1682648591286
881,1682648591286
882,1682648591286
883,1682648591286
884,1682648591287
885,1682648591287
886,1682648591287
887,1682648591288
888,1682648591288
889,1682648591288
890,1682648591288
891,1682648591289
892,1682648591289
893,1682648591435
894,1682648591435
895,1682648591436
896,1682648591436
897,1682648591436
898,1682648591436
899,1682648591436
900,1682648591436
901,1682648591436
902,1682648591437
903,1682648591437
904,1682648591437
905,1682648591437
906,1682648591437
907,1682648591437
908,1682648591438
909,1682648591438
910,1682648591438
911,1682648591438
912,1682648591438
913,1682648591438
914,1682648591439
915,1682648591439
916,1682648591439
917,1682648591439
918,1682648591439
919,1682648591439
920,1682648591439
921,1682648591439
922,1682648591440
923,1682648591440
924,1682648591440
925,1682648591440
926,1682648591440
927,1682648591440
928,1682648591440
929,1682648591440
930,1682648591441
931,1682648591441
932,1682648591441
933,1682648591441
934,1682648591441
935,1682648591441
936,1682648591441
937,1682648591441
938,1682648591442
939,1682648591442
940,1682648591442
941,1682648591442
942,1682648591442
943,1682648591442
944,1682648591442
945,1682648591443
946,1682648591443
947,1682648591443
948,1682648591443
949,1682648591443
950,1682648591443
951,1682648591443
952,1682648591443
953,1682648591444
954,1682648591444
955,1682648591444
956,1682648591444
957,1682648591444
958,1682648591444
959,1682648591444
960,1682648591444
961,1682648591444
962,1682648591445
963,1682648591445
964,1682648591445
965,1682648591445
966,1682648591445
967,1682648591445
968,1682648591445
969,1682648591445
970,1682648591446
971,1682648591446
972,1682648591446
973,1682648591446
974,1682648591446
975,1682648591446
976,1682648591446
977,1682648591446
978,1682648591447
979,1682648591447
980,1682648591447
981,1682648591447
982,1682648591447
983,1682648591447
984,1682648591447
985,1682648591447
986,1682648591448
987,1682648591448
988,1682648591448
989,1682648591448
990,1682648591448
991,1682648591448
992,1682648591448
993,1682648591449
994,1682648591449
995,1682648591449
996,1682648591449
997,1682648591449
998,1682648591450
999,1682648591450
1000,1682648591450
1001,1682648591450
1002,1682648591450
1003,1682648591451
1004,1682648591451
1005,1682648591451
1006,1682648591451
1007,1682648591451
1008,1682648591451
1009,1682648591451
1010,1682648591627
1011,1682648591627
1012,1682648591627
1013,1682648591628
1014,1682648591628
1015,1682648591628
1016,1682648591628
1017,1682648591629
1018,1682648591629
1019,1682648591629
1020,1682648591629
1021,1682648591630
1022,1682648591630
1023,1682648591630
1024,1682648591630
1025,1682648591630
1026,1682648591631
1027,1682648591631
1028,1682648591631
1029,1682648591631
1030,1682648591631
1031,1682648591632
1032,1682648591632
1033,1682648591632
1034,1682648591632
1035,1682648591632
1036,1682648591632
1037,1682648591633
1038,1682648591633
1039,1682648591633
1040,1682648591633
1041,1682648591633
1042,1682648591634
1043,1682648591634
1044,1682648591634
1045,1682648591634
1046,1682648591634
1047,1682648591635
1048,1682648591635
1049,1682648591635
1050,1682648591635
1051,1682648591635
1052,1682648591635
1053,1682648591635
1054,1682648591635
1055,1682648591636
1056,1682648591636
1057,1682648591636
1058,1682648591636
1059,1682648591636
1060,1682648591636
1061,1682648591636
1062,1682648591637
1063,1682648591637
1064,1682648591637
1065,1682648591637
1066,1682648591637
1067,1682648591637
1068,1682648591638
1069,1682648591638
1070,1682648591638
1071,1682648591638
1072,1682648591638
1073,1682648591639
1074,1682648591639
1075,1682648591639
1076,1682648591639
1077,1682648591639
1078,1682648591639
1079,1682648591640
1080,1682648591640
1081,1682648591640
1082,1682648591640
1083,1682648591640
1084,1682648591640
1085,1682648591641
1086,1682648591641
1087,1682648591641
1088,1682648591641
1089,1682648591641
1090,1682648591641
1091,1682648591642
1092,1682648591642
1093,1682648591642
1094,1682648591642
1095,1682648591642
1096,1682648591643
1097,1682648591643
1098,1682648591643
1099,1682648591643
1100,1682648591643
1101,1682648591643
1102,1682648591643
1103,1682648591644
1104,1682648591644
1105,1682648591644
1106,1682648591644
1107,1682648591644
1108,1682648591891
1109,1682648591891
1110,1682648591891
1111,1682648591891
1112,1682648591891
1113,1682648591891
1114,1682648591892
1115,1682648591892
1116,1682648591892
1117,1682648591892
1118,1682648591892
1119,1682648591892
1120,1682648591892
1121,1682648591892
1122,1682648591892
1123,1682648591892
1124,1682648591893
1125,1682648591893
1126,1682648591893
1127,1682648591893
1128,1682648591893
1129,1682648591893
1130,1682648591893
1131,1682648591893
1132,1682648591894
1133,1682648591894
1134,1682648591894
1135,1682648591894
1136,1682648591894
1137,1682648591894
1138,1682648591894
1139,1682648591894
1140,1682648591895
1141,1682648591895
1142,1682648591895
1143,1682648591895
1144,1682648591895
1145,1682648591895
1146,1682648591895
1147,1682648591895
1148,1682648591896
1149,1682648591896
1150,1682648591896
1151,1682648591896
1152,1682648591896
1153,1682648591896
1154,1682648591896
1155,1682648591896
1156,1682648591897
1157,1682648591897
1158,1682648591897
1159,1682648591897
1160,1682648591897
1161,1682648591897
1162,1682648591897
1163,1682648591897
1164,1682648591897
1165,1682648591897
1166,1682648591898
1167,1682648591898
1168,1682648591898
1169,1682648591898
1170,1682648591898
1171,1682648591898
1172,1682648591898
1173,1682648591898
1174,1682648591899
1175,1682648591899
1176,1682648591899
1177,1682648591899
1178,1682648591899
1179,1682648591899
1180,1682648591899
1181,1682648591900
1182,1682648591900
1183,1682648591900
1184,1682648591900
1185,1682648591900
1186,1682648591900
1187,1682648591901
1188,1682648591901
1189,1682648591901
1190,1682648591901
1191,1682648591901
1192,1682648591901
1193,1682648591901
1194,1682648591901
1195,1682648591902
1196,1682648591902
1197,1682648591902
1198,1682648591902
1199,1682648591902
1200,1682648591902
1201,1682648591902
1202,1682648591902
1203,1682648591902
1204,1682648591903
1205,1682648591903
1206,1682648591903
1207,1682648591903
1208,1682648591903
1209,1682648591903
1210,1682648591903
1211,1682648591903
1212,1682648591903
1213,1682648591903
1214,1682648591904
1215,1682648591904
1216,1682648591904
1217,1682648591904
1218,1682648591904
1219,1682648591904
1220,1682648591904
1221,1682648591904
1222,1682648591904
1223,1682648591904
1224,1682648591905
1225,1682648591905
1226,1682648591905
1227,1682648591905
1228,1682648591905
1229,1682648591905
1230,1682648591905
1231,1682648591905
1232,1682648591906
1233,1682648591906
1234,1682648591906
1235,1682648591906
1236,1682648591906
1237,1682648591906
1238,1682648591906
1239,1682648591906
1240,1682648591907
1241,1682648591907
1242,1682648591907
1243,1682648591907
1244,1682648591907
1245,1682648591907
1246,1682648591907
1247,1682648591907
1248,1682648591907
1249,1682648591908
1250,1682648591908
1251,1682648591908
1252,1682648591908
1253,1682648591908
1254,1682648591908
1255,1682648591908
1256,1682648591908
1257,1682648591908
1258,1682648591908
1259,1682648591909
1260,1682648591909
1261,1682648591909
1262,1682648591909
1263,1682648591909
1264,1682648591909
1265,1682648591909
1266,1682648591909
1267,1682648591909
1268,1682648591910
1269,1682648591910
1270,1682648591910
1271,1682648591910
1272,1682648591910
1273,1682648591910
1274,1682648591910
1275,1682648591910
1276,1682648591910
1277,1682648591910
1278,1682648591911
1279,1682648591911
1280,1682648591911
