1,1682648319651
2,1682648319652
3,1682648319654
4,1682648319655
5,1682648319657
6,1682648319659
7,1682648319661
8,1682648319662
9,1682648319664
10,1682648319665
11,1682648319666
12,1682648319667
13,1682648319667
14,1682648319668
15,1682648319669
16,1682648319669
17,1682648319670
18,1682648319672
19,1682648319673
20,1682648319674
21,1682648319674
22,1682648320261
23,1682648320262
24,1682648320263
25,1682648320264
26,1682648320264
27,1682648320265
28,1682648320266
29,1682648320266
30,1682648320267
31,1682648320268
32,1682648320269
33,1682648320273
34,1682648320274
35,1682648320276
36,1682648320277
37,1682648320278
38,1682648320279
39,1682648320279
40,1682648320280
41,1682648320281
42,1682648320281
43,1682648320282
44,1682648320282
45,1682648320283
46,1682648320283
47,1682648320284
48,1682648320284
49,1682648320285
50,1682648320285
51,1682648320286
52,1682648320286
53,1682648320289
54,1682648320290
55,1682648320291
56,1682648321462
57,1682648321463
58,1682648321464
59,1682648321465
60,1682648321465
61,1682648321466
62,1682648321466
63,1682648321467
64,1682648321468
65,1682648321468
66,1682648321469
67,1682648321469
68,1682648321473
69,1682648321474
70,1682648321475
71,1682648321476
72,1682648321477
73,1682648321477
74,1682648321478
75,1682648321478
76,1682648321479
77,1682648321479
78,1682648321480
79,1682648321480
80,1682648321481
81,1682648321481
82,1682648321482
83,1682648321482
84,1682648321483
85,1682648321483
86,1682648321484
87,1682648321485
88,1682648321485
89,1682648321486
90,1682648321488
91,1682648321489
92,1682648321490
93,1682648321491
94,1682648321491
95,1682648321492
96,1682648321492
97,1682648321493
98,1682648321493
99,1682648321494
100,1682648321494
101,1682648321494
102,1682648321494
103,1682648321495
104,1682648321495
105,1682648321495
106,1682648321495
107,1682648321496
108,1682648321496
109,1682648321496
110,1682648321497
111,1682648321497
112,1682648321497
113,1682648321498
114,1682648321498
115,1682648321498
116,1682648321498
117,1682648321499
118,1682648321499
119,1682648321499
120,1682648321499
121,1682648321500
122,1682648321500
123,1682648321500
124,1682648321500
125,1682648321501
126,1682648321501
127,1682648321501
128,1682648321502
129,1682648321502
130,1682648321502
131,1682648321503
132,1682648321505
133,1682648321506
134,1682648321508
135,1682648321513
136,1682648321514
137,1682648321516
138,1682648321517
139,1682648321518
140,1682648321522
141,1682648321523
142,1682648321524
143,1682648321524
144,1682648321525
145,1682648321525
146,1682648321526
147,1682648321526
148,1682648321527
149,1682648321527
150,1682648321527
151,1682648321528
152,1682648321528
153,1682648321528
154,1682648321528
155,1682648321528
156,1682648321529
157,1682648321529
158,1682648321529
159,1682648321529
160,1682648321529
161,1682648321530
162,1682648321530
163,1682648321530
164,1682648321530
165,1682648321531
166,1682648321531
167,1682648321531
168,1682648321531
169,1682648321532
170,1682648321532
171,1682648321532
172,1682648321532
173,1682648321532
174,1682648321533
175,1682648321533
176,1682648321534
177,1682648321534
178,1682648321534
179,1682648321535
180,1682648321535
181,1682648321536
182,1682648321536
183,1682648321537
184,1682648321537
185,1682648321538
186,1682648321538
187,1682648321539
188,1682648321540
189,1682648321540
190,1682648321541
191,1682648321541
192,1682648321542
193,1682648321542
194,1682648321543
195,1682648321543
196,1682648321544
197,1682648321544
198,1682648321545
199,1682648321545
200,1682648321545
201,1682648321546
202,1682648321546
203,1682648321547
204,1682648321547
205,1682648321547
206,1682648321548
207,1682648321548
208,1682648321549
209,1682648321549
210,1682648321549
211,1682648321549
212,1682648321550
213,1682648321550
214,1682648321550
215,1682648321551
216,1682648321551
217,1682648321551
218,1682648321552
219,1682648321552
220,1682648321553
221,1682648321553
222,1682648321554
223,1682648321554
224,1682648321555
225,1682648321555
226,1682648321555
227,1682648322010
228,1682648322011
229,1682648322011
230,1682648322012
231,1682648322012
232,1682648322035
233,1682648322035
234,1682648322036
235,1682648322037
236,1682648322039
237,1682648322040
238,1682648322041
239,1682648322041
240,1682648322042
241,1682648322043
242,1682648322055
243,1682648322056
244,1682648322060
245,1682648322064
246,1682648322072
247,1682648322074
248,1682648322077
249,1682648322078
250,1682648322079
251,1682648322080
252,1682648322080
253,1682648322081
254,1682648322081
255,1682648322081
256,1682648322082
257,1682648322082
258,1682648322082
259,1682648322083
260,1682648322083
261,1682648322084
262,1682648322084
263,1682648322085
264,1682648322086
265,1682648322087
266,1682648322088
267,1682648322090
268,1682648322090
269,1682648322091
270,1682648322091
271,1682648322091
272,1682648322092
273,1682648322092
274,1682648322093
275,1682648322093
276,1682648322094
277,1682648322094
278,1682648322095
279,1682648322095
280,1682648322095
281,1682648322096
282,1682648322097
283,1682648322098
284,1682648322098
285,1682648322099
286,1682648322099
287,1682648322100
288,1682648322100
289,1682648322101
290,1682648322101
291,1682648322102
292,1682648322102
293,1682648322104
294,1682648322104
295,1682648322105
296,1682648322106
297,1682648322106
298,1682648322107
299,1682648322107
300,1682648322107
301,1682648322108
302,1682648322108
303,1682648322109
304,1682648322109
305,1682648322109
306,1682648322109
307,1682648322110
308,1682648322110
309,1682648322110
310,1682648322111
311,1682648322111
312,1682648322111
313,1682648322112
314,1682648322112
315,1682648322113
316,1682648322113
317,1682648322113
318,1682648322114
319,1682648322114
320,1682648322114
321,1682648322115
322,1682648322115
323,1682648322115
324,1682648322116
325,1682648322116
326,1682648322116
327,1682648322117
328,1682648322117
329,1682648322117
330,1682648322118
331,1682648322118
332,1682648322118
333,1682648322119
334,1682648322119
335,1682648322120
336,1682648322120
337,1682648322120
338,1682648322121
339,1682648322121
340,1682648322121
341,1682648322122
342,1682648322122
343,1682648322123
344,1682648322123
345,1682648322124
346,1682648322124
347,1682648322124
348,1682648322125
349,1682648322125
350,1682648322126
351,1682648322126
352,1682648322126
353,1682648322127
354,1682648322127
355,1682648322127
356,1682648322128
357,1682648322128
358,1682648322128
359,1682648322129
360,1682648322129
361,1682648322129
362,1682648322130
363,1682648322130
364,1682648322130
365,1682648322131
366,1682648322131
367,1682648322131
368,1682648322132
369,1682648322132
370,1682648322132
371,1682648322133
372,1682648322133
373,1682648322133
374,1682648322134
375,1682648322134
376,1682648322134
377,1682648322135
378,1682648322135
379,1682648322136
380,1682648322137
381,1682648322137
382,1682648322138
383,1682648322138
384,1682648322139
385,1682648322140
386,1682648322140
387,1682648322140
388,1682648322141
389,1682648322141
390,1682648322142
391,1682648322142
392,1682648322143
393,1682648322143
394,1682648322144
395,1682648322144
396,1682648322144
397,1682648322145
398,1682648322145
399,1682648322145
400,1682648322146
401,1682648322146
402,1682648322147
403,1682648322147
404,1682648322147
405,1682648322147
406,1682648322148
407,1682648322148
408,1682648322148
409,1682648322148
410,1682648322149
411,1682648322149
412,1682648322149
413,1682648322150
414,1682648322150
415,1682648322150
416,1682648322150
417,1682648322151
418,1682648322151
419,1682648322151
420,1682648322151
421,1682648322152
422,1682648322152
423,1682648322152
424,1682648322153
425,1682648322154
426,1682648322154
427,1682648322157
428,1682648322157
429,1682648322157
430,1682648322158
431,1682648322158
432,1682648322159
433,1682648322159
434,1682648322160
435,1682648322161
436,1682648322161
437,1682648322161
438,1682648322162
439,1682648322162
440,1682648322162
441,1682648322163
442,1682648322163
443,1682648322164
444,1682648322164
445,1682648322165
446,1682648322165
447,1682648322165
448,1682648322166
449,1682648322166
450,1682648322166
451,1682648322167
452,1682648322167
453,1682648322167
454,1682648322167
455,1682648322168
456,1682648322168
457,1682648322168
458,1682648322168
459,1682648322169
460,1682648322169
461,1682648322170
462,1682648322170
463,1682648322171
464,1682648322172
465,1682648322173
466,1682648322173
467,1682648322174
468,1682648322174
469,1682648322174
470,1682648322175
471,1682648322175
472,1682648322175
473,1682648322176
474,1682648322176
475,1682648322176
476,1682648322177
477,1682648322177
478,1682648322177
479,1682648322178
480,1682648322178
481,1682648322178
482,1682648322178
483,1682648322179
484,1682648322179
485,1682648322179
486,1682648322180
487,1682648322180
488,1682648322180
489,1682648322180
490,1682648322181
491,1682648322181
492,1682648322181
493,1682648322181
494,1682648322182
495,1682648322182
496,1682648322182
497,1682648322183
498,1682648322183
499,1682648322183
500,1682648322183
501,1682648322184
502,1682648322184
503,1682648322184
504,1682648322184
505,1682648322185
506,1682648322185
507,1682648322185
508,1682648322185
509,1682648322186
510,1682648322186
511,1682648322187
512,1682648322187
513,1682648322187
514,1682648322188
515,1682648322188
516,1682648322189
517,1682648322189
518,1682648322189
519,1682648322190
520,1682648322190
521,1682648322190
522,1682648322191
523,1682648322191
524,1682648322191
525,1682648322191
526,1682648322192
527,1682648322192
528,1682648322192
529,1682648322193
530,1682648322193
531,1682648322193
532,1682648322193
533,1682648322194
534,1682648322194
535,1682648322194
536,1682648322194
537,1682648322195
538,1682648322198
539,1682648322199
540,1682648322199
541,1682648322199
542,1682648322199
543,1682648322200
544,1682648322200
545,1682648322200
546,1682648322201
547,1682648322201
548,1682648322201
549,1682648322202
550,1682648322202
551,1682648322202
552,1682648322202
553,1682648322203
554,1682648322203
555,1682648322203
556,1682648322204
557,1682648322204
558,1682648322204
559,1682648322205
560,1682648322205
561,1682648322205
562,1682648322205
563,1682648322206
564,1682648322206
565,1682648322206
566,1682648322207
567,1682648322207
568,1682648322207
569,1682648322208
570,1682648322208
571,1682648322208
572,1682648322208
573,1682648322208
574,1682648322208
575,1682648322209
576,1682648322209
577,1682648322209
578,1682648322209
579,1682648322209
580,1682648322210
581,1682648322210
582,1682648322210
583,1682648322210
584,1682648322210
585,1682648322211
586,1682648322211
587,1682648322211
588,1682648322211
589,1682648322211
590,1682648322212
591,1682648322212
592,1682648322212
593,1682648322212
594,1682648322212
595,1682648322213
596,1682648322213
597,1682648322213
598,1682648322213
599,1682648322214
600,1682648322214
601,1682648322214
602,1682648322214
603,1682648322214
604,1682648322214
605,1682648322215
606,1682648322215
607,1682648322215
608,1682648322215
609,1682648322215
610,1682648322215
611,1682648322215
612,1682648322216
613,1682648322216
614,1682648322216
615,1682648322216
616,1682648322216
617,1682648322217
618,1682648322217
619,1682648322217
620,1682648322217
621,1682648322217
622,1682648322218
623,1682648322218
624,1682648322218
625,1682648322218
626,1682648322218
627,1682648322219
628,1682648322219
629,1682648322219
630,1682648322219
631,1682648322220
632,1682648322220
633,1682648322220
634,1682648322220
635,1682648322221
636,1682648322221
637,1682648322221
638,1682648322221
639,1682648322222
640,1682648322222
641,1682648322222
642,1682648322222
643,1682648322223
644,1682648322223
645,1682648322223
646,1682648322223
647,1682648322224
648,1682648322224
649,1682648322224
650,1682648322224
651,1682648322225
652,1682648322225
653,1682648322225
654,1682648322225
655,1682648322225
656,1682648322226
657,1682648322226
658,1682648322226
659,1682648322226
660,1682648322226
661,1682648322227
662,1682648322227
663,1682648322227
664,1682648322227
665,1682648322228
666,1682648322228
667,1682648322228
668,1682648322228
669,1682648322228
670,1682648322229
671,1682648322229
672,1682648322229
673,1682648322229
674,1682648322230
675,1682648322230
676,1682648322230
677,1682648322230
678,1682648322230
679,1682648322231
680,1682648322231
681,1682648322231
682,1682648322231
683,1682648322231
684,1682648322232
685,1682648322232
686,1682648322232
687,1682648322232
688,1682648322232
689,1682648322233
690,1682648322233
691,1682648322233
692,1682648322233
693,1682648322234
694,1682648322234
695,1682648322234
696,1682648322234
697,1682648322235
698,1682648322235
699,1682648322235
700,1682648322236
701,1682648322236
702,1682648322236
703,1682648322236
704,1682648322236
705,1682648322237
706,1682648322237
707,1682648322237
708,1682648322237
709,1682648322237
710,1682648322237
711,1682648322238
712,1682648322238
713,1682648322238
714,1682648322238
715,1682648322239
716,1682648322239
717,1682648322239
718,1682648322239
719,1682648322239
720,1682648322240
721,1682648322240
722,1682648322240
723,1682648322240
724,1682648322240
725,1682648322240
726,1682648322240
727,1682648322241
728,1682648322241
729,1682648322241
730,1682648322241
731,1682648322241
732,1682648322241
733,1682648322242
734,1682648322242
735,1682648322242
736,1682648322242
737,1682648322242
738,1682648322243
739,1682648322243
740,1682648322243
741,1682648322243
742,1682648322243
743,1682648322243
744,1682648322244
745,1682648322244
746,1682648322244
747,1682648322244
748,1682648322245
749,1682648322245
750,1682648322245
751,1682648322245
752,1682648322246
753,1682648322246
754,1682648322246
755,1682648322246
756,1682648322246
757,1682648322247
758,1682648322247
759,1682648322247
760,1682648322247
761,1682648322248
762,1682648322248
763,1682648322248
764,1682648322248
765,1682648322248
766,1682648322249
767,1682648322249
768,1682648322249
