1,1682649068272
2,1682649068277
3,1682649068279
4,1682649068280
5,1682649068282
6,1682649068284
7,1682649068285
8,1682649068289
9,1682649068292
10,1682649068294
11,1682649068295
12,1682649068296
13,1682649068297
14,1682649072051
15,1682649072052
16,1682649072053
17,1682649072054
18,1682649072055
19,1682649072055
20,1682649072056
21,1682649072057
22,1682649072057
23,1682649072058
24,1682649072059
25,1682649072059
26,1682649072060
27,1682649072060
28,1682649072061
29,1682649072062
30,1682649072063
31,1682649072064
32,1682649072064
33,1682649072065
34,1682649072066
35,1682649072067
36,1682649072067
37,1682649072068
38,1682649072069
39,1682649072070
40,1682649072070
41,1682649072072
42,1682649072072
43,1682649072073
44,1682649072074
45,1682649072074
46,1682649072075
47,1682649072075
48,1682649072075
49,1682649072076
50,1682649072076
51,1682649072076
52,1682649072076
53,1682649072077
54,1682649072077
55,1682649072077
56,1682649072078
57,1682649072078
58,1682649072078
59,1682649072079
60,1682649072079
61,1682649072079
62,1682649072080
63,1682649072080
64,1682649072081
65,1682649072081
66,1682649072081
67,1682649072082
68,1682649072082
69,1682649072082
70,1682649072083
71,1682649072083
72,1682649072083
73,1682649072084
74,1682649072084
75,1682649072084
76,1682649072084
77,1682649072085
78,1682649072087
79,1682649072088
80,1682649072089
81,1682649072089
82,1682649072089
83,1682649072090
84,1682649072090
85,1682649072091
86,1682649072091
87,1682649072092
88,1682649072092
89,1682649072092
90,1682649072093
91,1682649072093
92,1682649072094
93,1682649072094
94,1682649072095
95,1682649072095
96,1682649072095
97,1682649072096
98,1682649072096
99,1682649072096
100,1682649072097
101,1682649072097
102,1682649072097
103,1682649072098
104,1682649072098
105,1682649072098
106,1682649072099
107,1682649072099
108,1682649072099
109,1682649072100
110,1682649072100
111,1682649072100
112,1682649072100
113,1682649072101
114,1682649072101
115,1682649072103
116,1682649072104
117,1682649072105
118,1682649072105
119,1682649072105
120,1682649072105
121,1682649072106
122,1682649072106
123,1682649072106
124,1682649072106
125,1682649072107
126,1682649072107
127,1682649072107
128,1682649072108
129,1682649072108
130,1682649072108
131,1682649072109
132,1682649072109
133,1682649072109
134,1682649072110
135,1682649072110
136,1682649072110
137,1682649072111
138,1682649072111
139,1682649072111
140,1682649072111
141,1682649072112
142,1682649072112
143,1682649072112
144,1682649072112
145,1682649072113
146,1682649072113
147,1682649072113
148,1682649072113
149,1682649072114
150,1682649072114
151,1682649072114
152,1682649072114
153,1682649072115
154,1682649072115
155,1682649072115
156,1682649072115
157,1682649072115
158,1682649072116
159,1682649072116
160,1682649072116
161,1682649072116
162,1682649072116
163,1682649072116
164,1682649072117
165,1682649072117
166,1682649072117
167,1682649072117
168,1682649072117
169,1682649072118
170,1682649072118
171,1682649072118
172,1682649072119
173,1682649072119
174,1682649072119
175,1682649072119
176,1682649072120
177,1682649072120
178,1682649072120
179,1682649072120
180,1682649072121
181,1682649072121
182,1682649072121
183,1682649072121
184,1682649072122
185,1682649072122
186,1682649072122
187,1682649072122
188,1682649072123
189,1682649072123
190,1682649072123
191,1682649072124
192,1682649072124
193,1682649072124
194,1682649072124
195,1682649072125
196,1682649072125
197,1682649072125
198,1682649072126
199,1682649072126
200,1682649072126
201,1682649072127
202,1682649072127
203,1682649072127
204,1682649072127
205,1682649072127
206,1682649072128
207,1682649072128
208,1682649072128
209,1682649072128
210,1682649072128
211,1682649072129
212,1682649072129
213,1682649072129
214,1682649072129
215,1682649072129
216,1682649072130
217,1682649072130
218,1682649072130
219,1682649072130
220,1682649072130
221,1682649072131
222,1682649072131
223,1682649072131
224,1682649072132
225,1682649072132
226,1682649072132
227,1682649072132
228,1682649072133
229,1682649072133
230,1682649072133
231,1682649072133
232,1682649072134
233,1682649072134
234,1682649072134
235,1682649072134
236,1682649072135
237,1682649072136
238,1682649072136
239,1682649072136
240,1682649072137
241,1682649072137
242,1682649072138
243,1682649072138
244,1682649072138
245,1682649072139
246,1682649072139
247,1682649072139
248,1682649072139
249,1682649072140
250,1682649072140
251,1682649072140
252,1682649072141
253,1682649072141
254,1682649072141
255,1682649072151
256,1682649072152
257,1682649072152
258,1682649072152
259,1682649072152
260,1682649072153
261,1682649072153
262,1682649072153
263,1682649072154
264,1682649072154
265,1682649072155
266,1682649072155
267,1682649072155
268,1682649072155
269,1682649072156
270,1682649072156
271,1682649072156
272,1682649072156
273,1682649072157
274,1682649072157
275,1682649072157
276,1682649072157
277,1682649072158
278,1682649072158
279,1682649072158
280,1682649072158
281,1682649072158
282,1682649072159
283,1682649072159
284,1682649072159
285,1682649072159
286,1682649072160
287,1682649072160
288,1682649072160
289,1682649072163
290,1682649072163
291,1682649072164
292,1682649072164
293,1682649072164
294,1682649072165
295,1682649072165
296,1682649072165
297,1682649072165
298,1682649072166
299,1682649072166
300,1682649072166
301,1682649072167
302,1682649072167
303,1682649072167
304,1682649072167
305,1682649072168
306,1682649072168
307,1682649072168
308,1682649072179
309,1682649072180
310,1682649072180
311,1682649072180
312,1682649072180
313,1682649072181
314,1682649072181
315,1682649072185
316,1682649072185
317,1682649072193
318,1682649072193
319,1682649072193
320,1682649072193
321,1682649072194
322,1682649072194
323,1682649072194
324,1682649072198
325,1682649072198
326,1682649072198
327,1682649072198
328,1682649072198
329,1682649072204
330,1682649072204
331,1682649072204
332,1682649072205
333,1682649072205
334,1682649072205
335,1682649072205
336,1682649072206
337,1682649072206
338,1682649072213
339,1682649072213
340,1682649072214
341,1682649072214
342,1682649072214
343,1682649072214
344,1682649072214
345,1682649072215
346,1682649072215
347,1682649072215
348,1682649072216
349,1682649072216
350,1682649072216
351,1682649072216
352,1682649072217
353,1682649072217
354,1682649072217
355,1682649072217
356,1682649072218
357,1682649072219
358,1682649072219
359,1682649072220
360,1682649072220
361,1682649072220
362,1682649072221
363,1682649072221
364,1682649072221
365,1682649072221
366,1682649072222
367,1682649072222
368,1682649072243
369,1682649072243
370,1682649072243
371,1682649072243
372,1682649072244
373,1682649072244
374,1682649072244
375,1682649072244
376,1682649072245
377,1682649072245
378,1682649072245
379,1682649072245
380,1682649072246
381,1682649072246
382,1682649072246
383,1682649072246
384,1682649072247
385,1682649072247
386,1682649072247
387,1682649072260
388,1682649072261
389,1682649072261
390,1682649072261
391,1682649072262
392,1682649072262
393,1682649072262
394,1682649072263
395,1682649072263
396,1682649072263
397,1682649072263
398,1682649072264
399,1682649072264
400,1682649072264
401,1682649072265
402,1682649072265
403,1682649072265
404,1682649072265
405,1682649072266
406,1682649072266
407,1682649072266
408,1682649072266
409,1682649072276
410,1682649072276
411,1682649072277
412,1682649072277
413,1682649072277
414,1682649072277
415,1682649072278
416,1682649072278
417,1682649072288
418,1682649072288
419,1682649072288
420,1682649072288
421,1682649072289
422,1682649072289
423,1682649072289
424,1682649072290
425,1682649072290
426,1682649072290
427,1682649072290
428,1682649072290
429,1682649072291
430,1682649072291
431,1682649072291
432,1682649072291
433,1682649072292
434,1682649072292
435,1682649072292
436,1682649072292
437,1682649072293
438,1682649072293
439,1682649072293
440,1682649072294
441,1682649072294
442,1682649072294
443,1682649072294
444,1682649072295
445,1682649072295
446,1682649072314
447,1682649072314
448,1682649072314
449,1682649072315
450,1682649072315
451,1682649072315
452,1682649072315
453,1682649072316
454,1682649072322
455,1682649072323
456,1682649072323
457,1682649072323
458,1682649072323
459,1682649072323
460,1682649072324
461,1682649072324
462,1682649072324
463,1682649072324
464,1682649072325
465,1682649072325
466,1682649072325
467,1682649072325
468,1682649072325
469,1682649072326
470,1682649072326
471,1682649072326
472,1682649072326
473,1682649072327
474,1682649072327
475,1682649072342
476,1682649072342
477,1682649072342
478,1682649072343
479,1682649072343
480,1682649072343
481,1682649072343
482,1682649072344
483,1682649072344
484,1682649072344
485,1682649072344
486,1682649072345
487,1682649072345
488,1682649072345
489,1682649072345
490,1682649072346
491,1682649072346
492,1682649072346
493,1682649072346
494,1682649072347
495,1682649072347
496,1682649072347
497,1682649072347
498,1682649072348
499,1682649072348
500,1682649072348
501,1682649072348
502,1682649072348
503,1682649072367
504,1682649072367
505,1682649072367
506,1682649072368
507,1682649072370
508,1682649072370
509,1682649072371
510,1682649072371
511,1682649072371
512,1682649072372
513,1682649072372
514,1682649072372
515,1682649072373
516,1682649072373
517,1682649072373
518,1682649072373
519,1682649072374
520,1682649072382
521,1682649072382
522,1682649072383
523,1682649072383
524,1682649072383
525,1682649072388
526,1682649072388
527,1682649072388
528,1682649072389
529,1682649072389
530,1682649072389
531,1682649072389
532,1682649072390
533,1682649072390
534,1682649072390
535,1682649072393
536,1682649072393
537,1682649072393
538,1682649072399
539,1682649072399
540,1682649072400
541,1682649072400
542,1682649072400
543,1682649072401
544,1682649072401
545,1682649072401
546,1682649072411
547,1682649072412
548,1682649072412
549,1682649072412
550,1682649072413
551,1682649072413
552,1682649072413
553,1682649072413
554,1682649072414
555,1682649072416
556,1682649072419
557,1682649072420
558,1682649072420
559,1682649072420
560,1682649072421
561,1682649072421
562,1682649072421
563,1682649072421
564,1682649072426
565,1682649072426
566,1682649072426
567,1682649072426
568,1682649072426
569,1682649072427
570,1682649072427
571,1682649072427
572,1682649072438
573,1682649072439
574,1682649072439
575,1682649072439
576,1682649072440
577,1682649072440
578,1682649072440
579,1682649072441
580,1682649072441
581,1682649072441
582,1682649072441
583,1682649072441
584,1682649072442
585,1682649072442
586,1682649072442
587,1682649072442
588,1682649072443
589,1682649072443
590,1682649072443
591,1682649072456
592,1682649072457
593,1682649072457
594,1682649072457
595,1682649072457
596,1682649072458
597,1682649072458
598,1682649072458
599,1682649072459
600,1682649072459
601,1682649072459
602,1682649072459
603,1682649072460
604,1682649072460
605,1682649072460
606,1682649072460
607,1682649072461
608,1682649072461
609,1682649072461
610,1682649072461
611,1682649072461
612,1682649072462
613,1682649072462
614,1682649072462
615,1682649072462
616,1682649072475
617,1682649072476
618,1682649072476
619,1682649072476
620,1682649072476
621,1682649072477
622,1682649072477
623,1682649072477
624,1682649072477
625,1682649072486
626,1682649072487
627,1682649072487
628,1682649072487
629,1682649072490
630,1682649072490
631,1682649072490
632,1682649072490
633,1682649072491
634,1682649072491
635,1682649072491
636,1682649072491
637,1682649072491
638,1682649072492
639,1682649072492
640,1682649072492
641,1682649072492
642,1682649072492
643,1682649072493
644,1682649072493
645,1682649072493
646,1682649072493
647,1682649072494
648,1682649072494
649,1682649072494
650,1682649072494
651,1682649072494
652,1682649072495
653,1682649072495
654,1682649072495
655,1682649072504
656,1682649072504
657,1682649072505
658,1682649072505
659,1682649072505
660,1682649072505
661,1682649072505
662,1682649072505
663,1682649072506
664,1682649072506
665,1682649072506
666,1682649072506
667,1682649072506
668,1682649072506
669,1682649072506
670,1682649072507
671,1682649072507
672,1682649072507
673,1682649072507
674,1682649072507
675,1682649072507
676,1682649072507
677,1682649072508
678,1682649072508
679,1682649072508
680,1682649072508
681,1682649072508
682,1682649072509
683,1682649072509
684,1682649072509
685,1682649072509
686,1682649072509
687,1682649072509
688,1682649072510
689,1682649072510
690,1682649072510
691,1682649072510
692,1682649072510
693,1682649072511
694,1682649072511
695,1682649072511
696,1682649072511
697,1682649072511
698,1682649072511
699,1682649072512
700,1682649072512
701,1682649072512
702,1682649072512
703,1682649072512
704,1682649072512
705,1682649072513
706,1682649072513
707,1682649072523
708,1682649072523
709,1682649072523
710,1682649072523
711,1682649072524
712,1682649072524
713,1682649072524
714,1682649072524
715,1682649072524
716,1682649072524
717,1682649072525
718,1682649072533
719,1682649072533
720,1682649072533
721,1682649072533
722,1682649072534
723,1682649072534
724,1682649072534
725,1682649072534
726,1682649072534
727,1682649072535
728,1682649072535
729,1682649072535
730,1682649072535
731,1682649072536
732,1682649072536
733,1682649072536
734,1682649072536
735,1682649072536
736,1682649072537
737,1682649072537
738,1682649072537
739,1682649072537
740,1682649072538
741,1682649072538
742,1682649072538
743,1682649072538
744,1682649072539
745,1682649072539
746,1682649072539
747,1682649072539
748,1682649072540
749,1682649072540
750,1682649072540
751,1682649072540
752,1682649072541
753,1682649072541
754,1682649072541
755,1682649072541
756,1682649072541
757,1682649072542
758,1682649072542
759,1682649072545
760,1682649072545
761,1682649072545
762,1682649072546
763,1682649072546
764,1682649072546
765,1682649072546
766,1682649072546
767,1682649072546
768,1682649072547
769,1682649072547
770,1682649072547
771,1682649072547
772,1682649072547
773,1682649072547
774,1682649072548
775,1682649072548
776,1682649072558
777,1682649072558
778,1682649072558
779,1682649072558
780,1682649072559
781,1682649072559
782,1682649072559
783,1682649072559
784,1682649072559
785,1682649072560
786,1682649072560
787,1682649072560
788,1682649072560
789,1682649072561
790,1682649072561
791,1682649072561
792,1682649072561
793,1682649072562
794,1682649072562
795,1682649072562
796,1682649072562
797,1682649072563
798,1682649072563
799,1682649072563
800,1682649072563
801,1682649072564
802,1682649072564
803,1682649072564
804,1682649072564
805,1682649072564
806,1682649072564
807,1682649072565
808,1682649072565
809,1682649072565
810,1682649072565
811,1682649072566
812,1682649072566
813,1682649072566
814,1682649072566
815,1682649072566
816,1682649072567
817,1682649072567
818,1682649072567
819,1682649072567
820,1682649072567
821,1682649072568
822,1682649072568
823,1682649072568
824,1682649072568
825,1682649072569
826,1682649072569
827,1682649072569
828,1682649072579
829,1682649072579
830,1682649072579
831,1682649072580
832,1682649072580
833,1682649072580
834,1682649072580
835,1682649072581
836,1682649072581
837,1682649072581
838,1682649072581
839,1682649072582
840,1682649072582
841,1682649072582
842,1682649072583
843,1682649072583
844,1682649072583
845,1682649072583
846,1682649072584
847,1682649072584
848,1682649072584
849,1682649072584
850,1682649072585
851,1682649072590
852,1682649072590
853,1682649072590
854,1682649072590
855,1682649072591
856,1682649072591
857,1682649072591
858,1682649072591
859,1682649072592
860,1682649072592
861,1682649072592
862,1682649072592
863,1682649072592
864,1682649072593
865,1682649072593
866,1682649072593
867,1682649072593
868,1682649072594
869,1682649072594
870,1682649072594
871,1682649072594
872,1682649072595
873,1682649072595
874,1682649072595
875,1682649072595
876,1682649072596
877,1682649072596
878,1682649072596
879,1682649072596
880,1682649072596
881,1682649072597
882,1682649072597
883,1682649072597
884,1682649072597
885,1682649072597
886,1682649072598
887,1682649072598
888,1682649072598
889,1682649072598
890,1682649072598
891,1682649072599
892,1682649072610
893,1682649072610
894,1682649072611
895,1682649072611
896,1682649072611
897,1682649072611
898,1682649072612
899,1682649072612
900,1682649072612
901,1682649072612
902,1682649072613
903,1682649072613
904,1682649072613
905,1682649072613
906,1682649072614
907,1682649072614
908,1682649072614
909,1682649072614
910,1682649072614
911,1682649072615
912,1682649072615
913,1682649072615
914,1682649072615
915,1682649072616
916,1682649072616
917,1682649072616
918,1682649072616
919,1682649072616
920,1682649072630
921,1682649072631
922,1682649072631
923,1682649072631
924,1682649072631
925,1682649072632
926,1682649072632
927,1682649072632
928,1682649072632
929,1682649072632
930,1682649072633
931,1682649072633
932,1682649072637
933,1682649072637
934,1682649072638
935,1682649072638
936,1682649072638
937,1682649072638
938,1682649072639
939,1682649072639
940,1682649072639
941,1682649072639
942,1682649072639
943,1682649072640
944,1682649072640
945,1682649072640
946,1682649072640
947,1682649072641
948,1682649072641
949,1682649072641
950,1682649072641
951,1682649072641
952,1682649072642
953,1682649072642
954,1682649072642
955,1682649072642
956,1682649072642
957,1682649072643
958,1682649072643
959,1682649072643
960,1682649072643
961,1682649072644
962,1682649072644
963,1682649072644
964,1682649072644
965,1682649072644
966,1682649072645
967,1682649072645
968,1682649072645
969,1682649072645
970,1682649072646
971,1682649072646
972,1682649072646
973,1682649072646
974,1682649072646
975,1682649072647
976,1682649072647
977,1682649072647
978,1682649072647
979,1682649072647
980,1682649072648
981,1682649072657
982,1682649072658
983,1682649072658
984,1682649072658
985,1682649072658
986,1682649072658
987,1682649072659
988,1682649072659
989,1682649072659
990,1682649072659
991,1682649072659
992,1682649072660
993,1682649072660
994,1682649072660
995,1682649072660
996,1682649072660
997,1682649072661
998,1682649072661
999,1682649072661
1000,1682649072661
1001,1682649072661
1002,1682649072662
1003,1682649072662
1004,1682649072662
1005,1682649072662
1006,1682649072662
1007,1682649072662
1008,1682649072663
1009,1682649072663
1010,1682649072663
1011,1682649072663
1012,1682649072663
1013,1682649072663
1014,1682649072663
1015,1682649072664
1016,1682649072664
1017,1682649072664
1018,1682649072664
1019,1682649072664
1020,1682649072664
1021,1682649072665
1022,1682649072665
1023,1682649072665
1024,1682649072665
1025,1682649072665
1026,1682649072665
1027,1682649072665
1028,1682649072665
1029,1682649072666
1030,1682649072666
1031,1682649072666
1032,1682649072666
1033,1682649072666
1034,1682649072666
1035,1682649072666
1036,1682649072667
1037,1682649072687
1038,1682649072687
1039,1682649072687
1040,1682649072688
1041,1682649072688
1042,1682649072688
1043,1682649072688
1044,1682649072689
1045,1682649072689
1046,1682649072689
1047,1682649072689
1048,1682649072690
1049,1682649072690
1050,1682649072690
1051,1682649072691
1052,1682649072691
1053,1682649072691
1054,1682649072691
1055,1682649072691
1056,1682649072692
1057,1682649072692
1058,1682649072692
1059,1682649072692
1060,1682649072692
1061,1682649072693
1062,1682649072693
1063,1682649072693
1064,1682649072693
1065,1682649072693
1066,1682649072694
1067,1682649072694
1068,1682649072694
1069,1682649072694
1070,1682649072694
1071,1682649072694
1072,1682649072695
1073,1682649072695
1074,1682649072695
1075,1682649072695
1076,1682649072695
1077,1682649072701
1078,1682649072701
1079,1682649072709
1080,1682649072709
1081,1682649072710
1082,1682649072710
1083,1682649072710
1084,1682649072710
1085,1682649072710
1086,1682649072711
1087,1682649072711
1088,1682649072711
1089,1682649072711
1090,1682649072712
1091,1682649072712
1092,1682649072712
1093,1682649072712
1094,1682649072712
1095,1682649072713
1096,1682649072713
1097,1682649072713
1098,1682649072713
1099,1682649072714
1100,1682649072714
1101,1682649072714
1102,1682649072714
1103,1682649072714
1104,1682649072715
1105,1682649072715
1106,1682649072715
1107,1682649072715
1108,1682649072715
1109,1682649072716
1110,1682649072716
1111,1682649072716
1112,1682649072716
1113,1682649072716
1114,1682649072717
1115,1682649072717
1116,1682649072717
1117,1682649072717
1118,1682649072717
1119,1682649072717
1120,1682649072718
1121,1682649072718
1122,1682649072718
1123,1682649072718
1124,1682649072719
1125,1682649072719
1126,1682649072719
1127,1682649072719
1128,1682649072719
1129,1682649072730
1130,1682649072730
1131,1682649072731
1132,1682649072731
1133,1682649072731
1134,1682649072731
1135,1682649072731
1136,1682649072731
1137,1682649072732
1138,1682649072732
1139,1682649072732
1140,1682649072732
1141,1682649072732
1142,1682649072733
1143,1682649072733
1144,1682649072733
1145,1682649072733
1146,1682649072733
1147,1682649072733
1148,1682649072734
1149,1682649072734
1150,1682649072734
1151,1682649072734
1152,1682649072734
1153,1682649072734
1154,1682649072735
1155,1682649072735
1156,1682649072735
1157,1682649072735
1158,1682649072735
1159,1682649072736
1160,1682649072736
1161,1682649072736
1162,1682649072736
1163,1682649072737
1164,1682649072737
1165,1682649072737
1166,1682649072737
1167,1682649072737
1168,1682649072737
1169,1682649072737
1170,1682649072738
1171,1682649072738
1172,1682649072738
1173,1682649072738
1174,1682649072738
1175,1682649072738
1176,1682649072739
1177,1682649072739
1178,1682649072739
1179,1682649072739
1180,1682649072739
1181,1682649072739
1182,1682649072739
1183,1682649072740
1184,1682649072740
1185,1682649072740
1186,1682649072740
1187,1682649072740
1188,1682649072740
1189,1682649072740
1190,1682649072753
1191,1682649072753
1192,1682649072754
1193,1682649072754
1194,1682649072754
1195,1682649072754
1196,1682649072754
1197,1682649072755
1198,1682649072761
1199,1682649072761
1200,1682649072761
1201,1682649072761
1202,1682649072761
1203,1682649072761
1204,1682649072761
1205,1682649072762
1206,1682649072762
1207,1682649072762
1208,1682649072762
1209,1682649072762
1210,1682649072762
1211,1682649072762
1212,1682649072771
1213,1682649072771
1214,1682649072771
1215,1682649072771
1216,1682649072771
1217,1682649072772
1218,1682649072772
1219,1682649072772
1220,1682649072772
1221,1682649072772
1222,1682649072773
1223,1682649072773
1224,1682649072773
1225,1682649072773
1226,1682649072773
1227,1682649072774
1228,1682649072774
1229,1682649072774
1230,1682649072774
1231,1682649072774
1232,1682649072774
1233,1682649072775
1234,1682649072775
1235,1682649072775
1236,1682649072775
1237,1682649072775
1238,1682649072775
1239,1682649072775
1240,1682649072776
1241,1682649072776
1242,1682649072776
1243,1682649072776
1244,1682649072776
1245,1682649072776
1246,1682649072776
1247,1682649072776
1248,1682649072776
1249,1682649072777
1250,1682649072777
1251,1682649072777
1252,1682649072777
1253,1682649072777
1254,1682649072777
1255,1682649072777
1256,1682649072777
1257,1682649072778
1258,1682649072778
1259,1682649072778
1260,1682649072778
1261,1682649072778
1262,1682649072778
1263,1682649072791
1264,1682649072791
1265,1682649072791
1266,1682649072792
1267,1682649072792
1268,1682649072792
1269,1682649072792
1270,1682649072792
1271,1682649072792
1272,1682649072793
1273,1682649072793
1274,1682649072793
1275,1682649072793
1276,1682649072797
1277,1682649072797
1278,1682649072797
1279,1682649072798
1280,1682649072798
1281,1682649072798
1282,1682649072798
1283,1682649072798
1284,1682649072798
1285,1682649072798
1286,1682649072798
1287,1682649072799
1288,1682649072799
1289,1682649072799
1290,1682649072799
1291,1682649072799
1292,1682649072799
1293,1682649072800
1294,1682649072800
1295,1682649072800
1296,1682649072800
1297,1682649072800
1298,1682649072801
1299,1682649072801
1300,1682649072801
1301,1682649072801
1302,1682649072805
1303,1682649072809
1304,1682649072810
1305,1682649072810
1306,1682649072810
1307,1682649072810
1308,1682649072811
1309,1682649072811
1310,1682649072811
1311,1682649072811
1312,1682649072811
1313,1682649072811
1314,1682649072812
1315,1682649072812
1316,1682649072812
1317,1682649072812
1318,1682649072812
1319,1682649072812
1320,1682649072813
1321,1682649072813
1322,1682649072813
1323,1682649072813
1324,1682649072813
1325,1682649072813
1326,1682649072814
1327,1682649072814
1328,1682649072814
1329,1682649072814
1330,1682649072814
1331,1682649072814
1332,1682649072814
1333,1682649072814
1334,1682649072814
1335,1682649072815
1336,1682649072815
1337,1682649072815
1338,1682649072815
1339,1682649072815
1340,1682649072815
1341,1682649072815
1342,1682649072815
1343,1682649072815
1344,1682649072816
1345,1682649072816
1346,1682649072816
1347,1682649072816
1348,1682649072816
1349,1682649072816
1350,1682649072816
1351,1682649072816
1352,1682649072829
1353,1682649072829
1354,1682649072830
1355,1682649072830
1356,1682649072830
1357,1682649072833
1358,1682649072833
1359,1682649072834
1360,1682649072834
1361,1682649072834
1362,1682649072834
1363,1682649072834
1364,1682649072835
1365,1682649072835
1366,1682649072835
1367,1682649072835
1368,1682649072835
1369,1682649072836
1370,1682649072841
1371,1682649072842
1372,1682649072842
1373,1682649072842
1374,1682649072842
1375,1682649072843
1376,1682649072843
1377,1682649072843
1378,1682649072843
1379,1682649072843
1380,1682649072844
1381,1682649072844
1382,1682649072844
1383,1682649072844
1384,1682649072845
1385,1682649072845
1386,1682649072845
1387,1682649072845
1388,1682649072845
1389,1682649072846
1390,1682649072846
1391,1682649072846
1392,1682649072846
1393,1682649072846
1394,1682649072847
1395,1682649072847
1396,1682649072847
1397,1682649072847
1398,1682649072847
1399,1682649072848
1400,1682649072848
1401,1682649072848
1402,1682649072848
1403,1682649072848
1404,1682649072848
1405,1682649072848
1406,1682649072849
1407,1682649072849
1408,1682649072862
1409,1682649072862
1410,1682649072863
1411,1682649072863
1412,1682649072863
1413,1682649072863
1414,1682649072863
1415,1682649072864
1416,1682649072864
1417,1682649072864
1418,1682649072864
1419,1682649072864
1420,1682649072865
1421,1682649072865
1422,1682649072865
1423,1682649072865
1424,1682649072865
1425,1682649072866
1426,1682649072866
1427,1682649072866
1428,1682649072866
1429,1682649072866
1430,1682649072866
1431,1682649072866
1432,1682649072867
1433,1682649072867
1434,1682649072867
1435,1682649072867
1436,1682649072867
1437,1682649072867
1438,1682649072867
1439,1682649072868
1440,1682649072868
1441,1682649072868
1442,1682649072868
1443,1682649072868
1444,1682649072868
1445,1682649072868
1446,1682649072878
1447,1682649072878
1448,1682649072878
1449,1682649072878
1450,1682649072878
1451,1682649072879
1452,1682649072879
1453,1682649072879
1454,1682649072879
1455,1682649072879
1456,1682649072879
1457,1682649072880
1458,1682649072880
1459,1682649072880
1460,1682649072880
1461,1682649072880
1462,1682649072880
1463,1682649072883
1464,1682649072883
1465,1682649072886
1466,1682649072886
1467,1682649072886
1468,1682649072890
1469,1682649072890
1470,1682649072890
1471,1682649072890
1472,1682649072891
1473,1682649072891
1474,1682649072891
1475,1682649072891
1476,1682649072891
1477,1682649072892
1478,1682649072892
1479,1682649072892
1480,1682649072892
1481,1682649072892
1482,1682649072892
1483,1682649072893
1484,1682649072893
1485,1682649072893
1486,1682649072893
1487,1682649072893
1488,1682649072894
1489,1682649072894
1490,1682649072894
1491,1682649072894
1492,1682649072894
1493,1682649072894
1494,1682649072894
1495,1682649072895
1496,1682649072895
1497,1682649072895
1498,1682649072895
1499,1682649072895
1500,1682649072895
1501,1682649072895
1502,1682649072895
1503,1682649072895
1504,1682649072896
1505,1682649072896
1506,1682649072896
1507,1682649072896
1508,1682649072896
1509,1682649072896
1510,1682649072896
1511,1682649072896
1512,1682649072896
1513,1682649072896
1514,1682649072896
1515,1682649072896
1516,1682649072896
1517,1682649072896
1518,1682649072897
1519,1682649072897
1520,1682649072897
1521,1682649072897
1522,1682649072897
1523,1682649072897
1524,1682649072897
1525,1682649072897
1526,1682649072897
1527,1682649072897
1528,1682649072897
1529,1682649072897
1530,1682649072898
1531,1682649072898
1532,1682649072898
1533,1682649072898
1534,1682649072898
1535,1682649072898
1536,1682649072898
1537,1682649072899
1538,1682649072900
1539,1682649072900
1540,1682649072900
1541,1682649072900
1542,1682649072900
1543,1682649072900
1544,1682649072901
1545,1682649072902
1546,1682649072902
1547,1682649072903
1548,1682649072903
1549,1682649072903
1550,1682649072903
1551,1682649072903
1552,1682649072903
1553,1682649072904
1554,1682649072904
1555,1682649072904
1556,1682649072904
1557,1682649072908
1558,1682649072908
1559,1682649072909
1560,1682649072909
1561,1682649072909
1562,1682649072909
1563,1682649072909
1564,1682649072909
1565,1682649072910
1566,1682649072910
1567,1682649072910
1568,1682649072917
1569,1682649072917
1570,1682649072918
1571,1682649072918
1572,1682649072918
1573,1682649072918
1574,1682649072918
1575,1682649072918
1576,1682649072919
1577,1682649072919
1578,1682649072919
1579,1682649072919
1580,1682649072919
1581,1682649072920
1582,1682649072920
1583,1682649072920
1584,1682649072920
1585,1682649072920
1586,1682649072921
1587,1682649072921
1588,1682649072930
1589,1682649072931
1590,1682649072931
1591,1682649072931
1592,1682649072931
1593,1682649072931
1594,1682649072932
1595,1682649072932
1596,1682649072932
1597,1682649072932
1598,1682649072932
1599,1682649072933
1600,1682649072933
1601,1682649072933
1602,1682649072933
1603,1682649072933
1604,1682649072933
1605,1682649072934
1606,1682649072934
1607,1682649072934
1608,1682649072934
1609,1682649072934
1610,1682649072934
1611,1682649072934
1612,1682649072934
1613,1682649072935
1614,1682649072935
1615,1682649072935
1616,1682649072935
1617,1682649072935
1618,1682649072935
1619,1682649072935
1620,1682649072935
1621,1682649072935
1622,1682649072935
1623,1682649072935
1624,1682649072935
1625,1682649072935
1626,1682649072936
1627,1682649072936
1628,1682649072936
1629,1682649072936
1630,1682649072961
1631,1682649072961
1632,1682649072962
1633,1682649072962
1634,1682649072962
1635,1682649072962
1636,1682649072962
1637,1682649072963
1638,1682649072963
1639,1682649072963
1640,1682649072963
1641,1682649072963
1642,1682649072963
1643,1682649072964
1644,1682649072964
1645,1682649072964
1646,1682649072964
1647,1682649072964
1648,1682649072964
1649,1682649072965
1650,1682649072965
1651,1682649072965
1652,1682649072965
1653,1682649072965
1654,1682649072965
1655,1682649072965
1656,1682649072966
1657,1682649072966
1658,1682649072966
1659,1682649072966
1660,1682649072966
1661,1682649072966
1662,1682649072966
1663,1682649072966
1664,1682649072967
1665,1682649072967
1666,1682649072967
1667,1682649072967
1668,1682649072967
1669,1682649072967
1670,1682649072967
1671,1682649072967
1672,1682649072968
1673,1682649072968
1674,1682649072968
1675,1682649072968
1676,1682649072968
1677,1682649072968
1678,1682649072968
1679,1682649072968
1680,1682649072969
1681,1682649072969
1682,1682649072969
1683,1682649072969
1684,1682649072969
1685,1682649072969
1686,1682649072969
1687,1682649072969
1688,1682649072970
1689,1682649072970
1690,1682649072970
1691,1682649072970
1692,1682649072970
1693,1682649072970
1694,1682649072970
1695,1682649072970
1696,1682649072971
1697,1682649072971
1698,1682649072971
1699,1682649072971
1700,1682649072971
1701,1682649072972
1702,1682649072972
1703,1682649072972
1704,1682649072972
1705,1682649072972
1706,1682649072972
1707,1682649072973
1708,1682649072973
1709,1682649072973
1710,1682649072973
1711,1682649072973
1712,1682649072973
1713,1682649072973
1714,1682649072974
1715,1682649072974
1716,1682649072974
1717,1682649072974
1718,1682649072974
1719,1682649072974
1720,1682649072974
1721,1682649072975
1722,1682649072975
1723,1682649072975
1724,1682649072975
1725,1682649072975
1726,1682649072975
1727,1682649072975
1728,1682649072975
1729,1682649072975
1730,1682649072975
1731,1682649072976
1732,1682649072976
1733,1682649072976
1734,1682649072976
1735,1682649072976
1736,1682649072976
1737,1682649072976
1738,1682649072976
1739,1682649072976
1740,1682649072976
1741,1682649072976
1742,1682649072976
1743,1682649072977
1744,1682649072977
1745,1682649072977
1746,1682649072977
1747,1682649072977
1748,1682649072977
1749,1682649072977
1750,1682649072977
1751,1682649072983
1752,1682649072984
1753,1682649072984
1754,1682649072984
1755,1682649072984
1756,1682649072984
1757,1682649072984
1758,1682649072985
1759,1682649072985
1760,1682649072985
1761,1682649072985
1762,1682649072985
1763,1682649072985
1764,1682649072985
1765,1682649072985
1766,1682649072985
1767,1682649072986
1768,1682649072986
1769,1682649072986
1770,1682649072986
1771,1682649072986
1772,1682649072987
1773,1682649072987
1774,1682649072987
1775,1682649072987
1776,1682649072987
1777,1682649072987
1778,1682649072987
1779,1682649072988
1780,1682649072988
1781,1682649072988
1782,1682649072988
1783,1682649072988
1784,1682649072988
1785,1682649072999
1786,1682649073002
1787,1682649073002
1788,1682649073002
1789,1682649073002
1790,1682649073003
1791,1682649073003
1792,1682649073003
