1,1682647610926
2,1682647610927
3,1682647610928
4,1682647610929
5,1682647610930
6,1682647610931
7,1682647610931
8,1682647610932
9,1682647610932
10,1682647610933
11,1682647610933
12,1682647610934
13,1682647610935
14,1682647610936
15,1682647610936
16,1682647610937
17,1682647610937
18,1682647610938
19,1682647610938
20,1682647610939
21,1682647610940
22,1682647610940
23,1682647610941
24,1682647610942
25,1682647610943
26,1682647611041
27,1682647611043
28,1682647611044
29,1682647611046
30,1682647611047
31,1682647611049
32,1682647611049
33,1682647611054
34,1682647611055
35,1682647611055
36,1682647611056
37,1682647611056
38,1682647611062
39,1682647611065
40,1682647611065
41,1682647611066
42,1682647611071
43,1682647611072
44,1682647611072
45,1682647611073
46,1682647611073
47,1682647611073
48,1682647611081
49,1682647611081
50,1682647611082
51,1682647611089
52,1682647611089
53,1682647611090
54,1682647611090
55,1682647611090
56,1682647611091
57,1682647611091
58,1682647611091
59,1682647611100
60,1682647611101
61,1682647611101
62,1682647611102
63,1682647611102
64,1682647611104
