1,1682649656871
2,1682649656873
3,1682649656874
4,1682649656875
5,1682649656877
6,1682649656878
7,1682649656879
8,1682649656880
9,1682649656881
10,1682649656882
11,1682649656883
12,1682649657171
13,1682649657172
14,1682649657172
15,1682649657173
16,1682649657175
17,1682649657177
18,1682649657177
19,1682649657178
20,1682649657179
21,1682649657181
22,1682649657182
23,1682649657184
24,1682649657185
25,1682649657186
26,1682649657187
27,1682649657188
28,1682649657189
29,1682649657190
30,1682649657193
31,1682649657195
32,1682649657195
33,1682649657197
34,1682649657199
35,1682649657201
36,1682649657201
37,1682649657202
38,1682649657202
39,1682649657205
40,1682649657205
41,1682649657210
42,1682649657211
43,1682649657213
44,1682649657215
45,1682649657217
46,1682649657218
47,1682649657222
48,1682649657476
49,1682649657479
50,1682649657482
51,1682649657483
52,1682649657484
53,1682649657485
54,1682649657488
55,1682649657489
56,1682649657490
57,1682649657492
58,1682649657494
59,1682649657494
60,1682649657495
61,1682649657498
62,1682649657499
63,1682649657500
64,1682649657501
65,1682649657502
66,1682649657504
67,1682649657506
68,1682649657507
69,1682649657509
70,1682649657511
71,1682649657512
72,1682649657514
73,1682649657515
74,1682649657515
75,1682649657516
76,1682649657517
77,1682649657518
78,1682649657518
79,1682649657519
80,1682649657520
81,1682649657520
82,1682649657521
83,1682649657523
84,1682649657529
85,1682649657530
86,1682649657531
87,1682649657532
88,1682649657532
89,1682649657533
90,1682649657534
91,1682649657534
92,1682649657535
93,1682649657536
94,1682649657539
95,1682649657540
96,1682649657540
97,1682649657545
98,1682649657545
99,1682649657546
100,1682649657548
101,1682649657551
102,1682649657552
103,1682649657553
104,1682649657553
105,1682649657554
106,1682649657554
107,1682649657554
108,1682649657555
109,1682649657555
110,1682649657556
111,1682649657557
112,1682649657562
113,1682649657563
114,1682649657564
115,1682649657565
116,1682649657565
117,1682649657566
118,1682649657566
119,1682649657566
120,1682649657568
121,1682649657568
122,1682649657569
123,1682649657569
124,1682649657570
125,1682649657570
126,1682649657571
127,1682649657577
128,1682649657591
129,1682649657599
130,1682649657600
131,1682649657600
132,1682649657601
133,1682649657601
134,1682649657602
135,1682649657606
136,1682649657609
137,1682649657614
138,1682649657614
139,1682649657615
140,1682649657615
141,1682649657616
142,1682649657616
143,1682649657617
144,1682649657619
145,1682649657641
146,1682649657642
147,1682649657644
148,1682649657645
149,1682649657646
150,1682649657647
151,1682649657647
152,1682649657648
153,1682649657648
154,1682649657648
155,1682649657649
156,1682649657649
157,1682649657649
158,1682649657650
159,1682649657650
160,1682649657650
161,1682649657650
162,1682649657651
163,1682649657651
164,1682649657652
165,1682649657654
166,1682649657654
167,1682649657655
168,1682649657655
169,1682649657656
170,1682649657656
171,1682649657656
172,1682649657657
173,1682649657896
174,1682649657896
175,1682649657897
176,1682649657897
177,1682649657897
178,1682649657897
179,1682649657898
180,1682649657898
181,1682649657898
182,1682649657899
183,1682649657899
184,1682649657899
185,1682649657899
186,1682649657900
187,1682649657900
188,1682649657900
189,1682649657900
190,1682649657900
191,1682649657901
192,1682649657901
193,1682649657901
194,1682649657902
195,1682649657902
196,1682649657902
197,1682649657903
198,1682649657903
199,1682649657904
200,1682649657904
201,1682649657904
202,1682649657905
203,1682649657905
204,1682649657905
205,1682649657906
206,1682649657906
207,1682649657906
208,1682649657906
209,1682649657907
210,1682649657907
211,1682649657908
212,1682649657908
213,1682649657908
214,1682649657908
215,1682649657909
216,1682649657909
217,1682649657910
218,1682649657910
219,1682649657910
220,1682649657911
221,1682649657911
222,1682649657911
223,1682649657912
224,1682649657912
225,1682649657914
226,1682649657914
227,1682649657915
228,1682649657915
229,1682649657916
230,1682649657916
231,1682649657916
232,1682649657917
233,1682649657917
234,1682649657918
235,1682649657918
236,1682649657919
237,1682649657919
238,1682649657919
239,1682649657920
240,1682649657920
241,1682649657920
242,1682649657921
243,1682649657921
244,1682649657922
245,1682649657922
246,1682649657923
247,1682649657923
248,1682649657923
249,1682649657927
250,1682649657928
251,1682649657929
252,1682649657929
253,1682649657929
254,1682649657930
255,1682649657930
256,1682649657931
257,1682649657931
258,1682649657931
259,1682649657932
260,1682649657932
261,1682649657933
262,1682649657933
263,1682649657933
264,1682649657934
265,1682649657934
266,1682649657934
267,1682649657935
268,1682649657935
269,1682649657935
270,1682649657935
271,1682649657936
272,1682649657936
273,1682649657936
274,1682649657937
275,1682649657937
276,1682649657937
277,1682649658192
278,1682649658193
279,1682649658193
280,1682649658197
281,1682649658198
282,1682649658198
283,1682649658198
284,1682649658198
285,1682649658199
286,1682649658199
287,1682649658199
288,1682649658200
289,1682649658200
290,1682649658200
291,1682649658201
292,1682649658201
293,1682649658201
294,1682649658201
295,1682649658202
296,1682649658202
297,1682649658202
298,1682649658202
299,1682649658203
300,1682649658203
301,1682649658203
302,1682649658203
303,1682649658204
304,1682649658204
305,1682649658204
306,1682649658204
307,1682649658204
308,1682649658205
309,1682649658205
310,1682649658205
311,1682649658205
312,1682649658206
313,1682649658206
314,1682649658206
315,1682649658206
316,1682649658207
317,1682649658207
318,1682649658208
319,1682649658208
320,1682649658208
321,1682649658209
322,1682649658209
323,1682649658209
324,1682649658209
325,1682649658210
326,1682649658210
327,1682649658210
328,1682649658210
329,1682649658210
330,1682649658211
331,1682649658211
332,1682649658211
333,1682649658211
334,1682649658211
335,1682649658212
336,1682649658212
337,1682649658212
338,1682649658212
339,1682649658212
340,1682649658212
341,1682649658213
342,1682649658213
343,1682649658213
344,1682649658213
345,1682649658213
346,1682649658213
347,1682649658214
348,1682649658214
349,1682649658214
350,1682649658214
351,1682649658214
352,1682649658215
353,1682649658215
354,1682649658215
355,1682649658215
356,1682649658215
357,1682649658215
358,1682649658215
359,1682649658216
360,1682649658216
361,1682649658216
362,1682649658216
363,1682649658216
364,1682649658216
365,1682649658216
366,1682649658217
367,1682649658217
368,1682649658217
369,1682649658217
370,1682649658217
371,1682649658217
372,1682649658218
373,1682649658218
374,1682649658218
375,1682649658218
376,1682649658218
377,1682649658218
378,1682649658219
379,1682649658219
380,1682649658219
381,1682649658220
382,1682649658220
383,1682649658220
384,1682649658221
385,1682649658221
386,1682649658221
387,1682649658222
388,1682649658222
389,1682649658222
390,1682649658222
391,1682649658223
392,1682649658224
393,1682649658225
394,1682649658225
395,1682649658227
396,1682649658227
397,1682649658228
398,1682649658229
399,1682649658230
400,1682649658230
401,1682649658230
402,1682649658231
403,1682649658231
404,1682649658231
405,1682649658232
406,1682649658232
407,1682649658232
408,1682649658233
409,1682649658233
410,1682649658233
411,1682649658234
412,1682649658234
413,1682649658234
414,1682649658234
415,1682649658235
416,1682649658235
417,1682649658235
418,1682649658235
419,1682649658521
420,1682649658521
421,1682649658521
422,1682649658522
423,1682649658522
424,1682649658522
425,1682649658522
426,1682649658523
427,1682649658523
428,1682649658523
429,1682649658523
430,1682649658524
431,1682649658524
432,1682649658524
433,1682649658524
434,1682649658525
435,1682649658526
436,1682649658526
437,1682649658526
438,1682649658527
439,1682649658527
440,1682649658527
441,1682649658528
442,1682649658528
443,1682649658528
444,1682649658529
445,1682649658529
446,1682649658529
447,1682649658529
448,1682649658530
449,1682649658530
450,1682649658530
451,1682649658531
452,1682649658531
453,1682649658531
454,1682649658531
455,1682649658532
456,1682649658532
457,1682649658532
458,1682649658532
459,1682649658533
460,1682649658533
461,1682649658533
462,1682649658533
463,1682649658534
464,1682649658534
465,1682649658534
466,1682649658534
467,1682649658535
468,1682649658535
469,1682649658535
470,1682649658535
471,1682649658536
472,1682649658536
473,1682649658536
474,1682649658536
475,1682649658536
476,1682649658537
477,1682649658537
478,1682649658537
479,1682649658537
480,1682649658538
481,1682649658538
482,1682649658538
483,1682649658538
484,1682649658539
485,1682649658539
486,1682649658539
487,1682649658539
488,1682649658540
489,1682649658540
490,1682649658541
491,1682649658541
492,1682649658542
493,1682649658542
494,1682649658542
495,1682649658543
496,1682649658543
497,1682649658543
498,1682649658544
499,1682649658544
500,1682649658544
501,1682649658545
502,1682649658545
503,1682649658545
504,1682649658545
505,1682649658546
506,1682649658546
507,1682649658546
508,1682649658546
509,1682649658547
510,1682649658547
511,1682649658547
512,1682649658547
513,1682649658548
514,1682649658548
515,1682649658548
516,1682649658548
517,1682649658549
518,1682649658549
519,1682649658549
520,1682649658549
521,1682649658550
522,1682649658550
523,1682649658550
524,1682649658550
525,1682649658551
526,1682649658551
527,1682649658551
528,1682649658551
529,1682649658551
530,1682649658552
531,1682649658552
532,1682649658552
533,1682649658552
534,1682649658553
535,1682649658553
536,1682649658553
537,1682649658554
538,1682649658554
539,1682649658554
540,1682649658554
541,1682649658555
542,1682649658555
543,1682649658555
544,1682649658555
545,1682649658556
546,1682649658556
547,1682649658556
548,1682649658557
549,1682649658558
550,1682649658559
551,1682649658560
552,1682649658561
553,1682649658562
554,1682649658562
555,1682649658562
556,1682649658563
557,1682649658563
558,1682649658563
559,1682649658563
560,1682649658563
561,1682649658564
562,1682649658564
563,1682649658564
564,1682649658565
565,1682649658565
566,1682649658565
567,1682649658565
568,1682649658566
569,1682649658566
570,1682649658566
571,1682649658566
572,1682649658566
573,1682649658672
574,1682649658672
575,1682649658673
576,1682649658673
577,1682649658673
578,1682649658673
579,1682649658673
580,1682649658673
581,1682649658674
582,1682649658674
583,1682649658674
584,1682649658674
585,1682649658675
586,1682649658675
587,1682649658675
588,1682649658675
589,1682649658675
590,1682649658676
591,1682649658676
592,1682649658676
593,1682649658677
594,1682649658677
595,1682649658677
596,1682649658677
597,1682649658677
598,1682649658678
599,1682649658678
600,1682649658678
601,1682649658678
602,1682649658679
603,1682649658679
604,1682649658679
605,1682649658679
606,1682649658679
607,1682649658679
608,1682649658680
609,1682649658680
610,1682649658680
611,1682649658680
612,1682649658680
613,1682649658681
614,1682649658681
615,1682649658681
616,1682649658681
617,1682649658681
618,1682649658682
619,1682649658682
620,1682649658682
621,1682649658682
622,1682649658901
623,1682649658901
624,1682649658901
625,1682649658901
626,1682649658902
627,1682649658902
628,1682649658902
629,1682649658903
630,1682649658903
631,1682649658903
632,1682649658903
633,1682649658903
634,1682649658904
635,1682649658904
636,1682649658904
637,1682649658904
638,1682649658904
639,1682649658905
640,1682649658905
641,1682649658905
642,1682649658905
643,1682649658906
644,1682649658906
645,1682649658906
646,1682649658907
647,1682649658907
648,1682649658907
649,1682649658908
650,1682649658908
651,1682649658909
652,1682649658910
653,1682649658910
654,1682649658910
655,1682649658910
656,1682649658911
657,1682649658911
658,1682649658911
659,1682649658911
660,1682649658911
661,1682649658912
662,1682649658912
663,1682649658912
664,1682649658912
665,1682649658913
666,1682649658913
667,1682649658913
668,1682649658913
669,1682649658913
670,1682649658914
671,1682649658914
672,1682649658914
673,1682649658914
674,1682649658914
675,1682649658915
676,1682649658915
677,1682649658915
678,1682649658915
679,1682649658915
680,1682649658916
681,1682649658916
682,1682649658916
683,1682649658916
684,1682649658916
685,1682649658917
686,1682649658917
687,1682649658917
688,1682649658917
689,1682649658918
690,1682649658918
691,1682649658918
692,1682649658918
693,1682649659083
694,1682649659083
695,1682649659084
696,1682649659084
697,1682649659084
698,1682649659084
699,1682649659084
700,1682649659084
701,1682649659085
702,1682649659085
703,1682649659085
704,1682649659085
705,1682649659085
706,1682649659085
707,1682649659085
708,1682649659085
709,1682649659086
710,1682649659086
711,1682649659086
712,1682649659086
713,1682649659086
714,1682649659086
715,1682649659086
716,1682649659087
717,1682649659087
718,1682649659087
719,1682649659087
720,1682649659087
721,1682649659087
722,1682649659087
723,1682649659087
724,1682649659088
725,1682649659088
726,1682649659088
727,1682649659088
728,1682649659088
729,1682649659088
730,1682649659088
731,1682649659089
732,1682649659089
733,1682649659089
734,1682649659089
735,1682649659089
736,1682649659089
737,1682649659089
738,1682649659090
739,1682649659090
740,1682649659090
741,1682649659090
742,1682649659090
743,1682649659091
744,1682649659091
745,1682649659091
746,1682649659091
747,1682649659091
748,1682649659092
749,1682649659092
750,1682649659092
751,1682649659093
752,1682649659093
753,1682649659093
754,1682649659093
755,1682649659093
756,1682649659093
757,1682649659094
758,1682649659094
759,1682649659094
760,1682649659094
761,1682649659095
762,1682649659095
763,1682649659095
764,1682649659095
765,1682649659095
766,1682649659096
767,1682649659096
768,1682649659096
769,1682649659096
770,1682649659097
771,1682649659097
772,1682649659097
773,1682649659097
774,1682649659098
775,1682649659098
776,1682649659098
777,1682649659098
778,1682649659098
779,1682649659098
780,1682649659099
781,1682649659099
782,1682649659099
783,1682649659099
784,1682649659099
785,1682649659099
786,1682649659099
787,1682649659100
788,1682649659100
789,1682649659100
790,1682649659100
791,1682649659100
792,1682649659100
793,1682649659100
794,1682649659101
795,1682649659101
796,1682649659101
797,1682649659224
798,1682649659224
799,1682649659224
800,1682649659224
801,1682649659225
802,1682649659225
803,1682649659225
804,1682649659225
805,1682649659225
806,1682649659226
807,1682649659226
808,1682649659226
809,1682649659226
810,1682649659226
811,1682649659226
812,1682649659227
813,1682649659227
814,1682649659227
815,1682649659227
816,1682649659227
817,1682649659228
818,1682649659228
819,1682649659228
820,1682649659228
821,1682649659228
822,1682649659228
823,1682649659229
824,1682649659229
825,1682649659229
826,1682649659229
827,1682649659229
828,1682649659229
829,1682649659229
830,1682649659230
831,1682649659230
832,1682649659230
833,1682649659230
834,1682649659230
835,1682649659230
836,1682649659230
837,1682649659230
838,1682649659231
839,1682649659231
840,1682649659231
841,1682649659231
842,1682649659231
843,1682649659231
844,1682649659231
845,1682649659231
846,1682649659232
847,1682649659232
848,1682649659232
849,1682649659232
850,1682649659232
851,1682649659232
852,1682649659232
853,1682649659232
854,1682649659233
855,1682649659233
856,1682649659233
857,1682649659233
858,1682649659233
859,1682649659233
860,1682649659233
861,1682649659234
862,1682649659234
863,1682649659234
864,1682649659234
865,1682649659234
866,1682649659234
867,1682649659235
868,1682649659235
869,1682649659235
870,1682649659235
871,1682649659235
872,1682649659236
873,1682649659236
874,1682649659236
875,1682649659236
876,1682649659236
877,1682649659236
878,1682649659236
879,1682649659237
880,1682649659237
881,1682649659237
882,1682649659237
883,1682649659237
884,1682649659237
885,1682649659237
886,1682649659238
887,1682649659238
888,1682649659238
889,1682649659238
890,1682649659238
891,1682649659238
892,1682649659238
893,1682649659453
894,1682649659453
895,1682649659453
896,1682649659453
897,1682649659453
898,1682649659454
899,1682649659454
900,1682649659454
901,1682649659454
902,1682649659454
903,1682649659454
904,1682649659455
905,1682649659455
906,1682649659455
907,1682649659455
908,1682649659455
909,1682649659456
910,1682649659456
911,1682649659456
912,1682649659456
913,1682649659456
914,1682649659456
915,1682649659456
916,1682649659457
917,1682649659457
918,1682649659457
919,1682649659457
920,1682649659458
921,1682649659458
922,1682649659458
923,1682649659458
924,1682649659459
925,1682649659459
926,1682649659459
927,1682649659459
928,1682649659459
929,1682649659459
930,1682649659460
931,1682649659460
932,1682649659460
933,1682649659460
934,1682649659460
935,1682649659461
936,1682649659461
937,1682649659461
938,1682649659461
939,1682649659461
940,1682649659462
941,1682649659462
942,1682649659462
943,1682649659462
944,1682649659462
945,1682649659462
946,1682649659462
947,1682649659463
948,1682649659463
949,1682649659463
950,1682649659463
951,1682649659463
952,1682649659463
953,1682649659463
954,1682649659463
955,1682649659464
956,1682649659464
957,1682649659464
958,1682649659464
959,1682649659464
960,1682649659464
961,1682649659464
962,1682649659464
963,1682649659464
964,1682649659465
965,1682649659465
966,1682649659465
967,1682649659465
968,1682649659465
969,1682649659465
970,1682649659465
971,1682649659465
972,1682649659466
973,1682649659466
974,1682649659466
975,1682649659466
976,1682649659466
977,1682649659466
978,1682649659466
979,1682649659467
980,1682649659467
981,1682649659467
982,1682649659467
983,1682649659467
984,1682649659467
985,1682649659467
986,1682649659468
987,1682649659468
988,1682649659468
989,1682649659468
990,1682649659468
991,1682649659468
992,1682649659468
993,1682649659469
994,1682649659469
995,1682649659469
996,1682649659469
997,1682649659469
998,1682649659470
999,1682649659470
1000,1682649659470
1001,1682649659470
1002,1682649659470
1003,1682649659470
1004,1682649659471
1005,1682649659471
1006,1682649659471
1007,1682649659471
1008,1682649659471
1009,1682649659471
1010,1682649659471
1011,1682649659471
1012,1682649659471
1013,1682649659472
1014,1682649659472
1015,1682649659472
1016,1682649659472
1017,1682649659472
1018,1682649659472
1019,1682649659473
1020,1682649659473
1021,1682649659473
1022,1682649659473
1023,1682649659473
1024,1682649659473
1025,1682649659474
1026,1682649659474
1027,1682649659474
1028,1682649659474
1029,1682649659474
1030,1682649659474
1031,1682649659475
1032,1682649659475
1033,1682649659475
1034,1682649659475
1035,1682649659475
1036,1682649659475
1037,1682649659475
1038,1682649659476
1039,1682649659476
1040,1682649659476
1041,1682649659476
1042,1682649659476
1043,1682649659476
1044,1682649659477
1045,1682649659477
1046,1682649659477
1047,1682649659477
1048,1682649659477
1049,1682649659478
1050,1682649659478
1051,1682649659478
1052,1682649659478
1053,1682649659478
1054,1682649659478
1055,1682649659479
1056,1682649659479
1057,1682649659479
1058,1682649659479
1059,1682649659479
1060,1682649659479
1061,1682649659479
1062,1682649659480
1063,1682649659480
1064,1682649659480
1065,1682649659480
1066,1682649659480
1067,1682649659480
1068,1682649659480
1069,1682649659480
1070,1682649659481
1071,1682649659481
1072,1682649659481
1073,1682649659481
1074,1682649659481
1075,1682649659481
1076,1682649659482
1077,1682649659482
1078,1682649659482
1079,1682649659482
1080,1682649659482
1081,1682649659482
1082,1682649659482
1083,1682649659483
1084,1682649659483
1085,1682649659483
1086,1682649659483
1087,1682649659483
1088,1682649659483
1089,1682649659483
1090,1682649659483
1091,1682649659484
1092,1682649659484
1093,1682649659484
1094,1682649659484
1095,1682649659484
1096,1682649659484
1097,1682649659484
1098,1682649659484
1099,1682649659485
1100,1682649659485
1101,1682649659485
1102,1682649659485
1103,1682649659485
1104,1682649659485
1105,1682649659485
1106,1682649659485
1107,1682649659485
1108,1682649659486
1109,1682649659486
1110,1682649659486
1111,1682649659486
1112,1682649659486
1113,1682649659486
1114,1682649659486
1115,1682649659486
1116,1682649659487
1117,1682649659487
1118,1682649659487
1119,1682649659487
1120,1682649659487
1121,1682649659487
1122,1682649659487
1123,1682649659487
1124,1682649659487
1125,1682649659488
1126,1682649659488
1127,1682649659488
1128,1682649659488
1129,1682649659488
1130,1682649659488
1131,1682649659488
1132,1682649659685
1133,1682649659685
1134,1682649659685
1135,1682649659686
1136,1682649659686
1137,1682649659686
1138,1682649659686
1139,1682649659686
1140,1682649659686
1141,1682649659838
1142,1682649659838
1143,1682649659838
1144,1682649659838
1145,1682649659838
1146,1682649659839
1147,1682649659839
1148,1682649659839
1149,1682649659839
1150,1682649659839
1151,1682649659839
1152,1682649659840
1153,1682649659840
1154,1682649659840
1155,1682649659840
1156,1682649659840
1157,1682649659841
1158,1682649659841
1159,1682649659841
1160,1682649659841
1161,1682649659841
1162,1682649659841
1163,1682649659841
1164,1682649659842
1165,1682649659842
1166,1682649659842
1167,1682649659842
1168,1682649659842
1169,1682649659842
1170,1682649659843
1171,1682649659843
1172,1682649659843
1173,1682649659843
1174,1682649659844
1175,1682649659844
1176,1682649659844
1177,1682649659844
1178,1682649659844
1179,1682649659845
1180,1682649659845
1181,1682649659845
1182,1682649659845
1183,1682649659846
1184,1682649659846
1185,1682649659846
1186,1682649660076
1187,1682649660076
1188,1682649660076
1189,1682649660077
1190,1682649660077
1191,1682649660077
1192,1682649660077
1193,1682649660078
1194,1682649660078
1195,1682649660078
1196,1682649660079
1197,1682649660079
1198,1682649660079
1199,1682649660079
1200,1682649660080
1201,1682649660080
1202,1682649660080
1203,1682649660080
1204,1682649660080
1205,1682649660081
1206,1682649660081
1207,1682649660081
1208,1682649660081
1209,1682649660081
1210,1682649660082
1211,1682649660082
1212,1682649660082
1213,1682649660082
1214,1682649660082
1215,1682649660083
1216,1682649660083
1217,1682649660083
1218,1682649660083
1219,1682649660083
1220,1682649660084
1221,1682649660084
1222,1682649660084
1223,1682649660084
1224,1682649660085
1225,1682649660085
1226,1682649660085
1227,1682649660085
1228,1682649660086
1229,1682649660086
1230,1682649660086
1231,1682649660086
1232,1682649660087
1233,1682649660087
1234,1682649660087
1235,1682649660088
1236,1682649660088
1237,1682649660088
1238,1682649660088
1239,1682649660089
1240,1682649660089
1241,1682649660089
1242,1682649660090
1243,1682649660090
1244,1682649660090
1245,1682649660091
1246,1682649660091
1247,1682649660091
1248,1682649660092
1249,1682649660092
1250,1682649660092
1251,1682649660093
1252,1682649660093
1253,1682649660093
1254,1682649660093
1255,1682649660094
1256,1682649660094
1257,1682649660094
1258,1682649660094
1259,1682649660094
1260,1682649660094
1261,1682649660095
1262,1682649660095
1263,1682649660095
1264,1682649660095
1265,1682649660095
1266,1682649660096
1267,1682649660096
1268,1682649660096
1269,1682649660096
1270,1682649660096
1271,1682649660097
1272,1682649660097
1273,1682649660097
1274,1682649660097
1275,1682649660097
1276,1682649660098
1277,1682649660098
1278,1682649660098
1279,1682649660098
1280,1682649660098
1281,1682649660099
1282,1682649660099
1283,1682649660099
1284,1682649660099
1285,1682649660099
1286,1682649660100
1287,1682649660100
1288,1682649660100
1289,1682649660100
1290,1682649660101
1291,1682649660101
1292,1682649660101
1293,1682649660101
1294,1682649660101
1295,1682649660102
1296,1682649660102
1297,1682649660102
1298,1682649660102
1299,1682649660103
1300,1682649660103
1301,1682649660103
1302,1682649660103
1303,1682649660104
1304,1682649660104
1305,1682649660104
1306,1682649660104
1307,1682649660104
1308,1682649660105
1309,1682649660105
1310,1682649660105
1311,1682649660105
1312,1682649660105
1313,1682649660106
1314,1682649660106
1315,1682649660106
1316,1682649660106
1317,1682649660108
1318,1682649660109
1319,1682649660109
1320,1682649660110
1321,1682649660110
1322,1682649660110
1323,1682649660110
1324,1682649660111
1325,1682649660111
1326,1682649660111
1327,1682649660111
1328,1682649660111
1329,1682649660512
1330,1682649660512
1331,1682649660513
1332,1682649660513
1333,1682649660513
1334,1682649660514
1335,1682649660514
1336,1682649660514
1337,1682649660515
1338,1682649660515
1339,1682649660515
1340,1682649660516
1341,1682649660516
1342,1682649660517
1343,1682649660517
1344,1682649660517
1345,1682649660518
1346,1682649660518
1347,1682649660519
1348,1682649660519
1349,1682649660520
1350,1682649660520
1351,1682649660520
1352,1682649660520
1353,1682649660521
1354,1682649660526
1355,1682649660527
1356,1682649660527
1357,1682649660528
1358,1682649660528
1359,1682649660528
1360,1682649660528
1361,1682649660530
1362,1682649660530
1363,1682649660530
1364,1682649660530
1365,1682649660530
1366,1682649660531
1367,1682649660532
1368,1682649660533
1369,1682649660533
1370,1682649660533
1371,1682649660534
1372,1682649660534
1373,1682649660534
1374,1682649660535
1375,1682649660537
1376,1682649660537
1377,1682649660537
1378,1682649660538
1379,1682649660538
1380,1682649660538
1381,1682649660539
1382,1682649660539
1383,1682649660540
1384,1682649660540
1385,1682649660541
1386,1682649660541
1387,1682649660541
1388,1682649660543
1389,1682649660547
1390,1682649660547
1391,1682649660548
1392,1682649660548
1393,1682649660548
1394,1682649660548
1395,1682649660549
1396,1682649660549
1397,1682649660550
1398,1682649660550
1399,1682649660550
1400,1682649660551
1401,1682649660551
1402,1682649660551
1403,1682649660551
1404,1682649660552
1405,1682649660552
1406,1682649660560
1407,1682649660569
1408,1682649660570
1409,1682649660572
1410,1682649660573
1411,1682649660574
1412,1682649660579
1413,1682649660591
1414,1682649660594
1415,1682649660595
1416,1682649660602
1417,1682649660608
1418,1682649660617
1419,1682649660621
1420,1682649660625
1421,1682649660628
1422,1682649660635
1423,1682649660637
1424,1682649660639
1425,1682649660642
1426,1682649660642
1427,1682649660644
1428,1682649660644
1429,1682649660645
1430,1682649660646
1431,1682649660647
1432,1682649660647
1433,1682649660647
1434,1682649660648
1435,1682649660648
1436,1682649660648
1437,1682649660649
1438,1682649660649
1439,1682649660649
1440,1682649660650
1441,1682649660650
1442,1682649660650
1443,1682649660651
1444,1682649660651
1445,1682649660651
1446,1682649660652
1447,1682649660652
1448,1682649660652
1449,1682649660652
1450,1682649660653
1451,1682649660653
1452,1682649660653
1453,1682649660654
1454,1682649660654
1455,1682649660654
1456,1682649660654
1457,1682649660654
1458,1682649660655
1459,1682649660655
1460,1682649660655
1461,1682649660656
1462,1682649660656
1463,1682649660656
1464,1682649660657
1465,1682649660657
1466,1682649660657
1467,1682649660657
1468,1682649660658
1469,1682649660658
1470,1682649660658
1471,1682649660659
1472,1682649660659
1473,1682649660660
1474,1682649660660
1475,1682649660660
1476,1682649660661
1477,1682649660662
1478,1682649660663
1479,1682649660663
1480,1682649660663
1481,1682649660663
1482,1682649660664
1483,1682649660664
1484,1682649660664
1485,1682649660665
1486,1682649660665
1487,1682649660665
1488,1682649660665
1489,1682649660666
1490,1682649660666
1491,1682649660666
1492,1682649660667
1493,1682649660667
1494,1682649660667
1495,1682649660669
1496,1682649660670
1497,1682649660670
1498,1682649660670
1499,1682649660673
1500,1682649660676
1501,1682649660679
1502,1682649660680
1503,1682649660681
1504,1682649660682
1505,1682649660683
1506,1682649660683
1507,1682649660683
1508,1682649660684
1509,1682649660684
1510,1682649660684
1511,1682649660684
1512,1682649660685
1513,1682649660685
1514,1682649660685
1515,1682649660685
1516,1682649660686
1517,1682649660686
1518,1682649660687
1519,1682649660687
1520,1682649660688
1521,1682649660688
1522,1682649660688
1523,1682649660689
1524,1682649660689
1525,1682649660692
1526,1682649660694
1527,1682649660694
1528,1682649660695
1529,1682649660695
1530,1682649660696
1531,1682649660696
1532,1682649660696
1533,1682649660697
1534,1682649660697
1535,1682649660698
1536,1682649660698
