1,1682647726866
2,1682647726869
3,1682647726871
4,1682647726871
5,1682647726872
6,1682647726873
7,1682647726874
8,1682647726875
9,1682647726876
10,1682647726877
11,1682647726878
12,1682647726878
13,1682647726879
14,1682647726880
15,1682647726881
16,1682647726882
17,1682647726883
18,1682647726884
19,1682647726887
20,1682647726888
21,1682647726888
22,1682647726889
23,1682647726890
24,1682647726890
25,1682647726891
26,1682647726892
27,1682647726893
28,1682647726894
29,1682647726895
30,1682647726896
31,1682647726897
32,1682647726897
33,1682647726898
34,1682647726903
35,1682647726904
36,1682647726904
37,1682647726905
38,1682647726906
39,1682647726908
40,1682647726908
41,1682647726909
42,1682647726911
43,1682647726911
44,1682647726912
45,1682647726914
46,1682647726917
47,1682647726919
48,1682647726921
49,1682647726922
50,1682647726924
51,1682647726925
52,1682647726933
53,1682647726942
54,1682647726944
55,1682647726946
56,1682647726948
57,1682647726950
58,1682647726953
59,1682647726954
60,1682647726954
61,1682647726955
62,1682647726956
63,1682647726956
64,1682647726958
65,1682647726959
66,1682647726959
67,1682647726960
68,1682647726960
69,1682647726961
70,1682647726961
71,1682647726962
72,1682647726962
73,1682647726962
74,1682647726963
75,1682647726963
76,1682647726964
77,1682647726964
78,1682647726964
79,1682647726964
80,1682647726965
81,1682647726965
82,1682647726965
83,1682647726966
84,1682647726967
85,1682647726967
86,1682647726967
87,1682647726968
88,1682647726968
89,1682647726969
90,1682647726970
91,1682647726970
92,1682647726971
93,1682647726972
94,1682647726973
95,1682647726974
96,1682647726975
97,1682647726975
98,1682647726976
99,1682647726977
100,1682647726977
101,1682647726978
102,1682647726978
103,1682647726979
104,1682647726979
105,1682647726980
106,1682647726980
107,1682647726980
108,1682647726980
109,1682647726980
110,1682647726981
111,1682647726981
112,1682647726981
113,1682647726982
114,1682647726982
115,1682647726986
116,1682647726986
117,1682647726987
118,1682647726988
119,1682647726988
120,1682647726989
121,1682647726989
122,1682647726990
123,1682647726990
124,1682647726990
125,1682647726991
126,1682647726991
127,1682647726992
128,1682647726992
