1,1682648243128
2,1682648243129
3,1682648243130
4,1682648243131
5,1682648243131
6,1682648243132
7,1682648243133
8,1682648243134
9,1682648243134
10,1682648243636
11,1682648243637
12,1682648243638
13,1682648243639
14,1682648243641
15,1682648243642
16,1682648243643
17,1682648243644
18,1682648243645
19,1682648243646
20,1682648243646
21,1682648243647
22,1682648243648
23,1682648243649
24,1682648243650
25,1682648243652
26,1682648243653
27,1682648243654
28,1682648243654
29,1682648243655
30,1682648243659
31,1682648243666
32,1682648243667
33,1682648243668
34,1682648243669
35,1682648243670
36,1682648243670
37,1682648243671
38,1682648243674
39,1682648243675
40,1682648243676
41,1682648243677
42,1682648243678
43,1682648243678
44,1682648243679
45,1682648243680
46,1682648243681
47,1682648243682
48,1682648244767
49,1682648244768
50,1682648244768
51,1682648244769
52,1682648244769
53,1682648244770
54,1682648244770
55,1682648244771
56,1682648244771
57,1682648244772
58,1682648244772
59,1682648244772
60,1682648244773
61,1682648244773
62,1682648244774
63,1682648244774
64,1682648244775
65,1682648244775
66,1682648244775
67,1682648244776
68,1682648244776
69,1682648244776
70,1682648244777
71,1682648244777
72,1682648244777
73,1682648244777
74,1682648244778
75,1682648244778
76,1682648244779
77,1682648244779
78,1682648244780
79,1682648244780
80,1682648244780
81,1682648244781
82,1682648244781
83,1682648244781
84,1682648244782
85,1682648244782
86,1682648244782
87,1682648244783
88,1682648244783
89,1682648244784
90,1682648244784
91,1682648244785
92,1682648244785
93,1682648244786
94,1682648244786
95,1682648244787
96,1682648244787
97,1682648244787
98,1682648244788
99,1682648244788
100,1682648244788
101,1682648244789
102,1682648244789
103,1682648244789
104,1682648244790
105,1682648244790
106,1682648244791
107,1682648244791
108,1682648244791
109,1682648244792
110,1682648244792
111,1682648244792
112,1682648244793
113,1682648244793
114,1682648244793
115,1682648244794
116,1682648244794
117,1682648244794
118,1682648244795
119,1682648244795
120,1682648244795
121,1682648244796
122,1682648244796
123,1682648244797
124,1682648244797
125,1682648244797
126,1682648244798
127,1682648244798
128,1682648244798
129,1682648244799
130,1682648244799
131,1682648244799
132,1682648244799
133,1682648244799
134,1682648244800
135,1682648244800
136,1682648244800
137,1682648244800
138,1682648244800
139,1682648244801
140,1682648244801
141,1682648244801
142,1682648244801
143,1682648244802
144,1682648244802
145,1682648244802
146,1682648244802
147,1682648244802
148,1682648244803
149,1682648244803
150,1682648244803
151,1682648244803
152,1682648244804
153,1682648244804
154,1682648244804
155,1682648244804
156,1682648244805
157,1682648244805
158,1682648244805
159,1682648244805
160,1682648244806
161,1682648244806
162,1682648244806
163,1682648244806
164,1682648244807
165,1682648244807
166,1682648244807
167,1682648244807
168,1682648244808
169,1682648244808
170,1682648244808
171,1682648244808
172,1682648244808
173,1682648244808
174,1682648244809
175,1682648244809
176,1682648244809
177,1682648244809
178,1682648244809
179,1682648244809
180,1682648244810
181,1682648244810
182,1682648244810
183,1682648244810
184,1682648244810
185,1682648244810
186,1682648244811
187,1682648244811
188,1682648244811
189,1682648244811
190,1682648244811
191,1682648244812
192,1682648244812
193,1682648244812
194,1682648244812
195,1682648244813
196,1682648244813
197,1682648244813
198,1682648244813
199,1682648244813
200,1682648244813
201,1682648244814
202,1682648244814
203,1682648244814
204,1682648244814
205,1682648244814
206,1682648244815
207,1682648244815
208,1682648244815
209,1682648244815
210,1682648244815
211,1682648244815
212,1682648244815
213,1682648245582
214,1682648245582
215,1682648245582
216,1682648245583
217,1682648245583
218,1682648245583
219,1682648245584
220,1682648245584
221,1682648245584
222,1682648245585
223,1682648245585
224,1682648245585
225,1682648245586
226,1682648245586
227,1682648245586
228,1682648245587
229,1682648245587
230,1682648245587
231,1682648245587
232,1682648245588
233,1682648245590
234,1682648245591
235,1682648245592
236,1682648245592
237,1682648245592
238,1682648245593
239,1682648245593
240,1682648245594
241,1682648245594
242,1682648245595
243,1682648245595
244,1682648245595
245,1682648245596
246,1682648245597
247,1682648245598
248,1682648245598
249,1682648245598
250,1682648245599
251,1682648245601
252,1682648245602
253,1682648245603
254,1682648245603
255,1682648245609
256,1682648245609
257,1682648245610
258,1682648245611
259,1682648245611
260,1682648245611
261,1682648245611
262,1682648245612
263,1682648245612
264,1682648245612
265,1682648245612
266,1682648245613
267,1682648245613
268,1682648245613
269,1682648245613
270,1682648245614
271,1682648245614
272,1682648245614
273,1682648245615
274,1682648245615
275,1682648245615
276,1682648245616
277,1682648245616
278,1682648245616
279,1682648245617
280,1682648245617
281,1682648245619
282,1682648245619
283,1682648245620
284,1682648245620
285,1682648245621
286,1682648245622
287,1682648245622
288,1682648245623
289,1682648245624
290,1682648245624
291,1682648245625
292,1682648245626
293,1682648245626
294,1682648245627
295,1682648245629
296,1682648245630
297,1682648245631
298,1682648245631
299,1682648245632
300,1682648245632
301,1682648245633
302,1682648245634
303,1682648245635
304,1682648245635
305,1682648245637
306,1682648245638
307,1682648245639
308,1682648245640
309,1682648245641
310,1682648245641
311,1682648245642
312,1682648245642
313,1682648245642
314,1682648245642
315,1682648245643
316,1682648245643
317,1682648245643
318,1682648245644
319,1682648245644
320,1682648245644
321,1682648245644
322,1682648245645
323,1682648245645
324,1682648245645
325,1682648245645
326,1682648245646
327,1682648245646
328,1682648245646
329,1682648245646
330,1682648245647
331,1682648245647
332,1682648245647
333,1682648245648
334,1682648245648
335,1682648245648
336,1682648245648
337,1682648245649
338,1682648245649
339,1682648245649
340,1682648245650
341,1682648245650
342,1682648245650
343,1682648245651
344,1682648245651
345,1682648245651
346,1682648245652
347,1682648245652
348,1682648245652
349,1682648245653
350,1682648245653
351,1682648245653
352,1682648245653
353,1682648245654
354,1682648245654
355,1682648245654
356,1682648245654
357,1682648245654
358,1682648245655
359,1682648245655
360,1682648245655
361,1682648245656
362,1682648245656
363,1682648245656
364,1682648245656
365,1682648245657
366,1682648245657
367,1682648245658
368,1682648245659
369,1682648245659
370,1682648245660
371,1682648245660
372,1682648245660
373,1682648245661
374,1682648245661
375,1682648245662
376,1682648245662
377,1682648245662
378,1682648245663
379,1682648245663
380,1682648245663
381,1682648245664
382,1682648245664
383,1682648245664
384,1682648245665
385,1682648245665
386,1682648245665
387,1682648245666
388,1682648245666
389,1682648245666
390,1682648245667
391,1682648245667
392,1682648245667
393,1682648245668
394,1682648245668
395,1682648245669
396,1682648245669
397,1682648245669
398,1682648245670
399,1682648245670
400,1682648245670
401,1682648245670
402,1682648245671
403,1682648245671
404,1682648245671
405,1682648245671
406,1682648245672
407,1682648245672
408,1682648245672
409,1682648245673
410,1682648245673
411,1682648245674
412,1682648245674
413,1682648245674
414,1682648245675
415,1682648245675
416,1682648245675
417,1682648245675
418,1682648245675
419,1682648245676
420,1682648245676
421,1682648245676
422,1682648245676
423,1682648245676
424,1682648245676
425,1682648245677
426,1682648245677
427,1682648245677
428,1682648245677
429,1682648245677
430,1682648245678
431,1682648245678
432,1682648245678
433,1682648245678
434,1682648245679
435,1682648245679
436,1682648245679
437,1682648245679
438,1682648245679
439,1682648245679
440,1682648245680
441,1682648245680
442,1682648245680
443,1682648245680
444,1682648245681
445,1682648245681
446,1682648245681
447,1682648245681
448,1682648245681
449,1682648245681
450,1682648245682
451,1682648245682
452,1682648245682
453,1682648245682
454,1682648245682
455,1682648245682
456,1682648245683
457,1682648245683
458,1682648245683
459,1682648245683
460,1682648245683
461,1682648245683
462,1682648245683
463,1682648245684
464,1682648245684
465,1682648245684
466,1682648245684
467,1682648245684
468,1682648245684
469,1682648245685
470,1682648245685
471,1682648245685
472,1682648245685
473,1682648245685
474,1682648245686
475,1682648245686
476,1682648245686
477,1682648245686
478,1682648245686
479,1682648245687
480,1682648245687
481,1682648245687
482,1682648245687
483,1682648245687
484,1682648245688
485,1682648245688
486,1682648245688
487,1682648245688
488,1682648245689
489,1682648245689
490,1682648245689
491,1682648245689
492,1682648245689
493,1682648245690
494,1682648245690
495,1682648245691
496,1682648245691
497,1682648245691
498,1682648245692
499,1682648245692
500,1682648245692
501,1682648245693
502,1682648245693
503,1682648245693
504,1682648245693
505,1682648245693
506,1682648245694
507,1682648245694
508,1682648245694
509,1682648245694
510,1682648245694
511,1682648245694
512,1682648245695
513,1682648245695
514,1682648245695
515,1682648245695
516,1682648245695
517,1682648245696
518,1682648245696
519,1682648245696
520,1682648245696
521,1682648245696
522,1682648245696
523,1682648245697
524,1682648245697
525,1682648245697
526,1682648245697
527,1682648245697
528,1682648245697
529,1682648245698
530,1682648245698
531,1682648245698
532,1682648245698
533,1682648245698
534,1682648245699
535,1682648245699
536,1682648245699
537,1682648245699
538,1682648245699
539,1682648245700
540,1682648245700
541,1682648245700
542,1682648245700
543,1682648245700
544,1682648245700
545,1682648245701
546,1682648245701
547,1682648245701
548,1682648245701
549,1682648245701
550,1682648245701
551,1682648245702
552,1682648245702
553,1682648245702
554,1682648245702
555,1682648245702
556,1682648245702
557,1682648245703
558,1682648245703
559,1682648245703
560,1682648245703
561,1682648245703
562,1682648245703
563,1682648245703
564,1682648245704
565,1682648245704
566,1682648245704
567,1682648245704
568,1682648245704
569,1682648245704
570,1682648245705
571,1682648245705
572,1682648245705
573,1682648245705
574,1682648245705
575,1682648245706
576,1682648245706
577,1682648245706
578,1682648245707
579,1682648245707
580,1682648245707
581,1682648245707
582,1682648245708
583,1682648245708
584,1682648245708
585,1682648245709
586,1682648245709
587,1682648245709
588,1682648245709
589,1682648245709
590,1682648245710
591,1682648245710
592,1682648245710
593,1682648245710
594,1682648245710
595,1682648245711
596,1682648245714
597,1682648245714
598,1682648245714
599,1682648245715
600,1682648245715
601,1682648245715
602,1682648245715
603,1682648245715
604,1682648245716
605,1682648245716
606,1682648245716
607,1682648245716
608,1682648245716
609,1682648245716
610,1682648245717
611,1682648245717
612,1682648245717
613,1682648245717
614,1682648245717
615,1682648245717
616,1682648245718
617,1682648245718
618,1682648245718
619,1682648245718
620,1682648245718
621,1682648245718
622,1682648245719
623,1682648245719
624,1682648245719
625,1682648245719
626,1682648245719
627,1682648245719
628,1682648245719
629,1682648245720
630,1682648245720
631,1682648245720
632,1682648245720
633,1682648245720
634,1682648245721
635,1682648245721
636,1682648245721
637,1682648245721
638,1682648245721
639,1682648245722
640,1682648245722
641,1682648245722
642,1682648245722
643,1682648245723
644,1682648245723
645,1682648245723
646,1682648245723
647,1682648245723
648,1682648245724
649,1682648245724
650,1682648245724
651,1682648245725
652,1682648245725
653,1682648245725
654,1682648245725
655,1682648245726
656,1682648245726
657,1682648245726
658,1682648245726
659,1682648245726
660,1682648245726
661,1682648245726
662,1682648245727
663,1682648245727
664,1682648245727
665,1682648245727
666,1682648245727
667,1682648245727
668,1682648245728
669,1682648245728
670,1682648245728
671,1682648245728
672,1682648245728
673,1682648245728
674,1682648245729
675,1682648245729
676,1682648245729
677,1682648245729
678,1682648245729
679,1682648245729
680,1682648245729
681,1682648245730
682,1682648245730
683,1682648245730
684,1682648245730
685,1682648245730
686,1682648245730
687,1682648245731
688,1682648245731
689,1682648245731
690,1682648245731
691,1682648245731
692,1682648245732
693,1682648245732
694,1682648245732
695,1682648245732
696,1682648245733
697,1682648245733
698,1682648245733
699,1682648245733
700,1682648245733
701,1682648245734
702,1682648245734
703,1682648245734
704,1682648245734
705,1682648245735
706,1682648245735
707,1682648245735
708,1682648245735
709,1682648245735
710,1682648245736
711,1682648245736
712,1682648245736
713,1682648245736
714,1682648245736
715,1682648245737
716,1682648245737
717,1682648245737
718,1682648245737
719,1682648245737
720,1682648245737
721,1682648245738
722,1682648245738
723,1682648245738
724,1682648245738
725,1682648245738
726,1682648245738
727,1682648245739
728,1682648245739
729,1682648245739
730,1682648245739
731,1682648245739
732,1682648245740
733,1682648245740
734,1682648245740
735,1682648245740
736,1682648245740
737,1682648245741
738,1682648245741
739,1682648245741
740,1682648245741
741,1682648245741
742,1682648245742
743,1682648245742
744,1682648245742
745,1682648245742
746,1682648245743
747,1682648245743
748,1682648245743
749,1682648245743
750,1682648245743
751,1682648245744
752,1682648245744
753,1682648245744
754,1682648245744
755,1682648245744
756,1682648245744
757,1682648245745
758,1682648245745
759,1682648245745
760,1682648245745
761,1682648245745
762,1682648245745
763,1682648245746
764,1682648245746
765,1682648245746
766,1682648245746
767,1682648245746
768,1682648245746
