1,1682647556436
2,1682647556442
3,1682647556444
4,1682647556446
5,1682647556449
6,1682647556451
7,1682647556500
8,1682647556501
9,1682647556502
10,1682647556503
11,1682647556590
12,1682647556590
13,1682647556591
14,1682647556592
15,1682647556593
16,1682647556594
17,1682647556594
18,1682647556595
19,1682647556595
20,1682647556595
21,1682647556657
22,1682647556732
23,1682647556737
24,1682647556737
25,1682647556737
26,1682647556737
27,1682647556737
28,1682647556738
29,1682647556738
30,1682647556738
31,1682647556738
32,1682647556739
33,1682647556739
34,1682647556739
35,1682647556739
36,1682647556740
37,1682647556740
38,1682647556740
39,1682647556740
40,1682647556741
41,1682647556741
42,1682647556742
43,1682647556742
44,1682647556742
45,1682647556743
46,1682647556743
47,1682647556743
48,1682647556743
49,1682647556743
50,1682647556744
51,1682647556760
52,1682647556763
53,1682647556763
54,1682647556764
55,1682647556765
56,1682647556765
57,1682647556766
58,1682647556766
59,1682647556767
60,1682647556769
61,1682647556770
62,1682647556770
63,1682647556771
64,1682647556771
