1,1682648949240
2,1682648949244
3,1682648949246
4,1682648949247
5,1682648949249
6,1682648949257
7,1682648949259
8,1682648949262
9,1682648949281
10,1682648949283
11,1682648949447
12,1682648949450
13,1682648949452
14,1682648949453
15,1682648949454
16,1682648949454
17,1682648949455
18,1682648949455
19,1682648949456
20,1682648949457
21,1682648949457
22,1682648949458
23,1682648949459
24,1682648949459
25,1682648949460
26,1682648949575
27,1682648949575
28,1682648949576
29,1682648949576
30,1682648949576
31,1682648949577
32,1682648949577
33,1682648949578
34,1682648949578
35,1682648949579
36,1682648949579
37,1682648949579
38,1682648949580
39,1682648949580
40,1682648949581
41,1682648949581
42,1682648949582
43,1682648949582
44,1682648949583
45,1682648949583
46,1682648949584
47,1682648949584
48,1682648949585
49,1682648949586
50,1682648949586
51,1682648949587
52,1682648949587
53,1682648949588
54,1682648949588
55,1682648949588
56,1682648949589
57,1682648949589
58,1682648949589
59,1682648949590
60,1682648949756
61,1682648949757
62,1682648949758
63,1682648949758
64,1682648949758
65,1682648949759
66,1682648949760
67,1682648949760
68,1682648949761
69,1682648949762
70,1682648949762
71,1682648949765
72,1682648949768
73,1682648949769
74,1682648949770
75,1682648949771
76,1682648949773
77,1682648949774
78,1682648949776
79,1682648949780
80,1682648949780
81,1682648949781
82,1682648949782
83,1682648949782
84,1682648949783
85,1682648949784
86,1682648949785
87,1682648949786
88,1682648949787
89,1682648949788
90,1682648949789
91,1682648949791
92,1682648949793
93,1682648949794
94,1682648949795
95,1682648949796
96,1682648949797
97,1682648949798
98,1682648949801
99,1682648949802
100,1682648949803
101,1682648949804
102,1682648949805
103,1682648949805
104,1682648949806
105,1682648949808
106,1682648949809
107,1682648949809
108,1682648949810
109,1682648949810
110,1682648949811
111,1682648949812
112,1682648949813
113,1682648949814
114,1682648949816
115,1682648950469
116,1682648950471
117,1682648950472
118,1682648950473
119,1682648950474
120,1682648950474
121,1682648950474
122,1682648950475
123,1682648950476
124,1682648950476
125,1682648950477
126,1682648950478
127,1682648950478
128,1682648950478
129,1682648950479
130,1682648950480
131,1682648950480
132,1682648950480
133,1682648950481
134,1682648950482
135,1682648950483
136,1682648950484
137,1682648950484
138,1682648950485
139,1682648950485
140,1682648950486
141,1682648950486
142,1682648950487
143,1682648950488
144,1682648950488
145,1682648950488
146,1682648950489
147,1682648950489
148,1682648950490
149,1682648950490
150,1682648950491
151,1682648950491
152,1682648950491
153,1682648950491
154,1682648950492
155,1682648950492
156,1682648950492
157,1682648950493
158,1682648950493
159,1682648950493
160,1682648950494
161,1682648950494
162,1682648950495
163,1682648950495
164,1682648950495
165,1682648950496
166,1682648950496
167,1682648950497
168,1682648950497
169,1682648950498
170,1682648950498
171,1682648950499
172,1682648950499
173,1682648950501
174,1682648950502
175,1682648950503
176,1682648950503
177,1682648950504
178,1682648950506
179,1682648950506
180,1682648950507
181,1682648950507
182,1682648950508
183,1682648950508
184,1682648950509
185,1682648950509
186,1682648950510
187,1682648950510
188,1682648950511
189,1682648950511
190,1682648950512
191,1682648950513
192,1682648950513
193,1682648950514
194,1682648950514
195,1682648950518
196,1682648950519
197,1682648950520
198,1682648950520
199,1682648950521
200,1682648950525
201,1682648950525
202,1682648950526
203,1682648950526
204,1682648950526
205,1682648950526
206,1682648950527
207,1682648950527
208,1682648950527
209,1682648950528
210,1682648950529
211,1682648950529
212,1682648950530
213,1682648950530
214,1682648950530
215,1682648950531
216,1682648950532
217,1682648950532
218,1682648950532
219,1682648950533
220,1682648950533
221,1682648950535
222,1682648950535
223,1682648950536
224,1682648950536
225,1682648950537
226,1682648950537
227,1682648950538
228,1682648950539
229,1682648950540
230,1682648950542
231,1682648950546
232,1682648950547
233,1682648950548
234,1682648950548
235,1682648950549
236,1682648950821
237,1682648950822
238,1682648950822
239,1682648950822
240,1682648950823
241,1682648950823
242,1682648950823
243,1682648950824
244,1682648950824
245,1682648950825
246,1682648950825
247,1682648950825
248,1682648950826
249,1682648950826
250,1682648950827
251,1682648950827
252,1682648950828
253,1682648950828
254,1682648950828
255,1682648950829
256,1682648950829
257,1682648950830
258,1682648950830
259,1682648950830
260,1682648950831
261,1682648950833
262,1682648950835
263,1682648950835
264,1682648950836
265,1682648950836
266,1682648950836
267,1682648950837
268,1682648950837
269,1682648950838
270,1682648950839
271,1682648950839
272,1682648950840
273,1682648950840
274,1682648950841
275,1682648950841
276,1682648950842
277,1682648950843
278,1682648950843
279,1682648950845
280,1682648950846
281,1682648950846
282,1682648950847
283,1682648950849
284,1682648950851
285,1682648950852
286,1682648950852
287,1682648950854
288,1682648950855
289,1682648950855
290,1682648950856
291,1682648950856
292,1682648950856
293,1682648950857
294,1682648950857
295,1682648950858
296,1682648950858
297,1682648950859
298,1682648950860
299,1682648950860
300,1682648950861
301,1682648950862
302,1682648950863
303,1682648950864
304,1682648950866
305,1682648950868
306,1682648950869
307,1682648950869
308,1682648950870
309,1682648950871
310,1682648950871
311,1682648950872
312,1682648950872
313,1682648950873
314,1682648950873
315,1682648950874
316,1682648950874
317,1682648950876
318,1682648950876
319,1682648950876
320,1682648950877
321,1682648950877
322,1682648950877
323,1682648950878
324,1682648950878
325,1682648950878
326,1682648950879
327,1682648950879
328,1682648950879
329,1682648950880
330,1682648950880
331,1682648950880
332,1682648950882
333,1682648950884
334,1682648950885
335,1682648950886
336,1682648950886
337,1682648950886
338,1682648950887
339,1682648950887
340,1682648950888
341,1682648950888
342,1682648950889
343,1682648950889
344,1682648950889
345,1682648950890
346,1682648950890
347,1682648950891
348,1682648950891
349,1682648950891
350,1682648950892
351,1682648950892
352,1682648950892
353,1682648950892
354,1682648950893
355,1682648950893
356,1682648950893
357,1682648950894
358,1682648950894
359,1682648950894
360,1682648950895
361,1682648950895
362,1682648950895
363,1682648950895
364,1682648950896
365,1682648950896
366,1682648950896
367,1682648950897
368,1682648950897
369,1682648950897
370,1682648951702
371,1682648951703
372,1682648951703
373,1682648951703
374,1682648951704
375,1682648951704
376,1682648951705
377,1682648951705
378,1682648951706
379,1682648951706
380,1682648951706
381,1682648951707
382,1682648951707
383,1682648951707
384,1682648951708
385,1682648951708
386,1682648951709
387,1682648951709
388,1682648951709
389,1682648951710
390,1682648951710
391,1682648951710
392,1682648951711
393,1682648951711
394,1682648951713
395,1682648951714
396,1682648951715
397,1682648951715
398,1682648951717
399,1682648951717
400,1682648951718
401,1682648951718
402,1682648951719
403,1682648951719
404,1682648951719
405,1682648951720
406,1682648951720
407,1682648951720
408,1682648951721
409,1682648951721
410,1682648951722
411,1682648951722
412,1682648951722
413,1682648951722
414,1682648951723
415,1682648951723
416,1682648951723
417,1682648951723
418,1682648951724
419,1682648951724
420,1682648951724
421,1682648951725
422,1682648951725
423,1682648951725
424,1682648951726
425,1682648951726
426,1682648951726
427,1682648951727
428,1682648951727
429,1682648951727
430,1682648951728
431,1682648951728
432,1682648951728
433,1682648951729
434,1682648951729
435,1682648951729
436,1682648951732
437,1682648951732
438,1682648951732
439,1682648951733
440,1682648951733
441,1682648951734
442,1682648951735
443,1682648951735
444,1682648951735
445,1682648951736
446,1682648951736
447,1682648951737
448,1682648951737
449,1682648951737
450,1682648951738
451,1682648951738
452,1682648951738
453,1682648951739
454,1682648951739
455,1682648951739
456,1682648951739
457,1682648951740
458,1682648951740
459,1682648951740
460,1682648951741
461,1682648951741
462,1682648951741
463,1682648951742
464,1682648951742
465,1682648951742
466,1682648951743
467,1682648951743
468,1682648951743
469,1682648951744
470,1682648951744
471,1682648951744
472,1682648951745
473,1682648951745
474,1682648951745
475,1682648951746
476,1682648951746
477,1682648951746
478,1682648951746
479,1682648951747
480,1682648951747
481,1682648951747
482,1682648951749
483,1682648951751
484,1682648951752
485,1682648951752
486,1682648951753
487,1682648951753
488,1682648951753
489,1682648951753
490,1682648951754
491,1682648951754
492,1682648951754
493,1682648951755
494,1682648951755
495,1682648951755
496,1682648951756
497,1682648951756
498,1682648951756
499,1682648951757
500,1682648951757
501,1682648951757
502,1682648951757
503,1682648951758
504,1682648951758
505,1682648951758
506,1682648951758
507,1682648951759
508,1682648951759
509,1682648951759
510,1682648951759
511,1682648951759
512,1682648951760
513,1682648951760
514,1682648951760
515,1682648951761
516,1682648951761
517,1682648951762
518,1682648951762
519,1682648951763
520,1682648951764
521,1682648951769
522,1682648951769
523,1682648951770
524,1682648951770
525,1682648951771
526,1682648951772
527,1682648951773
528,1682648951773
529,1682648951774
530,1682648951774
531,1682648951774
532,1682648951774
533,1682648951775
534,1682648951775
535,1682648951775
536,1682648951776
537,1682648951776
538,1682648951776
539,1682648951776
540,1682648951777
541,1682648951777
542,1682648951777
543,1682648951777
544,1682648951778
545,1682648951778
546,1682648951778
547,1682648951778
548,1682648951779
549,1682648951779
550,1682648951779
551,1682648951779
552,1682648951780
553,1682648951780
554,1682648951780
555,1682648951780
556,1682648951781
557,1682648951785
558,1682648951785
559,1682648951785
560,1682648951786
561,1682648951786
562,1682648951786
563,1682648951786
564,1682648951787
565,1682648951787
566,1682648951787
567,1682648951787
568,1682648951788
569,1682648951788
570,1682648951788
571,1682648951788
572,1682648951789
573,1682648951789
574,1682648951789
575,1682648951789
576,1682648951790
577,1682648951790
578,1682648951790
579,1682648951790
580,1682648951790
581,1682648951791
582,1682648951791
583,1682648951791
584,1682648951791
585,1682648951792
586,1682648951792
587,1682648951792
588,1682648951792
589,1682648951793
590,1682648951793
591,1682648951793
592,1682648951793
593,1682648951794
594,1682648951794
595,1682648951794
596,1682648951794
597,1682648951795
598,1682648951795
599,1682648951795
600,1682648951796
601,1682648951796
602,1682648951797
603,1682648951797
604,1682648951797
605,1682648951802
606,1682648951802
607,1682648951803
608,1682648951803
609,1682648951804
610,1682648951804
611,1682648951804
612,1682648951805
613,1682648951805
614,1682648951809
615,1682648951810
616,1682648951810
617,1682648951811
618,1682648951811
619,1682648951812
620,1682648951812
621,1682648951812
622,1682648951813
623,1682648951813
624,1682648951813
625,1682648951814
626,1682648951814
627,1682648951816
628,1682648951816
629,1682648951820
630,1682648951823
631,1682648951824
632,1682648951826
633,1682648951835
634,1682648951840
635,1682648951844
636,1682648951869
637,1682648951871
638,1682648951872
639,1682648951873
640,1682648951876
641,1682648951877
642,1682648951878
643,1682648951878
644,1682648951879
645,1682648951879
646,1682648951879
647,1682648951880
648,1682648951880
649,1682648951880
650,1682648951885
651,1682648951885
652,1682648951885
653,1682648951886
654,1682648951886
655,1682648951886
656,1682648951886
657,1682648951886
658,1682648951887
659,1682648951887
660,1682648951887
661,1682648951888
662,1682648951888
663,1682648951888
664,1682648951888
665,1682648951888
666,1682648951889
667,1682648951889
668,1682648951890
669,1682648951890
670,1682648951890
671,1682648951894
672,1682648951897
673,1682648951897
674,1682648951897
675,1682648951899
676,1682648951901
677,1682648951902
678,1682648951902
679,1682648951902
680,1682648951903
681,1682648951903
682,1682648951903
683,1682648951903
684,1682648951904
685,1682648951904
686,1682648951904
687,1682648951904
688,1682648951905
689,1682648951907
690,1682648951910
691,1682648951912
692,1682648951914
693,1682648951916
694,1682648951918
695,1682648951918
696,1682648951919
697,1682648951919
698,1682648951919
699,1682648951920
700,1682648951920
701,1682648951921
702,1682648951921
703,1682648951922
704,1682648951922
705,1682648951923
706,1682648951923
707,1682648951924
708,1682648951925
709,1682648951925
710,1682648951926
711,1682648951926
712,1682648951926
713,1682648951927
714,1682648951927
715,1682648951928
716,1682648951929
717,1682648951933
718,1682648951934
719,1682648951935
720,1682648951935
721,1682648951936
722,1682648951937
723,1682648951937
724,1682648951938
725,1682648951939
726,1682648951939
727,1682648951940
728,1682648951940
729,1682648951941
730,1682648951941
731,1682648951942
732,1682648951942
733,1682648951943
734,1682648951944
735,1682648951944
736,1682648951945
737,1682648951946
738,1682648951947
739,1682648951951
740,1682648951951
741,1682648951952
742,1682648951952
743,1682648951953
744,1682648951953
745,1682648951954
746,1682648951954
747,1682648951954
748,1682648951955
749,1682648951955
750,1682648951956
751,1682648951956
752,1682648951956
753,1682648951956
754,1682648951957
755,1682648951957
756,1682648951957
757,1682648951958
758,1682648951958
759,1682648951958
760,1682648951959
761,1682648951959
762,1682648951960
763,1682648951961
764,1682648951962
765,1682648951963
766,1682648951963
767,1682648951964
768,1682648951967
769,1682648951968
770,1682648951971
771,1682648951975
772,1682648951990
773,1682648951991
774,1682648951991
775,1682648951992
776,1682648951992
777,1682648951993
778,1682648951994
779,1682648951994
780,1682648951995
781,1682648951996
782,1682648951996
783,1682648951997
784,1682648951997
785,1682648952002
786,1682648952003
787,1682648952004
788,1682648952004
789,1682648952004
790,1682648952005
791,1682648952005
792,1682648952005
793,1682648952006
794,1682648952006
795,1682648952006
796,1682648952006
797,1682648952007
798,1682648952007
799,1682648952008
800,1682648952008
801,1682648952009
802,1682648952009
803,1682648952009
804,1682648952009
805,1682648952010
806,1682648952010
807,1682648952010
808,1682648952010
809,1682648952011
810,1682648952011
811,1682648952012
812,1682648952012
813,1682648952012
814,1682648952012
815,1682648952013
816,1682648952013
817,1682648952013
818,1682648952018
819,1682648952018
820,1682648952019
821,1682648952019
822,1682648952019
823,1682648952020
824,1682648952020
825,1682648952020
826,1682648952021
827,1682648952021
828,1682648952021
829,1682648952021
830,1682648952022
831,1682648952022
832,1682648952023
833,1682648952024
834,1682648952025
835,1682648952025
836,1682648952026
837,1682648952026
838,1682648952027
839,1682648952028
840,1682648952029
841,1682648952030
842,1682648952030
843,1682648952031
844,1682648952031
845,1682648952032
846,1682648952033
847,1682648952034
848,1682648952036
849,1682648952490
850,1682648952490
851,1682648952491
852,1682648952491
853,1682648952492
854,1682648952492
855,1682648952492
856,1682648952493
857,1682648952493
858,1682648952493
859,1682648952493
860,1682648952494
861,1682648952494
862,1682648952494
863,1682648952494
864,1682648952495
865,1682648952495
866,1682648952495
867,1682648952495
868,1682648952496
869,1682648952496
870,1682648952496
871,1682648952497
872,1682648952497
873,1682648952500
874,1682648952501
875,1682648952501
876,1682648952502
877,1682648952502
878,1682648952502
879,1682648952503
880,1682648952503
881,1682648952504
882,1682648952504
883,1682648952504
884,1682648952505
885,1682648952505
886,1682648952505
887,1682648952506
888,1682648952506
889,1682648952506
890,1682648952507
891,1682648952507
892,1682648952507
893,1682648952508
894,1682648952508
895,1682648952508
896,1682648952508
897,1682648952509
898,1682648952509
899,1682648952509
900,1682648952510
901,1682648952510
902,1682648952510
903,1682648952510
904,1682648952511
905,1682648952511
906,1682648952511
907,1682648952511
908,1682648952512
909,1682648952512
910,1682648952512
911,1682648952513
912,1682648952513
913,1682648952513
914,1682648952514
915,1682648952518
916,1682648952520
917,1682648952522
918,1682648952523
919,1682648952523
920,1682648952524
921,1682648952524
922,1682648952524
923,1682648952525
924,1682648952525
925,1682648952526
926,1682648952526
927,1682648952526
928,1682648952526
929,1682648952527
930,1682648952527
931,1682648952527
932,1682648952528
933,1682648952528
934,1682648952529
935,1682648952529
936,1682648952530
937,1682648952530
938,1682648952530
939,1682648952536
940,1682648952538
941,1682648952539
942,1682648952539
943,1682648952540
944,1682648952540
945,1682648952540
946,1682648952541
947,1682648952541
948,1682648952541
949,1682648952542
950,1682648952542
951,1682648952543
952,1682648952543
953,1682648952543
954,1682648952543
955,1682648952544
956,1682648952544
957,1682648952544
958,1682648952544
959,1682648952545
960,1682648952545
961,1682648952545
962,1682648952545
963,1682648952545
964,1682648952546
965,1682648952546
966,1682648952546
967,1682648952547
968,1682648952547
969,1682648952552
970,1682648952553
971,1682648952553
972,1682648952553
973,1682648952554
974,1682648952554
975,1682648952554
976,1682648952555
977,1682648952556
978,1682648952556
979,1682648952556
980,1682648952556
981,1682648952557
982,1682648952557
983,1682648952557
984,1682648952558
985,1682648952558
986,1682648952559
987,1682648952559
988,1682648952559
989,1682648952559
990,1682648952560
991,1682648952560
992,1682648952561
993,1682648952561
994,1682648952561
995,1682648952562
996,1682648952562
997,1682648952562
998,1682648952563
999,1682648952563
1000,1682648952563
1001,1682648952564
1002,1682648952565
1003,1682648952567
1004,1682648952568
1005,1682648952569
1006,1682648952569
1007,1682648952570
1008,1682648952570
1009,1682648952571
1010,1682648952571
1011,1682648952571
1012,1682648952572
1013,1682648952572
1014,1682648952573
1015,1682648952573
1016,1682648952573
1017,1682648952573
1018,1682648952574
1019,1682648952574
1020,1682648952574
1021,1682648952575
1022,1682648952575
1023,1682648952575
1024,1682648952576
1025,1682648952576
1026,1682648952576
1027,1682648952576
1028,1682648952577
1029,1682648952577
1030,1682648952578
1031,1682648952578
1032,1682648952578
1033,1682648952579
1034,1682648952588
1035,1682648952588
1036,1682648952589
1037,1682648952589
1038,1682648952589
1039,1682648952590
1040,1682648952590
1041,1682648952591
1042,1682648952591
1043,1682648952592
1044,1682648952592
1045,1682648952592
1046,1682648952593
1047,1682648952593
1048,1682648952594
1049,1682648952594
1050,1682648952595
1051,1682648952595
1052,1682648952596
1053,1682648952596
1054,1682648952596
1055,1682648952597
1056,1682648952597
1057,1682648952598
1058,1682648952601
1059,1682648952602
1060,1682648952602
1061,1682648952603
1062,1682648952603
1063,1682648952604
1064,1682648952604
1065,1682648952604
1066,1682648952605
1067,1682648952605
1068,1682648952606
1069,1682648952606
1070,1682648952607
1071,1682648952607
1072,1682648952608
1073,1682648952608
1074,1682648952608
1075,1682648952609
1076,1682648952609
1077,1682648952610
1078,1682648952610
1079,1682648952610
1080,1682648952611
1081,1682648952611
1082,1682648952612
1083,1682648952612
1084,1682648952613
1085,1682648952613
1086,1682648952617
1087,1682648952617
1088,1682648952618
1089,1682648952618
1090,1682648952619
1091,1682648952619
1092,1682648952620
1093,1682648952620
1094,1682648952621
1095,1682648952621
1096,1682648952621
1097,1682648952622
1098,1682648952622
1099,1682648952623
1100,1682648952623
1101,1682648952624
1102,1682648952624
1103,1682648952624
1104,1682648952625
1105,1682648952625
1106,1682648952625
1107,1682648952626
1108,1682648952626
1109,1682648952627
1110,1682648952627
1111,1682648952628
1112,1682648952628
1113,1682648952628
1114,1682648952629
1115,1682648952629
1116,1682648952629
1117,1682648952630
1118,1682648952630
1119,1682648952635
1120,1682648952635
1121,1682648952635
1122,1682648952636
1123,1682648952637
1124,1682648952639
1125,1682648952639
1126,1682648952640
1127,1682648952640
1128,1682648952641
1129,1682648952641
1130,1682648952642
1131,1682648952642
1132,1682648952643
1133,1682648952643
1134,1682648952644
1135,1682648952644
1136,1682648952645
1137,1682648952645
1138,1682648952646
1139,1682648952646
1140,1682648952647
1141,1682648952648
1142,1682648952648
1143,1682648952649
1144,1682648952649
1145,1682648952650
1146,1682648952650
1147,1682648952651
1148,1682648952652
1149,1682648952652
1150,1682648952652
1151,1682648952653
1152,1682648952653
1153,1682648952654
1154,1682648952654
1155,1682648952654
1156,1682648952655
1157,1682648952655
1158,1682648952656
1159,1682648952656
1160,1682648952656
1161,1682648952657
1162,1682648952657
1163,1682648952658
1164,1682648952658
1165,1682648952658
1166,1682648952659
1167,1682648952659
1168,1682648952659
1169,1682648952660
1170,1682648952660
1171,1682648952660
1172,1682648952661
1173,1682648952661
1174,1682648952661
1175,1682648952662
1176,1682648952662
1177,1682648952663
1178,1682648952664
1179,1682648952665
1180,1682648952666
1181,1682648952668
1182,1682648952668
1183,1682648952670
1184,1682648952670
1185,1682648952671
1186,1682648952671
1187,1682648952672
1188,1682648952672
1189,1682648952672
1190,1682648952673
1191,1682648952673
1192,1682648952674
1193,1682648952674
1194,1682648952674
1195,1682648952675
1196,1682648952675
1197,1682648952676
1198,1682648952676
1199,1682648952677
1200,1682648952677
1201,1682648952678
1202,1682648952678
1203,1682648952679
1204,1682648952679
1205,1682648952679
1206,1682648952680
1207,1682648952680
1208,1682648952684
1209,1682648952685
1210,1682648952685
1211,1682648952685
1212,1682648952686
1213,1682648952686
1214,1682648952686
1215,1682648952687
1216,1682648952687
1217,1682648952687
1218,1682648952688
1219,1682648952688
1220,1682648952688
1221,1682648952689
1222,1682648952690
1223,1682648952694
1224,1682648952695
1225,1682648952695
1226,1682648952696
1227,1682648952696
1228,1682648952696
1229,1682648952697
1230,1682648952698
1231,1682648952700
1232,1682648952700
1233,1682648952701
1234,1682648952701
1235,1682648952702
1236,1682648952702
1237,1682648952703
1238,1682648952703
1239,1682648952703
1240,1682648952704
1241,1682648952704
1242,1682648952705
1243,1682648952705
1244,1682648952706
1245,1682648952706
1246,1682648952707
1247,1682648952707
1248,1682648952709
1249,1682648952710
1250,1682648952710
1251,1682648952710
1252,1682648952710
1253,1682648952711
1254,1682648952711
1255,1682648952711
1256,1682648952711
1257,1682648952712
1258,1682648952712
1259,1682648952712
1260,1682648952712
1261,1682648952713
1262,1682648952713
1263,1682648952713
1264,1682648952713
1265,1682648952713
1266,1682648952714
1267,1682648952714
1268,1682648952889
1269,1682648952889
1270,1682648952889
1271,1682648952889
1272,1682648952890
1273,1682648952890
1274,1682648952890
1275,1682648952890
1276,1682648952890
1277,1682648952891
1278,1682648952891
1279,1682648952891
1280,1682648952891
1281,1682648952892
1282,1682648952892
1283,1682648952892
1284,1682648952892
1285,1682648952893
1286,1682648952893
1287,1682648952893
1288,1682648952893
1289,1682648952893
1290,1682648952893
1291,1682648952894
1292,1682648952894
1293,1682648952894
1294,1682648952894
1295,1682648952894
1296,1682648952894
1297,1682648952894
1298,1682648952895
1299,1682648952895
1300,1682648952895
1301,1682648952895
1302,1682648952895
1303,1682648952895
1304,1682648952896
1305,1682648952896
1306,1682648952896
1307,1682648952896
1308,1682648952896
1309,1682648952896
1310,1682648952896
1311,1682648952897
1312,1682648952897
1313,1682648952897
1314,1682648952897
1315,1682648952897
1316,1682648952898
1317,1682648952898
1318,1682648952898
1319,1682648952898
1320,1682648952898
1321,1682648952899
1322,1682648952899
1323,1682648952899
1324,1682648952899
1325,1682648952899
1326,1682648952900
1327,1682648952900
1328,1682648952900
1329,1682648952900
1330,1682648952900
1331,1682648952901
1332,1682648952901
1333,1682648952901
1334,1682648952901
1335,1682648952901
1336,1682648952901
1337,1682648952901
1338,1682648952902
1339,1682648952902
1340,1682648952902
1341,1682648952902
1342,1682648952902
1343,1682648952903
1344,1682648952903
1345,1682648952903
1346,1682648952903
1347,1682648952903
1348,1682648952904
1349,1682648952904
1350,1682648952904
1351,1682648952904
1352,1682648952904
1353,1682648952905
1354,1682648952905
1355,1682648952905
1356,1682648952905
1357,1682648952905
1358,1682648952905
1359,1682648952906
1360,1682648952906
1361,1682648952906
1362,1682648952906
1363,1682648952906
1364,1682648952906
1365,1682648952907
1366,1682648952907
1367,1682648952907
1368,1682648952907
1369,1682648952907
1370,1682648952907
1371,1682648952907
1372,1682648952907
1373,1682648952908
1374,1682648952908
1375,1682648952908
1376,1682648952908
1377,1682648952908
1378,1682648952908
1379,1682648952908
1380,1682648952909
1381,1682648952909
1382,1682648952909
1383,1682648952909
1384,1682648952909
1385,1682648952909
1386,1682648952910
1387,1682648952910
1388,1682648952910
1389,1682648952910
1390,1682648952910
1391,1682648952910
1392,1682648952910
1393,1682648952911
1394,1682648952911
1395,1682648952911
1396,1682648952911
1397,1682648952911
1398,1682648952911
1399,1682648952911
1400,1682648952912
1401,1682648952912
1402,1682648952912
1403,1682648952912
1404,1682648952912
1405,1682648952912
1406,1682648952912
1407,1682648952912
1408,1682648952912
1409,1682648952913
1410,1682648952913
1411,1682648952913
1412,1682648952913
1413,1682648952913
1414,1682648952913
1415,1682648952913
1416,1682648952913
1417,1682648952914
1418,1682648952914
1419,1682648952914
1420,1682648952914
1421,1682648952915
1422,1682648952915
1423,1682648952915
1424,1682648952915
1425,1682648952916
1426,1682648952916
1427,1682648952916
1428,1682648952916
1429,1682648952916
1430,1682648952916
1431,1682648952916
1432,1682648952917
1433,1682648952917
1434,1682648952917
1435,1682648952917
1436,1682648952917
1437,1682648952917
1438,1682648952917
1439,1682648952918
1440,1682648952918
1441,1682648952918
1442,1682648952918
1443,1682648952918
1444,1682648952918
1445,1682648952918
1446,1682648952919
1447,1682648952919
1448,1682648952919
1449,1682648952919
1450,1682648952919
1451,1682648952919
1452,1682648952919
1453,1682648952920
1454,1682648952920
1455,1682648952920
1456,1682648952920
1457,1682648952920
1458,1682648952920
1459,1682648952920
1460,1682648952920
1461,1682648952921
1462,1682648952921
1463,1682648952921
1464,1682648952921
1465,1682648952921
1466,1682648952921
1467,1682648952921
1468,1682648952921
1469,1682648952922
1470,1682648952922
1471,1682648952922
1472,1682648952922
1473,1682648952922
1474,1682648952922
1475,1682648952922
1476,1682648952922
1477,1682648952923
1478,1682648952923
1479,1682648952923
1480,1682648952923
1481,1682648952923
1482,1682648952923
1483,1682648952923
1484,1682648952924
1485,1682648952924
1486,1682648952924
1487,1682648952924
1488,1682648952924
1489,1682648952924
1490,1682648952925
1491,1682648952925
1492,1682648952925
1493,1682648952925
1494,1682648952925
1495,1682648952925
1496,1682648952925
1497,1682648952926
1498,1682648952926
1499,1682648952926
1500,1682648952926
1501,1682648952926
1502,1682648952926
1503,1682648952926
1504,1682648952926
1505,1682648952927
1506,1682648952927
1507,1682648952927
1508,1682648952927
1509,1682648952927
1510,1682648952927
1511,1682648952927
1512,1682648952927
1513,1682648952927
1514,1682648952928
1515,1682648952928
1516,1682648952928
1517,1682648952928
1518,1682648952928
1519,1682648952928
1520,1682648952928
1521,1682648952928
1522,1682648952928
1523,1682648952929
1524,1682648952929
1525,1682648952929
1526,1682648952929
1527,1682648952929
1528,1682648952929
1529,1682648952930
1530,1682648952930
1531,1682648952930
1532,1682648952930
1533,1682648952930
1534,1682648952931
1535,1682648952931
1536,1682648952931
1537,1682648952931
1538,1682648952932
1539,1682648952932
1540,1682648952932
1541,1682648952932
1542,1682648952933
1543,1682648952933
1544,1682648952933
1545,1682648952934
1546,1682648952934
1547,1682648952934
1548,1682648952934
1549,1682648952934
1550,1682648952934
1551,1682648952935
1552,1682648952935
1553,1682648952935
1554,1682648952935
1555,1682648952935
1556,1682648952935
1557,1682648952935
1558,1682648952936
1559,1682648952936
1560,1682648952936
1561,1682648952936
1562,1682648952936
1563,1682648952936
1564,1682648952937
1565,1682648952937
1566,1682648952937
1567,1682648952937
1568,1682648952937
1569,1682648952937
1570,1682648952937
1571,1682648952938
1572,1682648952938
1573,1682648952938
1574,1682648952938
1575,1682648952938
1576,1682648952938
1577,1682648952939
1578,1682648952939
1579,1682648952939
1580,1682648952939
1581,1682648952939
1582,1682648952939
1583,1682648952940
1584,1682648952940
1585,1682648952940
1586,1682648952940
1587,1682648952940
1588,1682648952940
1589,1682648952941
1590,1682648952941
1591,1682648952941
1592,1682648952941
1593,1682648952941
1594,1682648952941
1595,1682648952941
1596,1682648952942
1597,1682648952942
1598,1682648952942
1599,1682648952942
1600,1682648952942
1601,1682648952942
1602,1682648952942
1603,1682648952943
1604,1682648952943
1605,1682648952943
1606,1682648952943
1607,1682648952943
1608,1682648952943
1609,1682648952943
1610,1682648952943
1611,1682648952943
1612,1682648952944
1613,1682648952944
1614,1682648952944
1615,1682648952944
1616,1682648952944
1617,1682648952944
1618,1682648952944
1619,1682648952945
1620,1682648952945
1621,1682648952945
1622,1682648952946
1623,1682648952947
1624,1682648952947
1625,1682648952947
1626,1682648952949
1627,1682648952950
1628,1682648952950
1629,1682648952951
1630,1682648952951
1631,1682648952951
1632,1682648952951
1633,1682648952952
1634,1682648952952
1635,1682648952952
1636,1682648952952
1637,1682648952953
1638,1682648952953
1639,1682648952953
1640,1682648952953
1641,1682648952954
1642,1682648952954
1643,1682648952954
1644,1682648952954
1645,1682648952954
1646,1682648952954
1647,1682648952955
1648,1682648952955
1649,1682648952955
1650,1682648952955
1651,1682648952955
1652,1682648952955
1653,1682648952956
1654,1682648952956
1655,1682648952956
1656,1682648952956
1657,1682648952956
1658,1682648952956
1659,1682648952957
1660,1682648952957
1661,1682648952957
1662,1682648952957
1663,1682648952957
1664,1682648952957
1665,1682648952958
1666,1682648952958
1667,1682648952958
1668,1682648952958
1669,1682648952958
1670,1682648952958
1671,1682648952959
1672,1682648952959
1673,1682648952959
1674,1682648952959
1675,1682648952959
1676,1682648952960
1677,1682648952960
1678,1682648952960
1679,1682648952960
1680,1682648952960
1681,1682648952961
1682,1682648952961
1683,1682648952961
1684,1682648952961
1685,1682648952962
1686,1682648952962
1687,1682648952962
1688,1682648952962
1689,1682648952962
1690,1682648952963
1691,1682648952963
1692,1682648952963
1693,1682648952964
1694,1682648952964
1695,1682648952964
1696,1682648952964
1697,1682648952965
1698,1682648952965
1699,1682648952965
1700,1682648952966
1701,1682648952966
1702,1682648952968
1703,1682648952968
1704,1682648952969
1705,1682648952969
1706,1682648952969
1707,1682648952969
1708,1682648952970
1709,1682648952970
1710,1682648952970
1711,1682648952970
1712,1682648952970
1713,1682648952970
1714,1682648952971
1715,1682648952971
1716,1682648952971
1717,1682648952971
1718,1682648952971
1719,1682648952971
1720,1682648952972
1721,1682648952972
1722,1682648952972
1723,1682648952972
1724,1682648952972
1725,1682648952972
1726,1682648952972
1727,1682648952973
1728,1682648952973
1729,1682648952973
1730,1682648952973
1731,1682648952974
1732,1682648952974
1733,1682648952974
1734,1682648952974
1735,1682648952975
1736,1682648952975
1737,1682648952975
1738,1682648952975
1739,1682648952975
1740,1682648952975
1741,1682648952976
1742,1682648952976
1743,1682648952976
1744,1682648952976
1745,1682648952977
1746,1682648952977
1747,1682648952977
1748,1682648952978
1749,1682648952978
1750,1682648952978
1751,1682648952978
1752,1682648952979
1753,1682648952979
1754,1682648952979
1755,1682648952979
1756,1682648952979
1757,1682648952979
1758,1682648952980
1759,1682648952980
1760,1682648952980
1761,1682648952980
1762,1682648952980
1763,1682648952980
1764,1682648952981
1765,1682648952982
1766,1682648952982
1767,1682648952982
1768,1682648952983
1769,1682648952985
1770,1682648952987
1771,1682648952987
1772,1682648952987
1773,1682648952988
1774,1682648952988
1775,1682648952988
1776,1682648952988
1777,1682648952989
1778,1682648952989
1779,1682648952989
1780,1682648952990
1781,1682648952990
1782,1682648952991
1783,1682648952992
1784,1682648952993
1785,1682648952993
1786,1682648952995
1787,1682648952997
1788,1682648952998
1789,1682648952999
1790,1682648952999
1791,1682648953000
1792,1682648953000
