1,1682648542538
2,1682648542545
3,1682648542549
4,1682648542551
5,1682648542552
6,1682648542560
7,1682648542562
8,1682648542563
9,1682648542564
10,1682648542568
11,1682648542787
12,1682648542788
13,1682648542789
14,1682648542789
15,1682648542790
16,1682648542790
17,1682648542791
18,1682648542791
19,1682648542792
20,1682648542792
21,1682648542792
22,1682648542793
23,1682648542793
24,1682648542794
25,1682648542956
26,1682648542956
27,1682648542956
28,1682648542957
29,1682648542957
30,1682648542958
31,1682648542959
32,1682648542959
33,1682648542960
34,1682648542961
35,1682648542962
36,1682648542962
37,1682648542963
38,1682648542963
39,1682648542964
40,1682648542964
41,1682648542964
42,1682648542965
43,1682648542966
44,1682648542966
45,1682648542967
46,1682648542968
47,1682648542969
48,1682648542969
49,1682648542970
50,1682648542970
51,1682648542970
52,1682648542971
53,1682648542971
54,1682648542971
55,1682648542971
56,1682648542972
57,1682648542972
58,1682648542972
59,1682648542972
60,1682648542973
61,1682648542973
62,1682648542973
63,1682648542974
64,1682648542974
65,1682648542974
66,1682648542975
67,1682648542975
68,1682648542975
69,1682648542975
70,1682648542975
71,1682648542976
72,1682648542976
73,1682648542976
74,1682648542976
75,1682648542977
76,1682648542977
77,1682648542977
78,1682648542977
79,1682648542978
80,1682648542978
81,1682648542978
82,1682648542978
83,1682648542979
84,1682648542979
85,1682648542979
86,1682648542979
87,1682648542980
88,1682648542980
89,1682648542980
90,1682648542981
91,1682648542981
92,1682648542981
93,1682648542982
94,1682648542982
95,1682648542982
96,1682648542983
97,1682648542984
98,1682648542984
99,1682648542985
100,1682648542985
101,1682648542985
102,1682648542986
103,1682648542986
104,1682648542986
105,1682648542987
106,1682648542987
107,1682648542987
108,1682648542987
109,1682648542988
110,1682648542988
111,1682648543170
112,1682648543171
113,1682648543172
114,1682648543174
115,1682648543177
116,1682648543178
117,1682648543178
118,1682648543179
119,1682648543180
120,1682648543180
121,1682648543185
122,1682648543191
123,1682648543192
124,1682648543193
125,1682648543194
126,1682648543202
127,1682648543207
128,1682648543210
129,1682648543211
130,1682648543211
131,1682648543218
132,1682648543226
133,1682648543227
134,1682648543227
135,1682648543228
136,1682648543229
137,1682648543230
138,1682648543231
139,1682648543235
140,1682648543236
141,1682648543236
142,1682648543237
143,1682648543237
144,1682648543238
145,1682648543238
146,1682648543239
147,1682648543239
148,1682648543239
149,1682648543240
150,1682648543240
151,1682648543241
152,1682648543241
153,1682648543475
154,1682648543475
155,1682648543475
156,1682648543476
157,1682648543476
158,1682648543477
159,1682648543477
160,1682648543477
161,1682648543478
162,1682648543478
163,1682648543479
164,1682648543479
165,1682648543480
166,1682648543480
167,1682648543481
168,1682648543485
169,1682648543489
170,1682648543490
171,1682648543490
172,1682648543491
173,1682648543492
174,1682648543493
175,1682648543493
176,1682648543494
177,1682648543495
178,1682648543495
179,1682648543496
180,1682648543496
181,1682648543497
182,1682648543497
183,1682648543498
184,1682648543498
185,1682648543500
186,1682648543502
187,1682648543505
188,1682648543506
189,1682648543507
190,1682648543507
191,1682648543508
192,1682648543508
193,1682648543509
194,1682648543510
195,1682648543510
196,1682648543511
197,1682648543511
198,1682648543512
199,1682648543513
200,1682648543521
201,1682648543522
202,1682648543523
203,1682648543524
204,1682648543524
205,1682648543525
206,1682648543525
207,1682648543526
208,1682648543527
209,1682648543528
210,1682648543528
211,1682648543529
212,1682648543531
213,1682648543531
214,1682648543536
215,1682648543537
216,1682648543538
217,1682648543539
218,1682648543541
219,1682648543542
220,1682648543542
221,1682648543543
222,1682648543543
223,1682648543544
224,1682648543544
225,1682648543544
226,1682648543545
227,1682648543545
228,1682648543546
229,1682648543546
230,1682648543547
231,1682648543547
232,1682648543549
233,1682648543550
234,1682648543551
235,1682648543552
236,1682648543553
237,1682648543554
238,1682648543556
239,1682648543558
240,1682648543559
241,1682648543560
242,1682648543560
243,1682648543561
244,1682648543562
245,1682648543563
246,1682648543563
247,1682648543564
248,1682648543566
249,1682648543567
250,1682648543568
251,1682648543568
252,1682648543569
253,1682648543570
254,1682648543571
255,1682648543572
256,1682648543573
257,1682648543573
258,1682648543574
259,1682648543574
260,1682648543575
261,1682648543575
262,1682648543576
263,1682648543576
264,1682648543576
265,1682648543577
266,1682648543577
267,1682648543578
268,1682648543578
269,1682648543579
270,1682648543580
271,1682648543580
272,1682648543581
273,1682648543582
274,1682648543583
275,1682648543585
276,1682648543585
277,1682648543586
278,1682648543586
279,1682648543586
280,1682648543587
281,1682648543587
282,1682648543588
283,1682648543588
284,1682648543589
285,1682648543589
286,1682648543589
287,1682648543590
288,1682648543590
289,1682648543591
290,1682648543591
291,1682648543592
292,1682648543592
293,1682648543593
294,1682648543594
295,1682648543595
296,1682648543595
297,1682648543596
298,1682648543597
299,1682648543598
300,1682648543600
301,1682648543600
302,1682648543601
303,1682648543602
304,1682648543603
305,1682648543795
306,1682648543795
307,1682648543796
308,1682648543796
309,1682648543796
310,1682648543797
311,1682648543797
312,1682648543797
313,1682648543798
314,1682648543798
315,1682648543799
316,1682648543799
317,1682648543799
318,1682648543800
319,1682648543800
320,1682648543800
321,1682648543801
322,1682648543801
323,1682648543802
324,1682648543802
325,1682648543802
326,1682648543803
327,1682648543803
328,1682648543803
329,1682648543803
330,1682648543804
331,1682648543804
332,1682648543804
333,1682648543804
334,1682648543805
335,1682648543805
336,1682648543805
337,1682648543805
338,1682648543805
339,1682648543806
340,1682648543812
341,1682648543812
342,1682648543813
343,1682648543813
344,1682648543813
345,1682648543814
346,1682648543814
347,1682648543814
348,1682648543814
349,1682648543815
350,1682648543815
351,1682648543815
352,1682648543816
353,1682648543816
354,1682648543816
355,1682648543816
356,1682648543816
357,1682648543816
358,1682648543817
359,1682648543817
360,1682648543817
361,1682648543817
362,1682648543817
363,1682648543818
364,1682648543818
365,1682648543818
366,1682648543818
367,1682648543819
368,1682648543819
369,1682648543819
370,1682648543819
371,1682648543820
372,1682648543820
373,1682648543820
374,1682648543820
375,1682648543821
376,1682648543821
377,1682648543821
378,1682648543821
379,1682648543821
380,1682648543822
381,1682648543822
382,1682648543822
383,1682648543822
384,1682648543822
385,1682648543822
386,1682648543822
387,1682648543823
388,1682648543823
389,1682648543823
390,1682648543824
391,1682648543824
392,1682648544085
393,1682648544085
394,1682648544085
395,1682648544086
396,1682648544086
397,1682648544086
398,1682648544087
399,1682648544087
400,1682648544087
401,1682648544087
402,1682648544088
403,1682648544088
404,1682648544088
405,1682648544088
406,1682648544088
407,1682648544089
408,1682648544089
409,1682648544089
410,1682648544089
411,1682648544089
412,1682648544089
413,1682648544090
414,1682648544090
415,1682648544090
416,1682648544090
417,1682648544090
418,1682648544090
419,1682648544090
420,1682648544090
421,1682648544091
422,1682648544091
423,1682648544091
424,1682648544091
425,1682648544091
426,1682648544091
427,1682648544092
428,1682648544092
429,1682648544092
430,1682648544092
431,1682648544093
432,1682648544093
433,1682648544094
434,1682648544094
435,1682648544095
436,1682648544095
437,1682648544095
438,1682648544096
439,1682648544096
440,1682648544096
441,1682648544096
442,1682648544096
443,1682648544097
444,1682648544097
445,1682648544097
446,1682648544098
447,1682648544098
448,1682648544100
449,1682648544100
450,1682648544101
451,1682648544101
452,1682648544101
453,1682648544101
454,1682648544102
455,1682648544102
456,1682648544102
457,1682648544102
458,1682648544103
459,1682648544103
460,1682648544103
461,1682648544103
462,1682648544104
463,1682648544104
464,1682648544104
465,1682648544104
466,1682648544104
467,1682648544105
468,1682648544105
469,1682648544105
470,1682648544105
471,1682648544106
472,1682648544106
473,1682648544106
474,1682648544106
475,1682648544106
476,1682648544107
477,1682648544107
478,1682648544107
479,1682648544107
480,1682648544108
481,1682648544108
482,1682648544108
483,1682648544108
484,1682648544109
485,1682648544109
486,1682648544109
487,1682648544109
488,1682648544110
489,1682648544110
490,1682648544110
491,1682648544110
492,1682648544110
493,1682648544111
494,1682648544111
495,1682648544111
496,1682648544111
497,1682648544112
498,1682648544112
499,1682648544112
500,1682648544112
501,1682648544113
502,1682648544113
503,1682648544113
504,1682648544113
505,1682648544113
506,1682648544113
507,1682648544114
508,1682648544114
509,1682648544114
510,1682648544114
511,1682648544114
512,1682648544114
513,1682648544117
514,1682648544118
515,1682648544118
516,1682648544369
517,1682648544369
518,1682648544370
519,1682648544370
520,1682648544370
521,1682648544370
522,1682648544371
523,1682648544371
524,1682648544371
525,1682648544371
526,1682648544371
527,1682648544372
528,1682648544372
529,1682648544372
530,1682648544372
531,1682648544373
532,1682648544373
533,1682648544373
534,1682648544373
535,1682648544373
536,1682648544374
537,1682648544374
538,1682648544374
539,1682648544374
540,1682648544374
541,1682648544375
542,1682648544375
543,1682648544375
544,1682648544375
545,1682648544375
546,1682648544376
547,1682648544376
548,1682648544376
549,1682648544376
550,1682648544377
551,1682648544377
552,1682648544377
553,1682648544377
554,1682648544378
555,1682648544378
556,1682648544378
557,1682648544378
558,1682648544378
559,1682648544379
560,1682648544379
561,1682648544379
562,1682648544379
563,1682648544379
564,1682648544380
565,1682648544380
566,1682648544380
567,1682648544380
568,1682648544381
569,1682648544381
570,1682648544381
571,1682648544382
572,1682648544382
573,1682648544382
574,1682648544383
575,1682648544383
576,1682648544384
577,1682648544384
578,1682648544384
579,1682648544384
580,1682648544385
581,1682648544385
582,1682648544385
583,1682648544385
584,1682648544385
585,1682648544386
586,1682648544386
587,1682648544386
588,1682648544386
589,1682648544386
590,1682648544387
591,1682648544387
592,1682648544387
593,1682648544387
594,1682648544387
595,1682648544388
596,1682648544388
597,1682648544388
598,1682648544388
599,1682648544389
600,1682648544389
601,1682648544389
602,1682648544389
603,1682648544389
604,1682648544390
605,1682648544390
606,1682648544390
607,1682648544390
608,1682648544390
609,1682648544390
610,1682648544390
611,1682648544390
612,1682648544391
613,1682648544391
614,1682648544391
615,1682648544391
616,1682648544391
617,1682648544391
618,1682648544391
619,1682648544392
620,1682648544392
621,1682648544392
622,1682648544392
623,1682648544392
624,1682648544392
625,1682648544393
626,1682648544393
627,1682648544393
628,1682648544393
629,1682648544393
630,1682648544393
631,1682648544394
632,1682648544394
633,1682648544394
634,1682648544394
635,1682648544394
636,1682648544394
637,1682648544394
638,1682648544395
639,1682648544395
640,1682648544395
641,1682648544395
642,1682648544395
643,1682648544395
644,1682648544396
645,1682648544396
646,1682648544396
647,1682648544396
648,1682648544396
649,1682648544397
650,1682648544397
651,1682648544397
652,1682648544397
653,1682648544397
654,1682648544397
655,1682648544398
656,1682648544398
657,1682648544398
658,1682648544399
659,1682648544400
660,1682648544401
661,1682648544401
662,1682648544402
663,1682648544402
664,1682648544402
665,1682648544403
666,1682648544403
667,1682648544403
668,1682648544403
669,1682648544404
670,1682648544404
671,1682648544404
672,1682648544404
673,1682648544404
674,1682648544404
675,1682648544405
676,1682648544405
677,1682648544405
678,1682648544405
679,1682648544405
680,1682648544405
681,1682648544405
682,1682648544406
683,1682648544406
684,1682648544406
685,1682648544406
686,1682648544406
687,1682648544406
688,1682648544407
689,1682648544407
690,1682648544407
691,1682648544407
692,1682648544407
693,1682648544407
694,1682648544408
695,1682648544408
696,1682648544408
697,1682648544408
698,1682648544408
699,1682648544408
700,1682648544409
701,1682648544409
702,1682648544409
703,1682648544613
704,1682648544613
705,1682648544613
706,1682648544614
707,1682648544614
708,1682648544614
709,1682648544615
710,1682648544615
711,1682648544616
712,1682648544616
713,1682648544616
714,1682648544616
715,1682648544617
716,1682648544617
717,1682648544617
718,1682648544617
719,1682648544617
720,1682648544618
721,1682648544618
722,1682648544618
723,1682648544618
724,1682648544618
725,1682648544619
726,1682648544619
727,1682648544619
728,1682648544619
729,1682648544619
730,1682648544620
731,1682648544620
732,1682648544620
733,1682648544620
734,1682648544620
735,1682648544620
736,1682648544621
737,1682648544621
738,1682648544621
739,1682648544621
740,1682648544621
741,1682648544621
742,1682648544622
743,1682648544622
744,1682648544622
745,1682648544622
746,1682648544622
747,1682648544623
748,1682648544623
749,1682648544623
750,1682648544623
751,1682648544623
752,1682648544624
753,1682648544624
754,1682648544624
755,1682648544624
756,1682648544624
757,1682648544624
758,1682648544624
759,1682648544624
760,1682648544624
761,1682648544624
762,1682648544625
763,1682648544625
764,1682648544625
765,1682648544625
766,1682648544625
767,1682648544625
768,1682648544625
769,1682648544625
770,1682648544625
771,1682648544626
772,1682648544626
773,1682648544626
774,1682648544626
775,1682648544626
776,1682648544626
777,1682648544626
778,1682648544626
779,1682648544626
780,1682648544627
781,1682648544627
782,1682648544627
783,1682648544627
784,1682648544627
785,1682648544627
786,1682648544627
787,1682648544627
788,1682648544628
789,1682648544628
790,1682648544628
791,1682648544628
792,1682648544628
793,1682648544628
794,1682648544628
795,1682648544628
796,1682648544629
797,1682648544629
798,1682648544629
799,1682648544629
800,1682648544629
801,1682648544629
802,1682648544629
803,1682648544630
804,1682648544630
805,1682648544630
806,1682648544630
807,1682648544630
808,1682648544631
809,1682648544631
810,1682648544633
811,1682648544634
812,1682648544634
813,1682648544634
814,1682648544635
815,1682648544635
816,1682648544635
817,1682648544636
818,1682648544636
819,1682648544636
820,1682648544637
821,1682648544637
822,1682648544637
823,1682648544637
824,1682648544638
825,1682648544638
826,1682648544638
827,1682648544638
828,1682648544638
829,1682648544639
830,1682648544639
831,1682648544639
832,1682648544639
833,1682648544639
834,1682648544640
835,1682648544640
836,1682648544640
837,1682648544640
838,1682648544640
839,1682648544641
840,1682648544641
841,1682648544641
842,1682648544641
843,1682648544641
844,1682648544641
845,1682648544642
846,1682648544642
847,1682648544642
848,1682648544642
849,1682648544642
850,1682648544642
851,1682648544643
852,1682648544643
853,1682648544643
854,1682648544643
855,1682648544643
856,1682648544643
857,1682648544643
858,1682648544644
859,1682648544644
860,1682648544644
861,1682648544644
862,1682648544644
863,1682648544644
864,1682648544644
865,1682648544644
866,1682648544645
867,1682648544645
868,1682648544645
869,1682648544645
870,1682648544645
871,1682648544646
872,1682648544646
873,1682648544646
874,1682648544646
875,1682648544647
876,1682648544647
877,1682648544647
878,1682648544647
879,1682648544647
880,1682648544648
881,1682648544648
882,1682648544648
883,1682648544649
884,1682648544649
885,1682648544649
886,1682648544649
887,1682648544650
888,1682648544650
889,1682648544650
890,1682648544650
891,1682648544651
892,1682648544651
893,1682648544651
894,1682648544652
895,1682648544652
896,1682648544653
897,1682648544653
898,1682648544653
899,1682648544653
900,1682648544653
901,1682648544654
902,1682648544654
903,1682648544654
904,1682648544654
905,1682648544654
906,1682648544654
907,1682648544654
908,1682648544655
909,1682648544655
910,1682648544655
911,1682648544655
912,1682648544655
913,1682648544655
914,1682648544656
915,1682648544656
916,1682648544656
917,1682648544656
918,1682648544656
919,1682648544657
920,1682648544657
921,1682648544657
922,1682648544657
923,1682648544657
924,1682648544658
925,1682648544658
926,1682648544658
927,1682648544658
928,1682648544658
929,1682648544658
930,1682648544661
931,1682648544662
932,1682648544662
933,1682648544662
934,1682648544662
935,1682648544662
936,1682648544662
937,1682648544663
938,1682648544663
939,1682648544663
940,1682648544663
941,1682648544663
942,1682648544664
943,1682648544780
944,1682648544781
945,1682648544781
946,1682648544781
947,1682648544782
948,1682648544782
949,1682648544782
950,1682648544782
951,1682648544783
952,1682648544783
953,1682648544783
954,1682648544783
955,1682648544783
956,1682648544783
957,1682648544783
958,1682648544784
959,1682648544784
960,1682648544784
961,1682648544784
962,1682648544784
963,1682648544784
964,1682648544785
965,1682648544785
966,1682648544785
967,1682648544785
968,1682648544785
969,1682648544786
970,1682648544786
971,1682648544786
972,1682648544789
973,1682648544790
974,1682648544790
975,1682648544790
976,1682648544790
977,1682648544791
978,1682648544791
979,1682648544791
980,1682648544791
981,1682648544792
982,1682648544792
983,1682648544792
984,1682648544792
985,1682648544793
986,1682648544793
987,1682648544793
988,1682648544793
989,1682648544794
990,1682648544794
991,1682648544794
992,1682648544794
993,1682648544795
994,1682648544795
995,1682648544795
996,1682648544795
997,1682648544795
998,1682648544796
999,1682648544796
1000,1682648544796
1001,1682648544797
1002,1682648544797
1003,1682648544797
1004,1682648544798
1005,1682648544798
1006,1682648544798
1007,1682648544799
1008,1682648544799
1009,1682648544799
1010,1682648544800
1011,1682648544800
1012,1682648544800
1013,1682648544801
1014,1682648544801
1015,1682648544801
1016,1682648544801
1017,1682648544802
1018,1682648544802
1019,1682648544802
1020,1682648544803
1021,1682648544803
1022,1682648544803
1023,1682648544803
1024,1682648544804
1025,1682648544804
1026,1682648544804
1027,1682648544804
1028,1682648544805
1029,1682648544805
1030,1682648544805
1031,1682648544805
1032,1682648544806
1033,1682648544806
1034,1682648544806
1035,1682648544806
1036,1682648544807
1037,1682648544807
1038,1682648544807
1039,1682648544807
1040,1682648544807
1041,1682648544808
1042,1682648544808
1043,1682648544808
1044,1682648544808
1045,1682648544809
1046,1682648544809
1047,1682648544809
1048,1682648544809
1049,1682648544810
1050,1682648544810
1051,1682648544810
1052,1682648544810
1053,1682648544811
1054,1682648544811
1055,1682648544811
1056,1682648544811
1057,1682648544811
1058,1682648544812
1059,1682648544812
1060,1682648544812
1061,1682648544813
1062,1682648544813
1063,1682648544813
1064,1682648544814
1065,1682648544814
1066,1682648544814
1067,1682648544815
1068,1682648544815
1069,1682648544815
1070,1682648544815
1071,1682648544816
1072,1682648544816
1073,1682648544816
1074,1682648544817
1075,1682648544817
1076,1682648544817
1077,1682648544817
1078,1682648544818
1079,1682648544818
1080,1682648544818
1081,1682648544819
1082,1682648544819
1083,1682648544819
1084,1682648544820
1085,1682648544820
1086,1682648544820
1087,1682648544820
1088,1682648544821
1089,1682648544821
1090,1682648544821
1091,1682648544822
1092,1682648544822
1093,1682648544822
1094,1682648544823
1095,1682648544823
1096,1682648544823
1097,1682648544823
1098,1682648544824
1099,1682648544824
1100,1682648544824
1101,1682648544922
1102,1682648544922
1103,1682648544922
1104,1682648544922
1105,1682648544923
1106,1682648544923
1107,1682648544923
1108,1682648544923
1109,1682648544923
1110,1682648544923
1111,1682648544923
1112,1682648544923
1113,1682648544923
1114,1682648544923
1115,1682648544923
1116,1682648544924
1117,1682648544924
1118,1682648544924
1119,1682648544924
1120,1682648544924
1121,1682648544924
1122,1682648544924
1123,1682648544924
1124,1682648544924
1125,1682648544924
1126,1682648544924
1127,1682648544925
1128,1682648544925
1129,1682648544925
1130,1682648544925
1131,1682648544925
1132,1682648544925
1133,1682648544925
1134,1682648544925
1135,1682648544926
1136,1682648544926
1137,1682648544926
1138,1682648544926
1139,1682648544926
1140,1682648544926
1141,1682648544926
1142,1682648544926
1143,1682648544927
1144,1682648544927
1145,1682648544927
1146,1682648544927
1147,1682648544927
1148,1682648544927
1149,1682648544928
1150,1682648544928
1151,1682648544928
1152,1682648544928
1153,1682648544928
1154,1682648544928
1155,1682648544929
1156,1682648544929
1157,1682648544929
1158,1682648544929
1159,1682648544929
1160,1682648544929
1161,1682648544930
1162,1682648544930
1163,1682648544930
1164,1682648544930
1165,1682648544930
1166,1682648544930
1167,1682648544930
1168,1682648544930
1169,1682648544931
1170,1682648544931
1171,1682648544931
1172,1682648544931
1173,1682648544931
1174,1682648544931
1175,1682648544931
1176,1682648544931
1177,1682648544932
1178,1682648544932
1179,1682648544932
1180,1682648544932
1181,1682648544932
1182,1682648544932
1183,1682648544932
1184,1682648544932
1185,1682648544933
1186,1682648544933
1187,1682648544933
1188,1682648544933
1189,1682648544933
1190,1682648544933
1191,1682648544933
1192,1682648544934
1193,1682648544934
1194,1682648544934
1195,1682648544934
1196,1682648544934
1197,1682648544935
1198,1682648544935
1199,1682648544935
1200,1682648544935
1201,1682648544935
1202,1682648544936
1203,1682648544936
1204,1682648544936
1205,1682648544973
1206,1682648544974
1207,1682648544977
1208,1682648544977
1209,1682648544978
1210,1682648544978
1211,1682648544978
1212,1682648545445
1213,1682648545445
1214,1682648545445
1215,1682648545446
1216,1682648545446
1217,1682648545446
1218,1682648545446
1219,1682648545446
1220,1682648545447
1221,1682648545447
1222,1682648545447
1223,1682648545447
1224,1682648545447
1225,1682648545448
1226,1682648545448
1227,1682648545448
1228,1682648545448
1229,1682648545448
1230,1682648545449
1231,1682648545449
1232,1682648545449
1233,1682648545450
1234,1682648545450
1235,1682648545450
1236,1682648545450
1237,1682648545450
1238,1682648545451
1239,1682648545451
1240,1682648545451
1241,1682648545451
1242,1682648545452
1243,1682648545452
1244,1682648545452
1245,1682648545452
1246,1682648545452
1247,1682648545453
1248,1682648545453
1249,1682648545488
1250,1682648545489
1251,1682648545490
1252,1682648545490
1253,1682648545491
1254,1682648545491
1255,1682648545492
1256,1682648545492
1257,1682648545496
1258,1682648545496
1259,1682648545496
1260,1682648545497
1261,1682648545497
1262,1682648545497
1263,1682648545497
1264,1682648545497
1265,1682648545500
1266,1682648545500
1267,1682648545501
1268,1682648545501
1269,1682648545501
1270,1682648545501
1271,1682648545502
1272,1682648545502
1273,1682648545502
1274,1682648545503
1275,1682648545503
1276,1682648545514
1277,1682648545515
1278,1682648545515
1279,1682648545516
1280,1682648545516
