1,1682647863737
2,1682647863738
3,1682647863740
4,1682647863742
5,1682647863744
6,1682647863745
7,1682647863746
8,1682647863747
9,1682647863748
10,1682647863753
11,1682647863754
12,1682647863755
13,1682647863756
14,1682647863758
15,1682647863759
16,1682647863760
17,1682647863764
18,1682647863765
19,1682647863771
20,1682647863773
21,1682647863775
22,1682647864189
23,1682647864190
24,1682647864190
25,1682647864191
26,1682647864191
27,1682647864192
28,1682647864192
29,1682647864193
30,1682647864193
31,1682647864194
32,1682647864195
33,1682647864195
34,1682647864196
35,1682647864196
36,1682647864197
37,1682647864198
38,1682647864198
39,1682647864201
40,1682647864202
41,1682647864203
42,1682647864204
43,1682647864205
44,1682647864206
45,1682647864207
46,1682647864207
47,1682647864208
48,1682647864209
49,1682647864210
50,1682647864211
51,1682647864212
52,1682647864212
53,1682647864213
54,1682647864218
55,1682647864220
56,1682647864221
57,1682647864225
58,1682647864226
59,1682647864227
60,1682647864227
61,1682647864228
62,1682647864229
63,1682647864230
64,1682647864230
65,1682647864231
66,1682647864231
67,1682647864236
68,1682647864237
69,1682647864239
70,1682647864240
71,1682647864241
72,1682647864241
73,1682647864242
74,1682647864243
75,1682647864243
76,1682647864244
77,1682647864244
78,1682647864245
79,1682647864245
80,1682647864246
81,1682647864246
82,1682647864247
83,1682647864247
84,1682647864248
85,1682647864248
86,1682647864252
87,1682647864253
88,1682647864254
89,1682647864254
90,1682647864255
91,1682647864255
92,1682647864256
93,1682647864256
94,1682647864257
95,1682647864258
96,1682647864258
97,1682647864259
98,1682647864260
99,1682647864261
100,1682647864262
101,1682647864263
102,1682647864263
103,1682647864264
104,1682647864264
105,1682647864265
106,1682647864267
107,1682647864269
108,1682647864269
109,1682647864272
110,1682647864274
111,1682647864275
112,1682647864275
113,1682647864276
114,1682647864277
115,1682647864278
116,1682647864278
117,1682647864279
118,1682647864280
119,1682647864280
120,1682647864281
121,1682647864285
122,1682647864287
123,1682647864289
124,1682647864292
125,1682647864294
126,1682647864295
127,1682647864296
128,1682647864297
129,1682647864298
130,1682647864303
131,1682647864303
132,1682647864304
133,1682647864304
134,1682647864305
135,1682647864306
136,1682647864307
137,1682647864307
138,1682647864308
139,1682647864309
140,1682647864309
141,1682647864310
142,1682647864311
143,1682647864312
144,1682647864312
145,1682647864313
146,1682647864315
147,1682647864320
148,1682647864322
149,1682647864323
150,1682647864339
151,1682647864340
152,1682647864342
153,1682647864343
154,1682647864345
155,1682647864346
156,1682647864346
157,1682647864347
158,1682647864347
159,1682647864348
160,1682647864348
161,1682647864356
162,1682647864357
163,1682647864358
164,1682647864358
165,1682647864359
166,1682647864362
167,1682647864363
168,1682647864363
169,1682647864364
170,1682647864378
171,1682647864379
172,1682647864381
173,1682647864386
174,1682647864388
175,1682647864407
176,1682647864408
177,1682647864411
178,1682647864414
179,1682647864414
180,1682647864416
181,1682647864419
182,1682647864421
183,1682647864422
184,1682647864423
185,1682647864424
186,1682647864438
187,1682647864438
188,1682647864439
189,1682647864440
190,1682647864440
191,1682647864440
192,1682647864441
193,1682647864442
194,1682647864442
195,1682647864443
196,1682647864444
197,1682647864447
198,1682647864453
199,1682647864453
200,1682647864454
201,1682647864455
202,1682647864456
203,1682647864457
204,1682647864458
205,1682647864459
206,1682647864460
207,1682647864460
208,1682647864461
209,1682647864461
210,1682647864462
211,1682647864463
212,1682647864463
213,1682647864470
214,1682647864478
215,1682647864478
216,1682647864480
217,1682647864480
218,1682647864481
219,1682647864481
220,1682647864486
221,1682647864489
222,1682647864489
223,1682647864490
224,1682647864491
225,1682647864493
226,1682647864494
227,1682647864494
228,1682647864495
229,1682647864496
230,1682647864496
231,1682647864497
232,1682647864498
233,1682647864509
234,1682647864510
235,1682647864510
236,1682647864512
237,1682647864513
238,1682647864514
239,1682647864520
240,1682647864522
241,1682647864523
242,1682647864524
243,1682647864524
244,1682647864525
245,1682647864527
246,1682647864527
247,1682647864528
248,1682647864529
249,1682647864529
250,1682647864530
251,1682647864531
252,1682647864531
253,1682647864538
254,1682647864540
255,1682647864543
256,1682647864545
