1,1682649192751
2,1682649192758
3,1682649192761
4,1682649192765
5,1682649192768
6,1682649192770
7,1682649192772
8,1682649192774
9,1682649192776
10,1682649192777
11,1682649195690
12,1682649195691
13,1682649195693
14,1682649195695
15,1682649195696
16,1682649195697
17,1682649195698
18,1682649195698
19,1682649195699
20,1682649195700
21,1682649195701
22,1682649195701
23,1682649195702
24,1682649195703
25,1682649195704
26,1682649195705
27,1682649195706
28,1682649195707
29,1682649195708
30,1682649195709
31,1682649195710
32,1682649195711
33,1682649195712
34,1682649195712
35,1682649195713
36,1682649195714
37,1682649195714
38,1682649195715
39,1682649195715
40,1682649195716
41,1682649195716
42,1682649195717
43,1682649195718
44,1682649195718
45,1682649195719
46,1682649195719
47,1682649195720
48,1682649195720
49,1682649195722
50,1682649195723
51,1682649195723
52,1682649195724
53,1682649195724
54,1682649195725
55,1682649195726
56,1682649195726
57,1682649195727
58,1682649195727
59,1682649195728
60,1682649195729
61,1682649195729
62,1682649195730
63,1682649195730
64,1682649195731
65,1682649195731
66,1682649195731
67,1682649195732
68,1682649195732
69,1682649195732
70,1682649195733
71,1682649195733
72,1682649195734
73,1682649195734
74,1682649195735
75,1682649195735
76,1682649195736
77,1682649195736
78,1682649195737
79,1682649195741
80,1682649195742
81,1682649195743
82,1682649195744
83,1682649195744
84,1682649195745
85,1682649195746
86,1682649195746
87,1682649195747
88,1682649195747
89,1682649195748
90,1682649195748
91,1682649195749
92,1682649195749
93,1682649195750
94,1682649195750
95,1682649195751
96,1682649195751
97,1682649195752
98,1682649195752
99,1682649195753
100,1682649195753
101,1682649195754
102,1682649195755
103,1682649195755
104,1682649195756
105,1682649195757
106,1682649195757
107,1682649195757
108,1682649195758
109,1682649195759
110,1682649195760
111,1682649195760
112,1682649195760
113,1682649195761
114,1682649195761
115,1682649195762
116,1682649195762
117,1682649195762
118,1682649195763
119,1682649195763
120,1682649195763
121,1682649195764
122,1682649195764
123,1682649195765
124,1682649195765
125,1682649195765
126,1682649195766
127,1682649195766
128,1682649195767
129,1682649195767
130,1682649195767
131,1682649195768
132,1682649195768
133,1682649195768
134,1682649195769
135,1682649195769
136,1682649195769
137,1682649195770
138,1682649195770
139,1682649195771
140,1682649195773
141,1682649195774
142,1682649195774
143,1682649195775
144,1682649195775
145,1682649195776
146,1682649195776
147,1682649195777
148,1682649195777
149,1682649195777
150,1682649195778
151,1682649195778
152,1682649195779
153,1682649195779
154,1682649195780
155,1682649195780
156,1682649195781
157,1682649195781
158,1682649195781
159,1682649195782
160,1682649195782
161,1682649195782
162,1682649195782
163,1682649195783
164,1682649195783
165,1682649195783
166,1682649195783
167,1682649195784
168,1682649195784
169,1682649195784
170,1682649195784
171,1682649195784
172,1682649195785
173,1682649195785
174,1682649195785
175,1682649195785
176,1682649195786
177,1682649195786
178,1682649195786
179,1682649195787
180,1682649195787
181,1682649195787
182,1682649195787
183,1682649195788
184,1682649195788
185,1682649195789
186,1682649195789
187,1682649195789
188,1682649195790
189,1682649195790
190,1682649195791
191,1682649195792
192,1682649195793
193,1682649195793
194,1682649195794
195,1682649195794
196,1682649195794
197,1682649195795
198,1682649195795
199,1682649195796
200,1682649195796
201,1682649195797
202,1682649195797
203,1682649195797
204,1682649195797
205,1682649195798
206,1682649195798
207,1682649195798
208,1682649195799
209,1682649195799
210,1682649195799
211,1682649195799
212,1682649195800
213,1682649195800
214,1682649195800
215,1682649195801
216,1682649195801
217,1682649195801
218,1682649195801
219,1682649195802
220,1682649195802
221,1682649195802
222,1682649195802
223,1682649195803
224,1682649195803
225,1682649195803
226,1682649195803
227,1682649195804
228,1682649195804
229,1682649195804
230,1682649195805
231,1682649195805
232,1682649195805
233,1682649195806
234,1682649195806
235,1682649195806
236,1682649195807
237,1682649195807
238,1682649195808
239,1682649195808
240,1682649195809
241,1682649195809
242,1682649195809
243,1682649195810
244,1682649195810
245,1682649195810
246,1682649195810
247,1682649195811
248,1682649195811
249,1682649195811
250,1682649195811
251,1682649196666
252,1682649196666
253,1682649196667
254,1682649196667
255,1682649196667
256,1682649196668
257,1682649196668
258,1682649196668
259,1682649196669
260,1682649196669
261,1682649196669
262,1682649196669
263,1682649196670
264,1682649196670
265,1682649196670
266,1682649196671
267,1682649196671
268,1682649196672
269,1682649196672
270,1682649196673
271,1682649196673
272,1682649196674
273,1682649196674
274,1682649196675
275,1682649196675
276,1682649196675
277,1682649196675
278,1682649196676
279,1682649196676
280,1682649196676
281,1682649196677
282,1682649196677
283,1682649196677
284,1682649196678
285,1682649196678
286,1682649196678
287,1682649196679
288,1682649196679
289,1682649196679
290,1682649196680
291,1682649196680
292,1682649196680
293,1682649196681
294,1682649196681
295,1682649196681
296,1682649196682
297,1682649196682
298,1682649196682
299,1682649196683
300,1682649196683
301,1682649196684
302,1682649196684
303,1682649196684
304,1682649196684
305,1682649196685
306,1682649196685
307,1682649196685
308,1682649196686
309,1682649196686
310,1682649196686
311,1682649196686
312,1682649196687
313,1682649196687
314,1682649196688
315,1682649196688
316,1682649196688
317,1682649196689
318,1682649196689
319,1682649196690
320,1682649196690
321,1682649196691
322,1682649196691
323,1682649196691
324,1682649196692
325,1682649196692
326,1682649196692
327,1682649196692
328,1682649196693
329,1682649196693
330,1682649196693
331,1682649196693
332,1682649196694
333,1682649196694
334,1682649196694
335,1682649196695
336,1682649196695
337,1682649196695
338,1682649196696
339,1682649196696
340,1682649196696
341,1682649196697
342,1682649196697
343,1682649196697
344,1682649196698
345,1682649196698
346,1682649196698
347,1682649196699
348,1682649196699
349,1682649196699
350,1682649196700
351,1682649196700
352,1682649196700
353,1682649196701
354,1682649196701
355,1682649196701
356,1682649196702
357,1682649196702
358,1682649196702
359,1682649196703
360,1682649196703
361,1682649196703
362,1682649196704
363,1682649196705
364,1682649196706
365,1682649196706
366,1682649196706
367,1682649196707
368,1682649196707
369,1682649196707
370,1682649196708
371,1682649196708
372,1682649196708
373,1682649196709
374,1682649196709
375,1682649196709
376,1682649196710
377,1682649196710
378,1682649196710
379,1682649196711
380,1682649196711
381,1682649196712
382,1682649196712
383,1682649196712
384,1682649196712
385,1682649196713
386,1682649196713
387,1682649196713
388,1682649196714
389,1682649196714
390,1682649196714
391,1682649196715
392,1682649196715
393,1682649196715
394,1682649196716
395,1682649196716
396,1682649196716
397,1682649196717
398,1682649196717
399,1682649196718
400,1682649196718
401,1682649196718
402,1682649196719
403,1682649196719
404,1682649196719
405,1682649196719
406,1682649196720
407,1682649196720
408,1682649196720
409,1682649196722
410,1682649196723
411,1682649196724
412,1682649196724
413,1682649196724
414,1682649196725
415,1682649196725
416,1682649196725
417,1682649196726
418,1682649196726
419,1682649196726
420,1682649196726
421,1682649196727
422,1682649196727
423,1682649196727
424,1682649196727
425,1682649196728
426,1682649196728
427,1682649196728
428,1682649196728
429,1682649196729
430,1682649196729
431,1682649196729
432,1682649196729
433,1682649196730
434,1682649196730
435,1682649196730
436,1682649196730
437,1682649196731
438,1682649196731
439,1682649196731
440,1682649196731
441,1682649196732
442,1682649196732
443,1682649196732
444,1682649196732
445,1682649196733
446,1682649196733
447,1682649196733
448,1682649196734
449,1682649196734
450,1682649196734
451,1682649196734
452,1682649196735
453,1682649196735
454,1682649196735
455,1682649196735
456,1682649196735
457,1682649196736
458,1682649196736
459,1682649196736
460,1682649196736
461,1682649196737
462,1682649196737
463,1682649196737
464,1682649196738
465,1682649196739
466,1682649196739
467,1682649196740
468,1682649196740
469,1682649196740
470,1682649196741
471,1682649196741
472,1682649196741
473,1682649196742
474,1682649196742
475,1682649196742
476,1682649196743
477,1682649196743
478,1682649196744
479,1682649196744
480,1682649196744
481,1682649196745
482,1682649196745
483,1682649196745
484,1682649196746
485,1682649196746
486,1682649196746
487,1682649196747
488,1682649196747
489,1682649196747
490,1682649196747
491,1682649196748
492,1682649196748
493,1682649196748
494,1682649196749
495,1682649196749
496,1682649196749
497,1682649196750
498,1682649196750
499,1682649196750
500,1682649196751
501,1682649196751
502,1682649196751
503,1682649196751
504,1682649196752
505,1682649196752
506,1682649196752
507,1682649196752
508,1682649196753
509,1682649196753
510,1682649196753
511,1682649196754
512,1682649196754
513,1682649196762
514,1682649196763
515,1682649196763
516,1682649196763
517,1682649196764
518,1682649196764
519,1682649196764
520,1682649196764
521,1682649196765
522,1682649196765
523,1682649196765
524,1682649196765
525,1682649196766
526,1682649196766
527,1682649196766
528,1682649196767
529,1682649196767
530,1682649196767
531,1682649196767
532,1682649196768
533,1682649196768
534,1682649196768
535,1682649196768
536,1682649196769
537,1682649196769
538,1682649196769
539,1682649196770
540,1682649196770
541,1682649196770
542,1682649196770
543,1682649196771
544,1682649196771
545,1682649196772
546,1682649196772
547,1682649196772
548,1682649196773
549,1682649196773
550,1682649196774
551,1682649196775
552,1682649196775
553,1682649196775
554,1682649196776
555,1682649196776
556,1682649196776
557,1682649196776
558,1682649196777
559,1682649196777
560,1682649196777
561,1682649196777
562,1682649196777
563,1682649196778
564,1682649196778
565,1682649196778
566,1682649196778
567,1682649196779
568,1682649196779
569,1682649196779
570,1682649196780
571,1682649196780
572,1682649196780
573,1682649196781
574,1682649196781
575,1682649196781
576,1682649196781
577,1682649196782
578,1682649196782
579,1682649196782
580,1682649196782
581,1682649196783
582,1682649196783
583,1682649196783
584,1682649196783
585,1682649196784
586,1682649196784
587,1682649196784
588,1682649196785
589,1682649196785
590,1682649196785
591,1682649196785
592,1682649196786
593,1682649196786
594,1682649196786
595,1682649196786
596,1682649196787
597,1682649196787
598,1682649196788
599,1682649196788
600,1682649196789
601,1682649196789
602,1682649196790
603,1682649196790
604,1682649196790
605,1682649196790
606,1682649196791
607,1682649196791
608,1682649196791
609,1682649196792
610,1682649196792
611,1682649196792
612,1682649196793
613,1682649196793
614,1682649196793
615,1682649196793
616,1682649196793
617,1682649196794
618,1682649196794
619,1682649196794
620,1682649196794
621,1682649196795
622,1682649196795
623,1682649196795
624,1682649196795
625,1682649196796
626,1682649196796
627,1682649196796
628,1682649196796
629,1682649196797
630,1682649196797
631,1682649196797
632,1682649196797
633,1682649196798
634,1682649196798
635,1682649196798
636,1682649196798
637,1682649196799
638,1682649196799
639,1682649196799
640,1682649196800
641,1682649196800
642,1682649196800
643,1682649196800
644,1682649196801
645,1682649196801
646,1682649196801
647,1682649196801
648,1682649196802
649,1682649196802
650,1682649196802
651,1682649196802
652,1682649196803
653,1682649196803
654,1682649196803
655,1682649196803
656,1682649196803
657,1682649196804
658,1682649196804
659,1682649196804
660,1682649196804
661,1682649196805
662,1682649196805
663,1682649196805
664,1682649196806
665,1682649196806
666,1682649196806
667,1682649196807
668,1682649196807
669,1682649196807
670,1682649196807
671,1682649196808
672,1682649196808
673,1682649196808
674,1682649196808
675,1682649196808
676,1682649196809
677,1682649196809
678,1682649196809
679,1682649196809
680,1682649196810
681,1682649196810
682,1682649196810
683,1682649196810
684,1682649196810
685,1682649196811
686,1682649196811
687,1682649196811
688,1682649196811
689,1682649196811
690,1682649196811
691,1682649196811
692,1682649196812
693,1682649196812
694,1682649196812
695,1682649196812
696,1682649196812
697,1682649196813
698,1682649196813
699,1682649196813
700,1682649196813
701,1682649196813
702,1682649196814
703,1682649196814
704,1682649196814
705,1682649196814
706,1682649196814
707,1682649196814
708,1682649196815
709,1682649196815
710,1682649196815
711,1682649196815
712,1682649196815
713,1682649196815
714,1682649196816
715,1682649196816
716,1682649196816
717,1682649196816
718,1682649196816
719,1682649196816
720,1682649196816
721,1682649196817
722,1682649196817
723,1682649196817
724,1682649196817
725,1682649196817
726,1682649196817
727,1682649196818
728,1682649196818
729,1682649196818
730,1682649196818
731,1682649196818
732,1682649196818
733,1682649196819
734,1682649196819
735,1682649196819
736,1682649196819
737,1682649196819
738,1682649196819
739,1682649196820
740,1682649196820
741,1682649196820
742,1682649196820
743,1682649196820
744,1682649196821
745,1682649196821
746,1682649196821
747,1682649196822
748,1682649196822
749,1682649196822
750,1682649196823
751,1682649196823
752,1682649196823
753,1682649196823
754,1682649196823
755,1682649196823
756,1682649196824
757,1682649196824
758,1682649196824
759,1682649196824
760,1682649196824
761,1682649196825
762,1682649196825
763,1682649196825
764,1682649196825
765,1682649196826
766,1682649196826
767,1682649196826
768,1682649196826
769,1682649196827
770,1682649196827
771,1682649196827
772,1682649196827
773,1682649196827
774,1682649196827
775,1682649196828
776,1682649196828
777,1682649196828
778,1682649196828
779,1682649196828
780,1682649196829
781,1682649196829
782,1682649196829
783,1682649196829
784,1682649196830
785,1682649196830
786,1682649196830
787,1682649196830
788,1682649196831
789,1682649196831
790,1682649196831
791,1682649196832
792,1682649196832
793,1682649196832
794,1682649196832
795,1682649196832
796,1682649196833
797,1682649196833
798,1682649196833
799,1682649196833
800,1682649196833
801,1682649196834
802,1682649196834
803,1682649196834
804,1682649196834
805,1682649196834
806,1682649196834
807,1682649196835
808,1682649196835
809,1682649196835
810,1682649196835
811,1682649196835
812,1682649196836
813,1682649196836
814,1682649196836
815,1682649196836
816,1682649196836
817,1682649196836
818,1682649196837
819,1682649196837
820,1682649196837
821,1682649196838
822,1682649196838
823,1682649196838
824,1682649196838
825,1682649196839
826,1682649196839
827,1682649196839
828,1682649196840
829,1682649196840
830,1682649196840
831,1682649196840
832,1682649196841
833,1682649196841
834,1682649196842
835,1682649196842
836,1682649196842
837,1682649196843
838,1682649196843
839,1682649196843
840,1682649196843
841,1682649196843
842,1682649196844
843,1682649196844
844,1682649196844
845,1682649196844
846,1682649196844
847,1682649196844
848,1682649196845
849,1682649196845
850,1682649196845
851,1682649196845
852,1682649196845
853,1682649196846
854,1682649196846
855,1682649196846
856,1682649196846
857,1682649196846
858,1682649196846
859,1682649196846
860,1682649196847
861,1682649196847
862,1682649196847
863,1682649196847
864,1682649196847
865,1682649196847
866,1682649196847
867,1682649196848
868,1682649196848
869,1682649196848
870,1682649196848
871,1682649196848
872,1682649196848
873,1682649196849
874,1682649196849
875,1682649196849
876,1682649196849
877,1682649196849
878,1682649196849
879,1682649196850
880,1682649196850
881,1682649196850
882,1682649196850
883,1682649196850
884,1682649196851
885,1682649196851
886,1682649196851
887,1682649196852
888,1682649196852
889,1682649196852
890,1682649196852
891,1682649196853
892,1682649196853
893,1682649196853
894,1682649196853
895,1682649196854
896,1682649196854
897,1682649196855
898,1682649196855
899,1682649196855
900,1682649196856
901,1682649196856
902,1682649196856
903,1682649196856
904,1682649196857
905,1682649196857
906,1682649196857
907,1682649196857
908,1682649196857
909,1682649196858
910,1682649196858
911,1682649196858
912,1682649196858
913,1682649196858
914,1682649196859
915,1682649196859
916,1682649196859
917,1682649196859
918,1682649196859
919,1682649196860
920,1682649196860
921,1682649196860
922,1682649196860
923,1682649196860
924,1682649196860
925,1682649196861
926,1682649196861
927,1682649196861
928,1682649196861
929,1682649196861
930,1682649196862
931,1682649196862
932,1682649196862
933,1682649196862
934,1682649196862
935,1682649196863
936,1682649196863
937,1682649196863
938,1682649196863
939,1682649196863
940,1682649196864
941,1682649196864
942,1682649196864
943,1682649196864
944,1682649196864
945,1682649196865
946,1682649196865
947,1682649196865
948,1682649196865
949,1682649196866
950,1682649196866
951,1682649196866
952,1682649196866
953,1682649196866
954,1682649196866
955,1682649196867
956,1682649196867
957,1682649196867
958,1682649196867
959,1682649196867
960,1682649196867
961,1682649196868
962,1682649196868
963,1682649196868
964,1682649196868
965,1682649196868
966,1682649196868
967,1682649196869
968,1682649196869
969,1682649196869
970,1682649196869
971,1682649196869
972,1682649196869
973,1682649196870
974,1682649196870
975,1682649196870
976,1682649196870
977,1682649196871
978,1682649196871
979,1682649196871
980,1682649196871
981,1682649196871
982,1682649196871
983,1682649196872
984,1682649196872
985,1682649196872
986,1682649196872
987,1682649196872
988,1682649196872
989,1682649196873
990,1682649196873
991,1682649196873
992,1682649196873
993,1682649196874
994,1682649196874
995,1682649196874
996,1682649196875
997,1682649196875
998,1682649196875
999,1682649196875
1000,1682649196875
1001,1682649196876
1002,1682649196876
1003,1682649196876
1004,1682649196876
1005,1682649196876
1006,1682649196876
1007,1682649196877
1008,1682649196877
1009,1682649196877
1010,1682649196877
1011,1682649196877
1012,1682649196877
1013,1682649196878
1014,1682649196878
1015,1682649196878
1016,1682649196878
1017,1682649196878
1018,1682649196878
1019,1682649196879
1020,1682649196879
1021,1682649196879
1022,1682649196879
1023,1682649196880
1024,1682649196880
1025,1682649196880
1026,1682649196880
1027,1682649196881
1028,1682649196881
1029,1682649196881
1030,1682649196881
1031,1682649196882
1032,1682649196882
1033,1682649196882
1034,1682649196882
1035,1682649196883
1036,1682649196883
1037,1682649196883
1038,1682649196883
1039,1682649196884
1040,1682649196884
1041,1682649196884
1042,1682649196884
1043,1682649196885
1044,1682649196885
1045,1682649196885
1046,1682649196885
1047,1682649196886
1048,1682649196886
1049,1682649196886
1050,1682649196887
1051,1682649196887
1052,1682649196892
1053,1682649196893
1054,1682649196893
1055,1682649196893
1056,1682649196894
1057,1682649196894
1058,1682649196894
1059,1682649196895
1060,1682649196895
1061,1682649196895
1062,1682649196896
1063,1682649196896
1064,1682649196896
1065,1682649196897
1066,1682649196897
1067,1682649196897
1068,1682649196898
1069,1682649196898
1070,1682649196898
1071,1682649196899
1072,1682649196899
1073,1682649196899
1074,1682649196900
1075,1682649196900
1076,1682649196900
1077,1682649196901
1078,1682649196901
1079,1682649196901
1080,1682649196902
1081,1682649196902
1082,1682649196903
1083,1682649196903
1084,1682649196903
1085,1682649196904
1086,1682649196904
1087,1682649196904
1088,1682649196905
1089,1682649196905
1090,1682649196906
1091,1682649196906
1092,1682649196906
1093,1682649196907
1094,1682649196907
1095,1682649196908
1096,1682649196908
1097,1682649196908
1098,1682649196909
1099,1682649196909
1100,1682649196910
1101,1682649196910
1102,1682649196911
1103,1682649196911
1104,1682649196912
1105,1682649196912
1106,1682649196913
1107,1682649196913
1108,1682649196913
1109,1682649196914
1110,1682649196914
1111,1682649196914
1112,1682649196915
1113,1682649196915
1114,1682649196915
1115,1682649196915
1116,1682649196916
1117,1682649196916
1118,1682649196916
1119,1682649196917
1120,1682649196917
1121,1682649196917
1122,1682649196918
1123,1682649196918
1124,1682649196918
1125,1682649196919
1126,1682649196919
1127,1682649196919
1128,1682649196920
1129,1682649196920
1130,1682649196920
1131,1682649196921
1132,1682649196921
1133,1682649196922
1134,1682649196922
1135,1682649196922
1136,1682649196923
1137,1682649196923
1138,1682649196924
1139,1682649196924
1140,1682649196924
1141,1682649196925
1142,1682649196925
1143,1682649196925
1144,1682649196926
1145,1682649196926
1146,1682649196926
1147,1682649196927
1148,1682649196927
1149,1682649196928
1150,1682649196928
1151,1682649196928
1152,1682649196929
1153,1682649196929
1154,1682649196929
1155,1682649196930
1156,1682649196930
1157,1682649196930
1158,1682649196930
1159,1682649196931
1160,1682649196931
1161,1682649196932
1162,1682649196932
1163,1682649196932
1164,1682649196933
1165,1682649196933
1166,1682649196933
1167,1682649196933
1168,1682649196934
1169,1682649196934
1170,1682649196934
1171,1682649196935
1172,1682649196935
1173,1682649196936
1174,1682649196936
1175,1682649196936
1176,1682649196937
1177,1682649196937
1178,1682649196937
1179,1682649196938
1180,1682649196938
1181,1682649196938
1182,1682649196939
1183,1682649196939
1184,1682649196940
1185,1682649196940
1186,1682649196940
1187,1682649196941
1188,1682649196941
1189,1682649196942
1190,1682649196942
1191,1682649196942
1192,1682649196943
1193,1682649196943
1194,1682649196944
1195,1682649196944
1196,1682649196944
1197,1682649196945
1198,1682649196945
1199,1682649196945
1200,1682649196946
1201,1682649196946
1202,1682649196946
1203,1682649196947
1204,1682649196947
1205,1682649196947
1206,1682649196948
1207,1682649196948
1208,1682649196948
1209,1682649196949
1210,1682649196949
1211,1682649196949
1212,1682649196949
1213,1682649196950
1214,1682649196950
1215,1682649196950
1216,1682649196951
1217,1682649196951
1218,1682649196951
1219,1682649196951
1220,1682649196952
1221,1682649196952
1222,1682649196952
1223,1682649196952
1224,1682649196952
1225,1682649196953
1226,1682649196953
1227,1682649196953
1228,1682649196953
1229,1682649196954
1230,1682649196954
1231,1682649196954
1232,1682649196954
1233,1682649196955
1234,1682649196955
1235,1682649196955
1236,1682649196955
1237,1682649196956
1238,1682649196956
1239,1682649196956
1240,1682649196956
1241,1682649196957
1242,1682649196957
1243,1682649196957
1244,1682649196958
1245,1682649196958
1246,1682649196958
1247,1682649196958
1248,1682649196959
1249,1682649196959
1250,1682649196959
1251,1682649196959
1252,1682649196959
1253,1682649196960
1254,1682649196960
1255,1682649196960
1256,1682649196960
1257,1682649196961
1258,1682649196961
1259,1682649196961
1260,1682649196961
1261,1682649196961
1262,1682649196962
1263,1682649196962
1264,1682649196962
1265,1682649196962
1266,1682649196962
1267,1682649196963
1268,1682649196963
1269,1682649196963
1270,1682649196963
1271,1682649196963
1272,1682649196964
1273,1682649196964
1274,1682649196964
1275,1682649196964
1276,1682649196965
1277,1682649196965
1278,1682649196965
1279,1682649196966
1280,1682649196966
1281,1682649196966
1282,1682649196966
1283,1682649196967
1284,1682649196967
1285,1682649196967
1286,1682649196968
1287,1682649196968
1288,1682649196968
1289,1682649196969
1290,1682649196969
1291,1682649196969
1292,1682649196970
1293,1682649196970
1294,1682649196970
1295,1682649196970
1296,1682649196971
1297,1682649196971
1298,1682649196971
1299,1682649196972
1300,1682649196972
1301,1682649196972
1302,1682649196973
1303,1682649196973
1304,1682649196973
1305,1682649196974
1306,1682649196974
1307,1682649196974
1308,1682649196974
1309,1682649196975
1310,1682649196975
1311,1682649196975
1312,1682649196975
1313,1682649196975
1314,1682649196975
1315,1682649196976
1316,1682649196976
1317,1682649196976
1318,1682649196976
1319,1682649196976
1320,1682649196977
1321,1682649196977
1322,1682649196977
1323,1682649196977
1324,1682649196977
1325,1682649196978
1326,1682649196978
1327,1682649196978
1328,1682649196978
1329,1682649196978
1330,1682649196979
1331,1682649196979
1332,1682649196979
1333,1682649196979
1334,1682649196979
1335,1682649196980
1336,1682649196980
1337,1682649196980
1338,1682649196980
1339,1682649196981
1340,1682649196981
1341,1682649196981
1342,1682649196981
1343,1682649196982
1344,1682649196982
1345,1682649196982
1346,1682649196982
1347,1682649196983
1348,1682649196983
1349,1682649196983
1350,1682649196983
1351,1682649196984
1352,1682649196984
1353,1682649196984
1354,1682649196984
1355,1682649196984
1356,1682649196985
1357,1682649196985
1358,1682649196985
1359,1682649196985
1360,1682649196985
1361,1682649196986
1362,1682649196986
1363,1682649196986
1364,1682649196986
1365,1682649196986
1366,1682649196986
1367,1682649196987
1368,1682649196987
1369,1682649196987
1370,1682649196988
1371,1682649196988
1372,1682649196988
1373,1682649196989
1374,1682649196989
1375,1682649196989
1376,1682649196989
1377,1682649196990
1378,1682649196990
1379,1682649196990
1380,1682649196991
1381,1682649196991
1382,1682649196991
1383,1682649196991
1384,1682649196992
1385,1682649196992
1386,1682649196992
1387,1682649196992
1388,1682649196993
1389,1682649196993
1390,1682649196993
1391,1682649196993
1392,1682649196994
1393,1682649196994
1394,1682649196994
1395,1682649196994
1396,1682649196995
1397,1682649196995
1398,1682649196995
1399,1682649196995
1400,1682649196996
1401,1682649196996
1402,1682649196996
1403,1682649196996
1404,1682649196997
1405,1682649196997
1406,1682649196997
1407,1682649196997
1408,1682649196997
1409,1682649196998
1410,1682649196998
1411,1682649196998
1412,1682649196998
1413,1682649196998
1414,1682649196998
1415,1682649196999
1416,1682649196999
1417,1682649196999
1418,1682649196999
1419,1682649197000
1420,1682649197000
1421,1682649197000
1422,1682649197000
1423,1682649197001
1424,1682649197001
1425,1682649197001
1426,1682649197001
1427,1682649197001
1428,1682649197002
1429,1682649197002
1430,1682649197002
1431,1682649197002
1432,1682649197002
1433,1682649197003
1434,1682649197003
1435,1682649197003
1436,1682649197003
1437,1682649197004
1438,1682649197004
1439,1682649197004
1440,1682649197004
1441,1682649197005
1442,1682649197005
1443,1682649197005
1444,1682649197005
1445,1682649197006
1446,1682649197006
1447,1682649197006
1448,1682649197006
1449,1682649197007
1450,1682649197007
1451,1682649197007
1452,1682649197007
1453,1682649197007
1454,1682649197008
1455,1682649197008
1456,1682649197008
1457,1682649197008
1458,1682649197008
1459,1682649197009
1460,1682649197009
1461,1682649197009
1462,1682649197009
1463,1682649197010
1464,1682649197010
1465,1682649197010
1466,1682649197010
1467,1682649197010
1468,1682649197011
1469,1682649197011
1470,1682649197011
1471,1682649197011
1472,1682649197011
1473,1682649197011
1474,1682649197012
1475,1682649197012
1476,1682649197012
1477,1682649197012
1478,1682649197013
1479,1682649197013
1480,1682649197013
1481,1682649197013
1482,1682649197014
1483,1682649197014
1484,1682649197014
1485,1682649197014
1486,1682649197015
1487,1682649197015
1488,1682649197015
1489,1682649197015
1490,1682649197015
1491,1682649197016
1492,1682649197016
1493,1682649197016
1494,1682649197017
1495,1682649197017
1496,1682649197017
1497,1682649197017
1498,1682649197017
1499,1682649197018
1500,1682649197018
1501,1682649197018
1502,1682649197018
1503,1682649197018
1504,1682649197019
1505,1682649197019
1506,1682649197019
1507,1682649197019
1508,1682649197019
1509,1682649197020
1510,1682649197020
1511,1682649197020
1512,1682649197020
1513,1682649197020
1514,1682649197021
1515,1682649197021
1516,1682649197021
1517,1682649197021
1518,1682649197021
1519,1682649197022
1520,1682649197022
1521,1682649197022
1522,1682649197022
1523,1682649197023
1524,1682649197023
1525,1682649197023
1526,1682649197023
1527,1682649197023
1528,1682649197024
1529,1682649197024
1530,1682649197024
1531,1682649197024
1532,1682649197024
1533,1682649197025
1534,1682649197025
1535,1682649197025
1536,1682649197025
1537,1682649197025
1538,1682649197026
1539,1682649197026
1540,1682649197026
1541,1682649197026
1542,1682649197027
1543,1682649197027
1544,1682649197027
1545,1682649197027
1546,1682649197027
1547,1682649197028
1548,1682649197028
1549,1682649197028
1550,1682649197028
1551,1682649197029
1552,1682649197029
1553,1682649197029
1554,1682649197029
1555,1682649197029
1556,1682649197029
1557,1682649197030
1558,1682649197030
1559,1682649197030
1560,1682649197030
1561,1682649197030
1562,1682649197031
1563,1682649197031
1564,1682649197031
1565,1682649197031
1566,1682649197031
1567,1682649197032
1568,1682649197032
1569,1682649197032
1570,1682649197032
1571,1682649197033
1572,1682649197033
1573,1682649197033
1574,1682649197033
1575,1682649197033
1576,1682649197034
1577,1682649197034
1578,1682649197034
1579,1682649197034
1580,1682649197035
1581,1682649197035
1582,1682649197035
1583,1682649197036
1584,1682649197036
1585,1682649197036
1586,1682649197036
1587,1682649197036
1588,1682649197037
1589,1682649197037
1590,1682649197037
1591,1682649197038
1592,1682649197038
1593,1682649197038
1594,1682649197039
1595,1682649197039
1596,1682649197039
1597,1682649197040
1598,1682649197040
1599,1682649197040
1600,1682649197040
1601,1682649197041
1602,1682649197041
1603,1682649197041
1604,1682649197041
1605,1682649197041
1606,1682649197042
1607,1682649197042
1608,1682649197042
1609,1682649197042
1610,1682649197042
1611,1682649197043
1612,1682649197043
1613,1682649197043
1614,1682649197043
1615,1682649197043
1616,1682649197043
1617,1682649197044
1618,1682649197044
1619,1682649197044
1620,1682649197044
1621,1682649197044
1622,1682649197045
1623,1682649197045
1624,1682649197045
1625,1682649197045
1626,1682649197045
1627,1682649197045
1628,1682649197046
1629,1682649197046
1630,1682649197046
1631,1682649197046
1632,1682649197047
1633,1682649197047
1634,1682649197047
1635,1682649197047
1636,1682649197047
1637,1682649197048
1638,1682649197048
1639,1682649197048
1640,1682649197049
1641,1682649197049
1642,1682649197049
1643,1682649197049
1644,1682649197049
1645,1682649197049
1646,1682649197049
1647,1682649197050
1648,1682649197050
1649,1682649197050
1650,1682649197050
1651,1682649197050
1652,1682649197050
1653,1682649197050
1654,1682649197050
1655,1682649197050
1656,1682649197051
1657,1682649197051
1658,1682649197051
1659,1682649197051
1660,1682649197051
1661,1682649197051
1662,1682649197051
1663,1682649197051
1664,1682649197051
1665,1682649197051
1666,1682649197052
1667,1682649197052
1668,1682649197052
1669,1682649197052
1670,1682649197052
1671,1682649197052
1672,1682649197052
1673,1682649197052
1674,1682649197053
1675,1682649197053
1676,1682649197053
1677,1682649197053
1678,1682649197053
1679,1682649197053
1680,1682649197053
1681,1682649197053
1682,1682649197053
1683,1682649197054
1684,1682649197054
1685,1682649197054
1686,1682649197054
1687,1682649197054
1688,1682649197054
1689,1682649197055
1690,1682649197055
1691,1682649197055
1692,1682649197055
1693,1682649197055
1694,1682649197055
1695,1682649197056
1696,1682649197056
1697,1682649197056
1698,1682649197056
1699,1682649197056
1700,1682649197056
1701,1682649197056
1702,1682649197057
1703,1682649197057
1704,1682649197057
1705,1682649197057
1706,1682649197057
1707,1682649197057
1708,1682649197057
1709,1682649197057
1710,1682649197057
1711,1682649197057
1712,1682649197058
1713,1682649197058
1714,1682649197058
1715,1682649197058
1716,1682649197058
1717,1682649197058
1718,1682649197058
1719,1682649197058
1720,1682649197058
1721,1682649197058
1722,1682649197059
1723,1682649197059
1724,1682649197059
1725,1682649197059
1726,1682649197059
1727,1682649197059
1728,1682649197059
1729,1682649197059
1730,1682649197059
1731,1682649197060
1732,1682649197060
1733,1682649197060
1734,1682649197060
1735,1682649197060
1736,1682649197060
1737,1682649197060
1738,1682649197060
1739,1682649197060
1740,1682649197061
1741,1682649197061
1742,1682649197061
1743,1682649197061
1744,1682649197061
1745,1682649197061
1746,1682649197061
1747,1682649197061
1748,1682649197062
1749,1682649197062
1750,1682649197062
1751,1682649197062
1752,1682649197062
1753,1682649197062
1754,1682649197062
1755,1682649197062
1756,1682649197062
1757,1682649197062
1758,1682649197063
1759,1682649197063
1760,1682649197063
1761,1682649197063
1762,1682649197063
1763,1682649197063
1764,1682649197063
1765,1682649197063
1766,1682649197063
1767,1682649197063
1768,1682649197063
1769,1682649197064
1770,1682649197064
1771,1682649197064
1772,1682649197064
1773,1682649197064
1774,1682649197064
1775,1682649197064
1776,1682649197064
1777,1682649197064
1778,1682649197065
1779,1682649197065
1780,1682649197065
1781,1682649197065
1782,1682649197065
1783,1682649197065
1784,1682649197065
1785,1682649197065
1786,1682649197065
1787,1682649197066
1788,1682649197066
1789,1682649197066
1790,1682649197066
1791,1682649197066
1792,1682649197066
1793,1682649197066
1794,1682649197066
1795,1682649197067
1796,1682649197067
1797,1682649197067
1798,1682649197067
1799,1682649197067
1800,1682649197067
1801,1682649197067
1802,1682649197068
1803,1682649197068
1804,1682649197068
1805,1682649197068
1806,1682649197068
1807,1682649197068
1808,1682649197068
1809,1682649197068
1810,1682649197068
1811,1682649197068
1812,1682649197068
1813,1682649197069
1814,1682649197069
1815,1682649197069
1816,1682649197069
1817,1682649197069
1818,1682649197069
1819,1682649197069
1820,1682649197069
1821,1682649197069
1822,1682649197069
1823,1682649197070
1824,1682649197070
1825,1682649197070
1826,1682649197070
1827,1682649197070
1828,1682649197070
1829,1682649197070
1830,1682649197070
1831,1682649197070
1832,1682649197071
1833,1682649197071
1834,1682649197071
1835,1682649197071
1836,1682649197071
1837,1682649197071
1838,1682649197071
1839,1682649197071
1840,1682649197072
1841,1682649197072
1842,1682649197072
1843,1682649197072
1844,1682649197072
1845,1682649197072
1846,1682649197072
1847,1682649197073
1848,1682649197073
1849,1682649197073
1850,1682649197073
1851,1682649197073
1852,1682649197073
1853,1682649197073
1854,1682649197073
1855,1682649197073
1856,1682649197074
1857,1682649197074
1858,1682649197074
1859,1682649197074
1860,1682649197074
1861,1682649197074
1862,1682649197074
1863,1682649197074
1864,1682649197074
1865,1682649197074
1866,1682649197074
1867,1682649197075
1868,1682649197075
1869,1682649197075
1870,1682649197075
1871,1682649197075
1872,1682649197075
1873,1682649197075
1874,1682649197075
1875,1682649197075
1876,1682649197076
1877,1682649197076
1878,1682649197076
1879,1682649197076
1880,1682649197076
1881,1682649197076
1882,1682649197076
1883,1682649197076
1884,1682649197076
1885,1682649197076
1886,1682649197077
1887,1682649197077
1888,1682649197077
1889,1682649197077
1890,1682649197077
1891,1682649197077
1892,1682649197077
1893,1682649197077
1894,1682649197078
1895,1682649197078
1896,1682649197078
1897,1682649197078
1898,1682649197078
1899,1682649197078
1900,1682649197078
1901,1682649197078
1902,1682649197079
1903,1682649197079
1904,1682649197079
1905,1682649197079
1906,1682649197079
1907,1682649197079
1908,1682649197079
1909,1682649197079
1910,1682649197079
1911,1682649197079
1912,1682649197080
1913,1682649197080
1914,1682649197080
1915,1682649197080
1916,1682649197080
1917,1682649197080
1918,1682649197080
1919,1682649197080
1920,1682649197080
1921,1682649197080
1922,1682649197081
1923,1682649197081
1924,1682649197081
1925,1682649197081
1926,1682649197081
1927,1682649197081
1928,1682649197081
1929,1682649197081
1930,1682649197081
1931,1682649197082
1932,1682649197082
1933,1682649197082
1934,1682649197082
1935,1682649197082
1936,1682649197083
1937,1682649197083
1938,1682649197083
1939,1682649197083
1940,1682649197083
1941,1682649197083
1942,1682649197084
1943,1682649197084
1944,1682649197084
1945,1682649197084
1946,1682649197084
1947,1682649197084
1948,1682649197085
1949,1682649197085
1950,1682649197085
1951,1682649197085
1952,1682649197085
1953,1682649197085
1954,1682649197085
1955,1682649197086
1956,1682649197086
1957,1682649197086
1958,1682649197086
1959,1682649197086
1960,1682649197086
1961,1682649197086
1962,1682649197086
1963,1682649197086
1964,1682649197087
1965,1682649197087
1966,1682649197087
1967,1682649197087
1968,1682649197087
1969,1682649197087
1970,1682649197087
1971,1682649197087
1972,1682649197087
1973,1682649197088
1974,1682649197088
1975,1682649197088
1976,1682649197088
1977,1682649197088
1978,1682649197088
1979,1682649197088
1980,1682649197088
1981,1682649197089
1982,1682649197089
1983,1682649197089
1984,1682649197089
1985,1682649197089
1986,1682649197089
1987,1682649197089
1988,1682649197089
1989,1682649197090
1990,1682649197090
1991,1682649197090
1992,1682649197090
1993,1682649197090
1994,1682649197090
1995,1682649197090
1996,1682649197091
1997,1682649197091
1998,1682649197091
1999,1682649197091
2000,1682649197091
2001,1682649197091
2002,1682649197091
2003,1682649197091
2004,1682649197091
2005,1682649197092
2006,1682649197092
2007,1682649197092
2008,1682649197092
2009,1682649197092
2010,1682649197092
2011,1682649197092
2012,1682649197092
2013,1682649197092
2014,1682649197092
2015,1682649197092
2016,1682649197093
2017,1682649197093
2018,1682649197093
2019,1682649197093
2020,1682649197093
2021,1682649197093
2022,1682649197093
2023,1682649197094
2024,1682649197094
2025,1682649197094
2026,1682649197094
2027,1682649197094
2028,1682649197094
2029,1682649197094
2030,1682649197094
2031,1682649197094
2032,1682649197095
2033,1682649197095
2034,1682649197095
2035,1682649197095
2036,1682649197095
2037,1682649197095
2038,1682649197095
2039,1682649197095
2040,1682649197095
2041,1682649197096
2042,1682649197096
2043,1682649197096
2044,1682649197096
2045,1682649197096
2046,1682649197096
2047,1682649197096
2048,1682649197096
