1,1682649710102
2,1682649710107
3,1682649710114
4,1682649710119
5,1682649710125
6,1682649710127
7,1682649710132
8,1682649710137
9,1682649710138
10,1682649710139
11,1682649710140
12,1682649710141
13,1682649710141
14,1682649710142
15,1682649710143
16,1682649710144
17,1682649710149
18,1682649712500
19,1682649712501
20,1682649712502
21,1682649712503
22,1682649712504
23,1682649712505
24,1682649712506
25,1682649712507
26,1682649712508
27,1682649712509
28,1682649712511
29,1682649712512
30,1682649712514
31,1682649712515
32,1682649712516
33,1682649712517
34,1682649712518
35,1682649712519
36,1682649712520
37,1682649712521
38,1682649712522
39,1682649712523
40,1682649712524
41,1682649712525
42,1682649712526
43,1682649712527
44,1682649712530
45,1682649712532
46,1682649712533
47,1682649712534
48,1682649712535
49,1682649712536
50,1682649712537
51,1682649712538
52,1682649712539
53,1682649712540
54,1682649712540
55,1682649712541
56,1682649712543
57,1682649712545
58,1682649712545
59,1682649712546
60,1682649712547
61,1682649712548
62,1682649712549
63,1682649712550
64,1682649712550
65,1682649712551
66,1682649712551
67,1682649712552
68,1682649712553
69,1682649712553
70,1682649712561
71,1682649712562
72,1682649712563
73,1682649712564
74,1682649712564
75,1682649712565
76,1682649712565
77,1682649712566
78,1682649712567
79,1682649712567
80,1682649712567
81,1682649712568
82,1682649712568
83,1682649712569
84,1682649712569
85,1682649712570
86,1682649712570
87,1682649712571
88,1682649712571
89,1682649712571
90,1682649712572
91,1682649712572
92,1682649712573
93,1682649712573
94,1682649712574
95,1682649712574
96,1682649712575
97,1682649712575
98,1682649712576
99,1682649712576
100,1682649712578
101,1682649712579
102,1682649712580
103,1682649712580
104,1682649712581
105,1682649712581
106,1682649712582
107,1682649712582
108,1682649712583
109,1682649712583
110,1682649712583
111,1682649712583
112,1682649712584
113,1682649712584
114,1682649712584
115,1682649712585
116,1682649712585
117,1682649712585
118,1682649712586
119,1682649712586
120,1682649712586
121,1682649712587
122,1682649712587
123,1682649712587
124,1682649712588
125,1682649712588
126,1682649712588
127,1682649712588
128,1682649712589
129,1682649712589
130,1682649712589
131,1682649712589
132,1682649712590
133,1682649712590
134,1682649712590
135,1682649712591
136,1682649712591
137,1682649712591
138,1682649712591
139,1682649712592
140,1682649712592
141,1682649712592
142,1682649712593
143,1682649712593
144,1682649712593
145,1682649712595
146,1682649712596
147,1682649712597
148,1682649712597
149,1682649712598
150,1682649712599
151,1682649712599
152,1682649712600
153,1682649712600
154,1682649712600
155,1682649712600
156,1682649712601
157,1682649712601
158,1682649712601
159,1682649712602
160,1682649712602
161,1682649712602
162,1682649712602
163,1682649712603
164,1682649712603
165,1682649712603
166,1682649712604
167,1682649712604
168,1682649712605
169,1682649712605
170,1682649712605
171,1682649712606
172,1682649712606
173,1682649712606
174,1682649712606
175,1682649712607
176,1682649712607
177,1682649712607
178,1682649712608
179,1682649712608
180,1682649712608
181,1682649712608
182,1682649712608
183,1682649712609
184,1682649712609
185,1682649712609
186,1682649712609
187,1682649712609
188,1682649712610
189,1682649712610
190,1682649712610
191,1682649712610
192,1682649712611
193,1682649712611
194,1682649712612
195,1682649712612
196,1682649712612
197,1682649712613
198,1682649712613
199,1682649712613
200,1682649712614
201,1682649712614
202,1682649712614
203,1682649712614
204,1682649712615
205,1682649712615
206,1682649712615
207,1682649712615
208,1682649712616
209,1682649712616
210,1682649712616
211,1682649712616
212,1682649712617
213,1682649712617
214,1682649712617
215,1682649712617
216,1682649712618
217,1682649712618
218,1682649712618
219,1682649712618
220,1682649712618
221,1682649712618
222,1682649712619
223,1682649712619
224,1682649712619
225,1682649712619
226,1682649712620
227,1682649712620
228,1682649712620
229,1682649712621
230,1682649712621
231,1682649712621
232,1682649712621
233,1682649712621
234,1682649712622
235,1682649712622
236,1682649712622
237,1682649712623
238,1682649712623
239,1682649712623
240,1682649712623
241,1682649712624
242,1682649712624
243,1682649712624
244,1682649712624
245,1682649712625
246,1682649712625
247,1682649712625
248,1682649712626
249,1682649712626
250,1682649712626
251,1682649712627
252,1682649712628
253,1682649712629
254,1682649712629
255,1682649712629
256,1682649712630
257,1682649712630
258,1682649712631
259,1682649712631
260,1682649712631
261,1682649712632
262,1682649712632
263,1682649712633
264,1682649712633
265,1682649712633
266,1682649712633
267,1682649712634
268,1682649712634
269,1682649712634
270,1682649712635
271,1682649712635
272,1682649712635
273,1682649713363
274,1682649713364
275,1682649713364
276,1682649713364
277,1682649713364
278,1682649713365
279,1682649713365
280,1682649713365
281,1682649713365
282,1682649713365
283,1682649713366
284,1682649713366
285,1682649713366
286,1682649713366
287,1682649713367
288,1682649713367
289,1682649713367
290,1682649713368
291,1682649713368
292,1682649713368
293,1682649713369
294,1682649713369
295,1682649713369
296,1682649713370
297,1682649713370
298,1682649713371
299,1682649713371
300,1682649713371
301,1682649713372
302,1682649713372
303,1682649713372
304,1682649713372
305,1682649713373
306,1682649713373
307,1682649713373
308,1682649713373
309,1682649713374
310,1682649713374
311,1682649713374
312,1682649713374
313,1682649713375
314,1682649713375
315,1682649713375
316,1682649713375
317,1682649713376
318,1682649713376
319,1682649713376
320,1682649713377
321,1682649713377
322,1682649713377
323,1682649713377
324,1682649713378
325,1682649713378
326,1682649713378
327,1682649713379
328,1682649713379
329,1682649713379
330,1682649713379
331,1682649713380
332,1682649713380
333,1682649713380
334,1682649713380
335,1682649713381
336,1682649713381
337,1682649713381
338,1682649713381
339,1682649713381
340,1682649713382
341,1682649713382
342,1682649713382
343,1682649713382
344,1682649713382
345,1682649713383
346,1682649713383
347,1682649713383
348,1682649713384
349,1682649713384
350,1682649713384
351,1682649713385
352,1682649713385
353,1682649713385
354,1682649713385
355,1682649713385
356,1682649713386
357,1682649713386
358,1682649713386
359,1682649713386
360,1682649713386
361,1682649713387
362,1682649713387
363,1682649713387
364,1682649713387
365,1682649713387
366,1682649713388
367,1682649713388
368,1682649713388
369,1682649713388
370,1682649713388
371,1682649713389
372,1682649713389
373,1682649713389
374,1682649713389
375,1682649713390
376,1682649713394
377,1682649713394
378,1682649713395
379,1682649713395
380,1682649713395
381,1682649713396
382,1682649713397
383,1682649713397
384,1682649713397
385,1682649713398
386,1682649713398
387,1682649713398
388,1682649713398
389,1682649713399
390,1682649713399
391,1682649713399
392,1682649713400
393,1682649713400
394,1682649713400
395,1682649713400
396,1682649713401
397,1682649713401
398,1682649713401
399,1682649713401
400,1682649713401
401,1682649713402
402,1682649713402
403,1682649713402
404,1682649713402
405,1682649713402
406,1682649713403
407,1682649713403
408,1682649713403
409,1682649713403
410,1682649713403
411,1682649713404
412,1682649713404
413,1682649713404
414,1682649713404
415,1682649713405
416,1682649713405
417,1682649713405
418,1682649713405
419,1682649713405
420,1682649713406
421,1682649713406
422,1682649713406
423,1682649713406
424,1682649713406
425,1682649713407
426,1682649713407
427,1682649713407
428,1682649713407
429,1682649713407
430,1682649713408
431,1682649713408
432,1682649713408
433,1682649713408
434,1682649713409
435,1682649713409
436,1682649713409
437,1682649713409
438,1682649713409
439,1682649713409
440,1682649713410
441,1682649713410
442,1682649713410
443,1682649713410
444,1682649713411
445,1682649713411
446,1682649713411
447,1682649713412
448,1682649713412
449,1682649713412
450,1682649713412
451,1682649713413
452,1682649713413
453,1682649713413
454,1682649713413
455,1682649713413
456,1682649713414
457,1682649713414
458,1682649713414
459,1682649713414
460,1682649713414
461,1682649713415
462,1682649713415
463,1682649713415
464,1682649713415
465,1682649713415
466,1682649713415
467,1682649713416
468,1682649713416
469,1682649713416
470,1682649713416
471,1682649713416
472,1682649713416
473,1682649713417
474,1682649713417
475,1682649713417
476,1682649713417
477,1682649713417
478,1682649713417
479,1682649713418
480,1682649713418
481,1682649713418
482,1682649713418
483,1682649713418
484,1682649713418
485,1682649713419
486,1682649713419
487,1682649713419
488,1682649713419
489,1682649713419
490,1682649713420
491,1682649713420
492,1682649713420
493,1682649713420
494,1682649713420
495,1682649713421
496,1682649713421
497,1682649713421
498,1682649713421
499,1682649713422
500,1682649713422
501,1682649713422
502,1682649713422
503,1682649713423
504,1682649713423
505,1682649713423
506,1682649713423
507,1682649713423
508,1682649713424
509,1682649713424
510,1682649713424
511,1682649713424
512,1682649713424
513,1682649713425
514,1682649713425
515,1682649713426
516,1682649713426
517,1682649713426
518,1682649713426
519,1682649713427
520,1682649713427
521,1682649713427
522,1682649713428
523,1682649713428
524,1682649713428
525,1682649713428
526,1682649713429
527,1682649713429
528,1682649713429
529,1682649713430
530,1682649713430
531,1682649713430
532,1682649713430
533,1682649713430
534,1682649713431
535,1682649713431
536,1682649713431
537,1682649713431
538,1682649713432
539,1682649713432
540,1682649713432
541,1682649713432
542,1682649713433
543,1682649713433
544,1682649713433
545,1682649713433
546,1682649713433
547,1682649713434
548,1682649713434
549,1682649713434
550,1682649713435
551,1682649713435
552,1682649713435
553,1682649713435
554,1682649713435
555,1682649713436
556,1682649713436
557,1682649713436
558,1682649713436
559,1682649713436
560,1682649713437
561,1682649713437
562,1682649713437
563,1682649713437
564,1682649713437
565,1682649713438
566,1682649713438
567,1682649713438
568,1682649713438
569,1682649713438
570,1682649713439
571,1682649713439
572,1682649713439
573,1682649713439
574,1682649713440
575,1682649713440
576,1682649713440
577,1682649713440
578,1682649713440
579,1682649713441
580,1682649713441
581,1682649713441
582,1682649713441
583,1682649713442
584,1682649713442
585,1682649713442
586,1682649713442
587,1682649713442
588,1682649713443
589,1682649713443
590,1682649713443
591,1682649713443
592,1682649713444
593,1682649713444
594,1682649713444
595,1682649713444
596,1682649713445
597,1682649713445
598,1682649713445
599,1682649713446
600,1682649713446
601,1682649713446
602,1682649713446
603,1682649713447
604,1682649713447
605,1682649713447
606,1682649713447
607,1682649713447
608,1682649713448
609,1682649713448
610,1682649713448
611,1682649713448
612,1682649713448
613,1682649713448
614,1682649713449
615,1682649713449
616,1682649713449
617,1682649713449
618,1682649713449
619,1682649713449
620,1682649713450
621,1682649713450
622,1682649713450
623,1682649713450
624,1682649713450
625,1682649713451
626,1682649713451
627,1682649713451
628,1682649713451
629,1682649713451
630,1682649713452
631,1682649713452
632,1682649713452
633,1682649713453
634,1682649713453
635,1682649713453
636,1682649713453
637,1682649713454
638,1682649713454
639,1682649713454
640,1682649713454
641,1682649713454
642,1682649713455
643,1682649713455
644,1682649713455
645,1682649713455
646,1682649713455
647,1682649713456
648,1682649713456
649,1682649713456
650,1682649713456
651,1682649713457
652,1682649713457
653,1682649713457
654,1682649713457
655,1682649713457
656,1682649713458
657,1682649713458
658,1682649713458
659,1682649713458
660,1682649713458
661,1682649713459
662,1682649713459
663,1682649713459
664,1682649713459
665,1682649713459
666,1682649713460
667,1682649713460
668,1682649713460
669,1682649713460
670,1682649713460
671,1682649713461
672,1682649713461
673,1682649713461
674,1682649713461
675,1682649713461
676,1682649713462
677,1682649713462
678,1682649713462
679,1682649713462
680,1682649713462
681,1682649713463
682,1682649713463
683,1682649713463
684,1682649713463
685,1682649713463
686,1682649713464
687,1682649713464
688,1682649713464
689,1682649713464
690,1682649713464
691,1682649713464
692,1682649713465
693,1682649713465
694,1682649713465
695,1682649713465
696,1682649713465
697,1682649713465
698,1682649713466
699,1682649713466
700,1682649713466
701,1682649713466
702,1682649713466
703,1682649713466
704,1682649713466
705,1682649713467
706,1682649713467
707,1682649713467
708,1682649713467
709,1682649713467
710,1682649713467
711,1682649713467
712,1682649713468
713,1682649713468
714,1682649713468
715,1682649713468
716,1682649713468
717,1682649713468
718,1682649713468
719,1682649713469
720,1682649713469
721,1682649713469
722,1682649713469
723,1682649713469
724,1682649713469
725,1682649713469
726,1682649713470
727,1682649713470
728,1682649713470
729,1682649713470
730,1682649713470
731,1682649713470
732,1682649713470
733,1682649713471
734,1682649713471
735,1682649713471
736,1682649713471
737,1682649713471
738,1682649713471
739,1682649713472
740,1682649713472
741,1682649713472
742,1682649713472
743,1682649713472
744,1682649713472
745,1682649713472
746,1682649713473
747,1682649713473
748,1682649713473
749,1682649713473
750,1682649713473
751,1682649713473
752,1682649713474
753,1682649713474
754,1682649713474
755,1682649713474
756,1682649713474
757,1682649713474
758,1682649713474
759,1682649713474
760,1682649713475
761,1682649713475
762,1682649713475
763,1682649713475
764,1682649713475
765,1682649713475
766,1682649713475
767,1682649713475
768,1682649713476
769,1682649713476
770,1682649713476
771,1682649713476
772,1682649713476
773,1682649713476
774,1682649713476
775,1682649713477
776,1682649713477
777,1682649713477
778,1682649713477
779,1682649713477
780,1682649713477
781,1682649713478
782,1682649713478
783,1682649713478
784,1682649713478
785,1682649713478
786,1682649713479
787,1682649713479
788,1682649713479
789,1682649713479
790,1682649713480
791,1682649713480
792,1682649713480
793,1682649713480
794,1682649713480
795,1682649713481
796,1682649713481
797,1682649713481
798,1682649713481
799,1682649713481
800,1682649713482
801,1682649713482
802,1682649713482
803,1682649713482
804,1682649713482
805,1682649713482
806,1682649713482
807,1682649713483
808,1682649713483
809,1682649713483
810,1682649713483
811,1682649713483
812,1682649713483
813,1682649713483
814,1682649713483
815,1682649713484
816,1682649713484
817,1682649713484
818,1682649713484
819,1682649713484
820,1682649713484
821,1682649713484
822,1682649713485
823,1682649713485
824,1682649713485
825,1682649713485
826,1682649713485
827,1682649713485
828,1682649713485
829,1682649713486
830,1682649713486
831,1682649713486
832,1682649713486
833,1682649713487
834,1682649713487
835,1682649713487
836,1682649713487
837,1682649713487
838,1682649713488
839,1682649713488
840,1682649713488
841,1682649713488
842,1682649713488
843,1682649713489
844,1682649713489
845,1682649713489
846,1682649713489
847,1682649713489
848,1682649713490
849,1682649713490
850,1682649713490
851,1682649713490
852,1682649713490
853,1682649713491
854,1682649713491
855,1682649713491
856,1682649713491
857,1682649713491
858,1682649713491
859,1682649713491
860,1682649713492
861,1682649713492
862,1682649713492
863,1682649713492
864,1682649713492
865,1682649713492
866,1682649713492
867,1682649713493
868,1682649713493
869,1682649713493
870,1682649713493
871,1682649713493
872,1682649713493
873,1682649713493
874,1682649713494
875,1682649713494
876,1682649713494
877,1682649713494
878,1682649713494
879,1682649713494
880,1682649713495
881,1682649713495
882,1682649713495
883,1682649713495
884,1682649713495
885,1682649713495
886,1682649713496
887,1682649713496
888,1682649713496
889,1682649713496
890,1682649713496
891,1682649713497
892,1682649713497
893,1682649713497
894,1682649713497
895,1682649713497
896,1682649713498
897,1682649713498
898,1682649713498
899,1682649713498
900,1682649713498
901,1682649713499
902,1682649713499
903,1682649713499
904,1682649713499
905,1682649713499
906,1682649713499
907,1682649713499
908,1682649713500
909,1682649713500
910,1682649713500
911,1682649713500
912,1682649713500
913,1682649713500
914,1682649713501
915,1682649713501
916,1682649713501
917,1682649713501
918,1682649713501
919,1682649713501
920,1682649713501
921,1682649713502
922,1682649713502
923,1682649713502
924,1682649713502
925,1682649713502
926,1682649713502
927,1682649713503
928,1682649713503
929,1682649713503
930,1682649713503
931,1682649713503
932,1682649713503
933,1682649713504
934,1682649713504
935,1682649713504
936,1682649713504
937,1682649713504
938,1682649713504
939,1682649713505
940,1682649713505
941,1682649713505
942,1682649713505
943,1682649713505
944,1682649713505
945,1682649713506
946,1682649713506
947,1682649713506
948,1682649713506
949,1682649713506
950,1682649713506
951,1682649713507
952,1682649713507
953,1682649713507
954,1682649713507
955,1682649713507
956,1682649713507
957,1682649713507
958,1682649713507
959,1682649713508
960,1682649713508
961,1682649713508
962,1682649713508
963,1682649713508
964,1682649713508
965,1682649713508
966,1682649713508
967,1682649713509
968,1682649713509
969,1682649713509
970,1682649713509
971,1682649713509
972,1682649713509
973,1682649713509
974,1682649713509
975,1682649713510
976,1682649713510
977,1682649713510
978,1682649713510
979,1682649713510
980,1682649713511
981,1682649713511
982,1682649713511
983,1682649713511
984,1682649713512
985,1682649713512
986,1682649713512
987,1682649713512
988,1682649713512
989,1682649713513
990,1682649713513
991,1682649713513
992,1682649713513
993,1682649713514
994,1682649713514
995,1682649713514
996,1682649713514
997,1682649713514
998,1682649713515
999,1682649713515
1000,1682649713515
1001,1682649713515
1002,1682649713515
1003,1682649713516
1004,1682649713516
1005,1682649713516
1006,1682649713516
1007,1682649713516
1008,1682649713516
1009,1682649713517
1010,1682649713517
1011,1682649713517
1012,1682649713517
1013,1682649713517
1014,1682649713517
1015,1682649713517
1016,1682649713517
1017,1682649713518
1018,1682649713518
1019,1682649713518
1020,1682649713518
1021,1682649713518
1022,1682649713518
1023,1682649713518
1024,1682649713519
1025,1682649713519
1026,1682649713519
1027,1682649713519
1028,1682649713519
1029,1682649713519
1030,1682649713519
1031,1682649713520
1032,1682649713520
1033,1682649713520
1034,1682649713520
1035,1682649713520
1036,1682649713520
1037,1682649713520
1038,1682649713521
1039,1682649713521
1040,1682649713521
1041,1682649713521
1042,1682649713521
1043,1682649713521
1044,1682649713521
1045,1682649713522
1046,1682649713522
1047,1682649713522
1048,1682649713522
1049,1682649713522
1050,1682649713522
1051,1682649713523
1052,1682649713523
1053,1682649713523
1054,1682649713523
1055,1682649713523
1056,1682649713523
1057,1682649713523
1058,1682649713523
1059,1682649713523
1060,1682649713524
1061,1682649713524
1062,1682649713524
1063,1682649713524
1064,1682649713524
1065,1682649713524
1066,1682649713524
1067,1682649713524
1068,1682649713525
1069,1682649713525
1070,1682649713525
1071,1682649713525
1072,1682649713525
1073,1682649713525
1074,1682649713525
1075,1682649713526
1076,1682649713526
1077,1682649713526
1078,1682649713526
1079,1682649713526
1080,1682649713526
1081,1682649713526
1082,1682649713527
1083,1682649713527
1084,1682649713527
1085,1682649713527
1086,1682649713527
1087,1682649713528
1088,1682649713528
1089,1682649713528
1090,1682649713528
1091,1682649713528
1092,1682649713529
1093,1682649713529
1094,1682649713529
1095,1682649713529
1096,1682649713530
1097,1682649713530
1098,1682649713530
1099,1682649713530
1100,1682649713531
1101,1682649713531
1102,1682649713531
1103,1682649713531
1104,1682649713531
1105,1682649713531
1106,1682649713532
1107,1682649713532
1108,1682649713532
1109,1682649713532
1110,1682649713532
1111,1682649713532
1112,1682649713532
1113,1682649713533
1114,1682649713533
1115,1682649713533
1116,1682649713533
1117,1682649713533
1118,1682649713534
1119,1682649713534
1120,1682649713534
1121,1682649713534
1122,1682649713534
1123,1682649713534
1124,1682649713535
1125,1682649713535
1126,1682649713535
1127,1682649713535
1128,1682649713535
1129,1682649713535
1130,1682649713536
1131,1682649713536
1132,1682649713536
1133,1682649713536
1134,1682649713536
1135,1682649713537
1136,1682649713537
1137,1682649713537
1138,1682649713537
1139,1682649713538
1140,1682649713538
1141,1682649713538
1142,1682649713538
1143,1682649713539
1144,1682649713539
1145,1682649713539
1146,1682649713539
1147,1682649713539
1148,1682649713540
1149,1682649713540
1150,1682649713540
1151,1682649713540
1152,1682649713540
1153,1682649713541
1154,1682649713541
1155,1682649713541
1156,1682649713541
1157,1682649713541
1158,1682649713541
1159,1682649713541
1160,1682649713542
1161,1682649713542
1162,1682649713542
1163,1682649713542
1164,1682649713542
1165,1682649713542
1166,1682649713542
1167,1682649713543
1168,1682649713543
1169,1682649713543
1170,1682649713543
1171,1682649713543
1172,1682649713543
1173,1682649713544
1174,1682649713544
1175,1682649713544
1176,1682649713544
1177,1682649713544
1178,1682649713545
1179,1682649713545
1180,1682649713545
1181,1682649713545
1182,1682649713546
1183,1682649713546
1184,1682649713546
1185,1682649713546
1186,1682649713546
1187,1682649713547
1188,1682649713547
1189,1682649713547
1190,1682649713547
1191,1682649713547
1192,1682649713548
1193,1682649713548
1194,1682649713548
1195,1682649713548
1196,1682649713548
1197,1682649713548
1198,1682649713549
1199,1682649713549
1200,1682649713549
1201,1682649713549
1202,1682649713549
1203,1682649713549
1204,1682649713549
1205,1682649713550
1206,1682649713550
1207,1682649713550
1208,1682649713550
1209,1682649713550
1210,1682649713550
1211,1682649713550
1212,1682649713550
1213,1682649713550
1214,1682649713551
1215,1682649713551
1216,1682649713551
1217,1682649713551
1218,1682649713551
1219,1682649713551
1220,1682649713551
1221,1682649713552
1222,1682649713552
1223,1682649713552
1224,1682649713552
1225,1682649713552
1226,1682649713552
1227,1682649713553
1228,1682649713553
1229,1682649713553
1230,1682649713553
1231,1682649713553
1232,1682649713553
1233,1682649713554
1234,1682649713554
1235,1682649713554
1236,1682649713554
1237,1682649713554
1238,1682649713554
1239,1682649713554
1240,1682649713554
1241,1682649713555
1242,1682649713555
1243,1682649713555
1244,1682649713555
1245,1682649713555
1246,1682649713555
1247,1682649713556
1248,1682649713556
1249,1682649713556
1250,1682649713556
1251,1682649713556
1252,1682649713556
1253,1682649713556
1254,1682649713557
1255,1682649713557
1256,1682649713557
1257,1682649713557
1258,1682649713557
1259,1682649713557
1260,1682649713557
1261,1682649713557
1262,1682649713558
1263,1682649713558
1264,1682649713558
1265,1682649713558
1266,1682649713558
1267,1682649713558
1268,1682649713558
1269,1682649713559
1270,1682649713559
1271,1682649713559
1272,1682649713559
1273,1682649713559
1274,1682649713559
1275,1682649713559
1276,1682649713560
1277,1682649713560
1278,1682649713560
1279,1682649713560
1280,1682649713561
1281,1682649713561
1282,1682649713561
1283,1682649713561
1284,1682649713562
1285,1682649713562
1286,1682649713562
1287,1682649713562
1288,1682649713563
1289,1682649713563
1290,1682649713563
1291,1682649713563
1292,1682649713564
1293,1682649713564
1294,1682649713564
1295,1682649713564
1296,1682649713564
1297,1682649713565
1298,1682649713565
1299,1682649713565
1300,1682649713565
1301,1682649713565
1302,1682649713566
1303,1682649713566
1304,1682649713566
1305,1682649713566
1306,1682649713566
1307,1682649713566
1308,1682649713567
1309,1682649713567
1310,1682649713567
1311,1682649713567
1312,1682649713567
1313,1682649713567
1314,1682649713567
1315,1682649713568
1316,1682649713568
1317,1682649713568
1318,1682649713568
1319,1682649713568
1320,1682649713568
1321,1682649713569
1322,1682649713569
1323,1682649713569
1324,1682649713569
1325,1682649713569
1326,1682649713569
1327,1682649713569
1328,1682649713570
1329,1682649713570
1330,1682649713570
1331,1682649713570
1332,1682649713570
1333,1682649713570
1334,1682649713570
1335,1682649713571
1336,1682649713571
1337,1682649713571
1338,1682649713571
1339,1682649713571
1340,1682649713571
1341,1682649713571
1342,1682649713572
1343,1682649713572
1344,1682649713572
1345,1682649713572
1346,1682649713572
1347,1682649713572
1348,1682649713572
1349,1682649713573
1350,1682649713573
1351,1682649713573
1352,1682649713573
1353,1682649713573
1354,1682649713573
1355,1682649713573
1356,1682649713574
1357,1682649713574
1358,1682649713574
1359,1682649713574
1360,1682649713574
1361,1682649713574
1362,1682649713577
1363,1682649713577
1364,1682649713578
1365,1682649713578
1366,1682649713578
1367,1682649713578
1368,1682649713578
1369,1682649713578
1370,1682649713579
1371,1682649713579
1372,1682649713579
1373,1682649713579
1374,1682649713579
1375,1682649713579
1376,1682649713580
1377,1682649713580
1378,1682649713580
1379,1682649713580
1380,1682649713580
1381,1682649713581
1382,1682649713581
1383,1682649713581
1384,1682649713581
1385,1682649713581
1386,1682649713581
1387,1682649713582
1388,1682649713582
1389,1682649713582
1390,1682649713582
1391,1682649713582
1392,1682649713582
1393,1682649713583
1394,1682649713583
1395,1682649713583
1396,1682649713583
1397,1682649713583
1398,1682649713584
1399,1682649713584
1400,1682649713584
1401,1682649713584
1402,1682649713584
1403,1682649713584
1404,1682649713584
1405,1682649713584
1406,1682649713585
1407,1682649713585
1408,1682649713585
1409,1682649713585
1410,1682649713585
1411,1682649713585
1412,1682649713585
1413,1682649713585
1414,1682649713585
1415,1682649713586
1416,1682649713586
1417,1682649713586
1418,1682649713586
1419,1682649713586
1420,1682649713586
1421,1682649713586
1422,1682649713586
1423,1682649713586
1424,1682649713587
1425,1682649713587
1426,1682649713587
1427,1682649713587
1428,1682649713587
1429,1682649713587
1430,1682649713587
1431,1682649713587
1432,1682649713588
1433,1682649713588
1434,1682649713588
1435,1682649713588
1436,1682649713588
1437,1682649713588
1438,1682649713588
1439,1682649713588
1440,1682649713589
1441,1682649713589
1442,1682649713589
1443,1682649713589
1444,1682649713589
1445,1682649713589
1446,1682649713589
1447,1682649713590
1448,1682649713590
1449,1682649713590
1450,1682649713590
1451,1682649713590
1452,1682649713590
1453,1682649713590
1454,1682649713590
1455,1682649713590
1456,1682649713591
1457,1682649713591
1458,1682649713591
1459,1682649713591
1460,1682649713591
1461,1682649713591
1462,1682649713591
1463,1682649713591
1464,1682649713591
1465,1682649713592
1466,1682649713592
1467,1682649713592
1468,1682649713592
1469,1682649713592
1470,1682649713592
1471,1682649713592
1472,1682649713592
1473,1682649713592
1474,1682649713593
1475,1682649713593
1476,1682649713593
1477,1682649713593
1478,1682649713593
1479,1682649713593
1480,1682649713593
1481,1682649713593
1482,1682649713594
1483,1682649713594
1484,1682649713594
1485,1682649713594
1486,1682649713594
1487,1682649713594
1488,1682649713594
1489,1682649713595
1490,1682649713595
1491,1682649713595
1492,1682649713595
1493,1682649713595
1494,1682649713596
1495,1682649713596
1496,1682649713596
1497,1682649713596
1498,1682649713596
1499,1682649713596
1500,1682649713596
1501,1682649713596
1502,1682649713597
1503,1682649713597
1504,1682649713597
1505,1682649713597
1506,1682649713597
1507,1682649713597
1508,1682649713597
1509,1682649713597
1510,1682649713597
1511,1682649713598
1512,1682649713598
1513,1682649713598
1514,1682649713598
1515,1682649713598
1516,1682649713598
1517,1682649713598
1518,1682649713598
1519,1682649713598
1520,1682649713598
1521,1682649713599
1522,1682649713599
1523,1682649713599
1524,1682649713599
1525,1682649713599
1526,1682649713599
1527,1682649713599
1528,1682649713600
1529,1682649713600
1530,1682649713600
1531,1682649713600
1532,1682649713600
1533,1682649713600
1534,1682649713600
1535,1682649713600
1536,1682649713601
