1,1682649191430
2,1682649191435
3,1682649191438
4,1682649191440
5,1682649191442
6,1682649191446
7,1682649191447
8,1682649191449
9,1682649191450
10,1682649191451
11,1682649191645
12,1682649191646
13,1682649191647
14,1682649191647
15,1682649191648
16,1682649191649
17,1682649191649
18,1682649191650
19,1682649191650
20,1682649191651
21,1682649191651
22,1682649191652
23,1682649191653
24,1682649191654
25,1682649191654
26,1682649191747
27,1682649191748
28,1682649191749
29,1682649191749
30,1682649191750
31,1682649191751
32,1682649191751
33,1682649191752
34,1682649191753
35,1682649191753
36,1682649191754
37,1682649191754
38,1682649191875
39,1682649191875
40,1682649191876
41,1682649191876
42,1682649191876
43,1682649191877
44,1682649191877
45,1682649191877
46,1682649191878
47,1682649191878
48,1682649191879
49,1682649191879
50,1682649191880
51,1682649191880
52,1682649191880
53,1682649191881
54,1682649191881
55,1682649191881
56,1682649192027
57,1682649192028
58,1682649192028
59,1682649192029
60,1682649192029
61,1682649192029
62,1682649192030
63,1682649192030
64,1682649192031
65,1682649192031
66,1682649192032
67,1682649192032
68,1682649192032
69,1682649192033
70,1682649192033
71,1682649192034
72,1682649192034
73,1682649192035
74,1682649192035
75,1682649192035
76,1682649192036
77,1682649192036
78,1682649192037
79,1682649192037
80,1682649192037
81,1682649192038
82,1682649192038
83,1682649192039
84,1682649192040
85,1682649192040
86,1682649192040
87,1682649192041
88,1682649192042
89,1682649192043
90,1682649192043
91,1682649192043
92,1682649192044
93,1682649192044
94,1682649192045
95,1682649192045
96,1682649192045
97,1682649192046
98,1682649192234
99,1682649192235
100,1682649192236
101,1682649192237
102,1682649192238
103,1682649192241
104,1682649192243
105,1682649192244
106,1682649192245
107,1682649192245
108,1682649192246
109,1682649192247
110,1682649192248
111,1682649192248
112,1682649192249
113,1682649192251
114,1682649192251
115,1682649192252
116,1682649192252
117,1682649192253
118,1682649192254
119,1682649192257
120,1682649192259
121,1682649192260
122,1682649192262
123,1682649192263
124,1682649192263
125,1682649192264
126,1682649192265
127,1682649192265
128,1682649192266
129,1682649192266
130,1682649192267
131,1682649192268
132,1682649192269
133,1682649192269
134,1682649192270
135,1682649192271
136,1682649192271
137,1682649192411
138,1682649192412
139,1682649192413
140,1682649192415
141,1682649192415
142,1682649192416
143,1682649192417
144,1682649192418
145,1682649192420
146,1682649192427
147,1682649192431
148,1682649192431
149,1682649192432
150,1682649192432
151,1682649192433
152,1682649192434
153,1682649192434
154,1682649192435
155,1682649192435
156,1682649192435
157,1682649192436
158,1682649192436
159,1682649192437
160,1682649192438
161,1682649192442
162,1682649192443
163,1682649192445
164,1682649192446
165,1682649192447
166,1682649192447
167,1682649192448
168,1682649192449
169,1682649192450
170,1682649192450
171,1682649192451
172,1682649192451
173,1682649192451
174,1682649192452
175,1682649192453
176,1682649192453
177,1682649192454
178,1682649192454
179,1682649192455
180,1682649192461
181,1682649192462
182,1682649192462
183,1682649192463
184,1682649192463
185,1682649192464
186,1682649192465
187,1682649192466
188,1682649192895
189,1682649192896
190,1682649192896
191,1682649192897
192,1682649192898
193,1682649192898
194,1682649192899
195,1682649192900
196,1682649192901
197,1682649192901
198,1682649192903
199,1682649192904
200,1682649192906
201,1682649192908
202,1682649192908
203,1682649192910
204,1682649192911
205,1682649192912
206,1682649192913
207,1682649192914
208,1682649192915
209,1682649192915
210,1682649192916
211,1682649192917
212,1682649192918
213,1682649192918
214,1682649192919
215,1682649192920
216,1682649192921
217,1682649192922
218,1682649192923
219,1682649192925
220,1682649192927
221,1682649192928
222,1682649192929
223,1682649192929
224,1682649192930
225,1682649192930
226,1682649192931
227,1682649192933
228,1682649192934
229,1682649192935
230,1682649192936
231,1682649192937
232,1682649192938
233,1682649192942
234,1682649192943
235,1682649192944
236,1682649192945
237,1682649192946
238,1682649192947
239,1682649192947
240,1682649192948
241,1682649192949
242,1682649192950
243,1682649192950
244,1682649192951
245,1682649192951
246,1682649192952
247,1682649192953
248,1682649192954
249,1682649192955
250,1682649192959
251,1682649192961
252,1682649192962
253,1682649192964
254,1682649192964
255,1682649192965
256,1682649192967
257,1682649192968
258,1682649192969
259,1682649192970
260,1682649192970
261,1682649192971
262,1682649192972
263,1682649192975
264,1682649192976
265,1682649192977
266,1682649192977
267,1682649192978
268,1682649192979
269,1682649192980
270,1682649192982
271,1682649192983
272,1682649192984
273,1682649192985
274,1682649192986
275,1682649192986
276,1682649192987
277,1682649192988
278,1682649192992
279,1682649192993
280,1682649192993
281,1682649192994
282,1682649192994
283,1682649192995
284,1682649192996
285,1682649192997
286,1682649192998
287,1682649192999
288,1682649192999
289,1682649193000
290,1682649193000
291,1682649193001
292,1682649193002
293,1682649193003
294,1682649193003
295,1682649193004
296,1682649193004
297,1682649193005
298,1682649193006
299,1682649193007
300,1682649193008
301,1682649193010
302,1682649193011
303,1682649193012
304,1682649193012
305,1682649193013
306,1682649193014
307,1682649193014
308,1682649193015
309,1682649193015
310,1682649193016
311,1682649193016
312,1682649193017
313,1682649193017
314,1682649193017
315,1682649193018
316,1682649193018
317,1682649193019
318,1682649193019
319,1682649193020
320,1682649193020
321,1682649193021
322,1682649193021
323,1682649193023
324,1682649193024
325,1682649193026
326,1682649193026
327,1682649193027
328,1682649193028
329,1682649193028
330,1682649193029
331,1682649193029
332,1682649193030
333,1682649193030
334,1682649193030
335,1682649193031
336,1682649193031
337,1682649193032
338,1682649193032
339,1682649193033
340,1682649193033
341,1682649193034
342,1682649193034
343,1682649193035
344,1682649193035
345,1682649193036
346,1682649193036
347,1682649193036
348,1682649193037
349,1682649193162
350,1682649193163
351,1682649193163
352,1682649193163
353,1682649193163
354,1682649193164
355,1682649193164
356,1682649193164
357,1682649193164
358,1682649193164
359,1682649193165
360,1682649193165
361,1682649193165
362,1682649193165
363,1682649193165
364,1682649193166
365,1682649193408
366,1682649193408
367,1682649193408
368,1682649193409
369,1682649193409
370,1682649193409
371,1682649193409
372,1682649193410
373,1682649193410
374,1682649193411
375,1682649193411
376,1682649193411
377,1682649193412
378,1682649193412
379,1682649193412
380,1682649193412
381,1682649193413
382,1682649193413
383,1682649193413
384,1682649193413
385,1682649193414
386,1682649193414
387,1682649193414
388,1682649193415
389,1682649193415
390,1682649193415
391,1682649193415
392,1682649193415
393,1682649193415
394,1682649193416
395,1682649193416
396,1682649193416
397,1682649193416
398,1682649193416
399,1682649193417
400,1682649193417
401,1682649193417
402,1682649193418
403,1682649193418
404,1682649193418
405,1682649193418
406,1682649193419
407,1682649193419
408,1682649193419
409,1682649193420
410,1682649193420
411,1682649193420
412,1682649193420
413,1682649193421
414,1682649193421
415,1682649193421
416,1682649193422
417,1682649193423
418,1682649193423
419,1682649193424
420,1682649193424
421,1682649193425
422,1682649193425
423,1682649193425
424,1682649193426
425,1682649193426
426,1682649193426
427,1682649193427
428,1682649193427
429,1682649193427
430,1682649193428
431,1682649193428
432,1682649193428
433,1682649193429
434,1682649193429
435,1682649193429
436,1682649193430
437,1682649193430
438,1682649193430
439,1682649193430
440,1682649193431
441,1682649193431
442,1682649193431
443,1682649193432
444,1682649193432
445,1682649193432
446,1682649193433
447,1682649193433
448,1682649193433
449,1682649193433
450,1682649193434
451,1682649193434
452,1682649193434
453,1682649193435
454,1682649193438
455,1682649193444
456,1682649193444
457,1682649193445
458,1682649193445
459,1682649193448
460,1682649193450
461,1682649193450
462,1682649193451
463,1682649193452
464,1682649193452
465,1682649193453
466,1682649193453
467,1682649193454
468,1682649193454
469,1682649193459
470,1682649193460
471,1682649193461
472,1682649193462
473,1682649193462
474,1682649193463
475,1682649193464
476,1682649193465
477,1682649193465
478,1682649193466
479,1682649193466
480,1682649193466
481,1682649193471
482,1682649193479
483,1682649193480
484,1682649193480
485,1682649193481
486,1682649193481
487,1682649193481
488,1682649193482
489,1682649193485
490,1682649193489
491,1682649193489
492,1682649193490
493,1682649193490
494,1682649193491
495,1682649193491
496,1682649193492
497,1682649193492
498,1682649193493
499,1682649193493
500,1682649193493
501,1682649193494
502,1682649193494
503,1682649193494
504,1682649193495
505,1682649193495
506,1682649193495
507,1682649193496
508,1682649193496
509,1682649193496
510,1682649193496
511,1682649193497
512,1682649193497
513,1682649193498
514,1682649193498
515,1682649193499
516,1682649193499
517,1682649193499
518,1682649193500
519,1682649193500
520,1682649193500
521,1682649193695
522,1682649193695
523,1682649193695
524,1682649193695
525,1682649193696
526,1682649193696
527,1682649193696
528,1682649193696
529,1682649193696
530,1682649193697
531,1682649193697
532,1682649193697
533,1682649193697
534,1682649193698
535,1682649193698
536,1682649193698
537,1682649193698
538,1682649193698
539,1682649193699
540,1682649193699
541,1682649193699
542,1682649193700
543,1682649193700
544,1682649193700
545,1682649193700
546,1682649193701
547,1682649193701
548,1682649193701
549,1682649193701
550,1682649193701
551,1682649193702
552,1682649193702
553,1682649193702
554,1682649193702
555,1682649193702
556,1682649193702
557,1682649193703
558,1682649193703
559,1682649193703
560,1682649193703
561,1682649193703
562,1682649193703
563,1682649193703
564,1682649193704
565,1682649193704
566,1682649193704
567,1682649193704
568,1682649193705
569,1682649193705
570,1682649193705
571,1682649193705
572,1682649193706
573,1682649193706
574,1682649193706
575,1682649193706
576,1682649193707
577,1682649193707
578,1682649193707
579,1682649193707
580,1682649193708
581,1682649193708
582,1682649193708
583,1682649193709
584,1682649193709
585,1682649193709
586,1682649193709
587,1682649193710
588,1682649193710
589,1682649193710
590,1682649193711
591,1682649193711
592,1682649193711
593,1682649193711
594,1682649193711
595,1682649193712
596,1682649193712
597,1682649193712
598,1682649193713
599,1682649193713
600,1682649193713
601,1682649193713
602,1682649193713
603,1682649193713
604,1682649193714
605,1682649193714
606,1682649193714
607,1682649193714
608,1682649193714
609,1682649193714
610,1682649193715
611,1682649193715
612,1682649193715
613,1682649193715
614,1682649193715
615,1682649193715
616,1682649193716
617,1682649193716
618,1682649193716
619,1682649193716
620,1682649193716
621,1682649193716
622,1682649193716
623,1682649193717
624,1682649193717
625,1682649193717
626,1682649194030
627,1682649194030
628,1682649194030
629,1682649194030
630,1682649194030
631,1682649194031
632,1682649194031
633,1682649194031
634,1682649194031
635,1682649194031
636,1682649194031
637,1682649194031
638,1682649194032
639,1682649194032
640,1682649194032
641,1682649194032
642,1682649194032
643,1682649194032
644,1682649194032
645,1682649194033
646,1682649194033
647,1682649194033
648,1682649194033
649,1682649194033
650,1682649194033
651,1682649194033
652,1682649194034
653,1682649194034
654,1682649194034
655,1682649194034
656,1682649194034
657,1682649194034
658,1682649194034
659,1682649194035
660,1682649194035
661,1682649194035
662,1682649194035
663,1682649194035
664,1682649194035
665,1682649194035
666,1682649194035
667,1682649194036
668,1682649194036
669,1682649194036
670,1682649194036
671,1682649194036
672,1682649194037
673,1682649194037
674,1682649194037
675,1682649194037
676,1682649194037
677,1682649194037
678,1682649194038
679,1682649194038
680,1682649194038
681,1682649194038
682,1682649194038
683,1682649194038
684,1682649194039
685,1682649194039
686,1682649194039
687,1682649194039
688,1682649194039
689,1682649194040
690,1682649194040
691,1682649194040
692,1682649194041
693,1682649194041
694,1682649194041
695,1682649194041
696,1682649194041
697,1682649194042
698,1682649194042
699,1682649194042
700,1682649194042
701,1682649194043
702,1682649194043
703,1682649194043
704,1682649194043
705,1682649194043
706,1682649194043
707,1682649194043
708,1682649194044
709,1682649194044
710,1682649194044
711,1682649194044
712,1682649194044
713,1682649194044
714,1682649194044
715,1682649194045
716,1682649194045
717,1682649194045
718,1682649194045
719,1682649194045
720,1682649194045
721,1682649194045
722,1682649194046
723,1682649194046
724,1682649194046
725,1682649194046
726,1682649194046
727,1682649194046
728,1682649194047
729,1682649194047
730,1682649194047
731,1682649194047
732,1682649194047
733,1682649194047
734,1682649194047
735,1682649194048
736,1682649194048
737,1682649194048
738,1682649194048
739,1682649194048
740,1682649194048
741,1682649194048
742,1682649194049
743,1682649194049
744,1682649194049
745,1682649194049
746,1682649194049
747,1682649194049
748,1682649194049
749,1682649194049
750,1682649194050
751,1682649194050
752,1682649194310
753,1682649194310
754,1682649194311
755,1682649194311
756,1682649194311
757,1682649194311
758,1682649194311
759,1682649194311
760,1682649194311
761,1682649194311
762,1682649194314
763,1682649194314
764,1682649194314
765,1682649194314
766,1682649194314
767,1682649194314
768,1682649194315
769,1682649194315
770,1682649194315
771,1682649194315
772,1682649194315
773,1682649194315
774,1682649194315
775,1682649194315
776,1682649194316
777,1682649194316
778,1682649194316
779,1682649194316
780,1682649194316
781,1682649194316
782,1682649194317
783,1682649194317
784,1682649194317
785,1682649194317
786,1682649194317
787,1682649194317
788,1682649194317
789,1682649194317
790,1682649194318
791,1682649194318
792,1682649194318
793,1682649194318
794,1682649194318
795,1682649194318
796,1682649194318
797,1682649194319
798,1682649194319
799,1682649194319
800,1682649194319
801,1682649194319
802,1682649194319
803,1682649194319
804,1682649194319
805,1682649194320
806,1682649194320
807,1682649194320
808,1682649194320
809,1682649194320
810,1682649194320
811,1682649194320
812,1682649194320
813,1682649194320
814,1682649194321
815,1682649194321
816,1682649194321
817,1682649194321
818,1682649194321
819,1682649194321
820,1682649194321
821,1682649194321
822,1682649194322
823,1682649194322
824,1682649194322
825,1682649194322
826,1682649194322
827,1682649194323
828,1682649194323
829,1682649194323
830,1682649194324
831,1682649194324
832,1682649194324
833,1682649194324
834,1682649194325
835,1682649194325
836,1682649194325
837,1682649194325
838,1682649194326
839,1682649194326
840,1682649194326
841,1682649194326
842,1682649194327
843,1682649194327
844,1682649194327
845,1682649194327
846,1682649194328
847,1682649194328
848,1682649194328
849,1682649194329
850,1682649194329
851,1682649194329
852,1682649194329
853,1682649194329
854,1682649194483
855,1682649194483
856,1682649194484
857,1682649194484
858,1682649194484
859,1682649194484
860,1682649194484
861,1682649194484
862,1682649194484
863,1682649194485
864,1682649194485
865,1682649194485
866,1682649194485
867,1682649194485
868,1682649194485
869,1682649194486
870,1682649194486
871,1682649194486
872,1682649194486
873,1682649194486
874,1682649194486
875,1682649194486
876,1682649194487
877,1682649194487
878,1682649194487
879,1682649194487
880,1682649194487
881,1682649194487
882,1682649194488
883,1682649194488
884,1682649194488
885,1682649194488
886,1682649194488
887,1682649194489
888,1682649194489
889,1682649194489
890,1682649194489
891,1682649194489
892,1682649194490
893,1682649194490
894,1682649194490
895,1682649194490
896,1682649194490
897,1682649194490
898,1682649194491
899,1682649194491
900,1682649194491
901,1682649194491
902,1682649194491
903,1682649194491
904,1682649194492
905,1682649194492
906,1682649194492
907,1682649194492
908,1682649194492
909,1682649194492
910,1682649194492
911,1682649194636
912,1682649194637
913,1682649194637
914,1682649194637
915,1682649194637
916,1682649194637
917,1682649194638
918,1682649194638
919,1682649194639
920,1682649194640
921,1682649194641
922,1682649194641
923,1682649194641
924,1682649194642
925,1682649194642
926,1682649194642
927,1682649194642
928,1682649194643
929,1682649194643
930,1682649194643
931,1682649194643
932,1682649194644
933,1682649194644
934,1682649194644
935,1682649194644
936,1682649194644
937,1682649194645
938,1682649194645
939,1682649194645
940,1682649194645
941,1682649194645
942,1682649194646
943,1682649194646
944,1682649194646
945,1682649194646
946,1682649194646
947,1682649194647
948,1682649194647
949,1682649194647
950,1682649194647
951,1682649194648
952,1682649194648
953,1682649194648
954,1682649194648
955,1682649194648
956,1682649194648
957,1682649194649
958,1682649194649
959,1682649194649
960,1682649194649
961,1682649194649
962,1682649194650
963,1682649194650
964,1682649194650
965,1682649194650
966,1682649194650
967,1682649194792
968,1682649194793
969,1682649194793
970,1682649194793
971,1682649194793
972,1682649194793
973,1682649194794
974,1682649194794
975,1682649194794
976,1682649194794
977,1682649194794
978,1682649194794
979,1682649194794
980,1682649194795
981,1682649194795
982,1682649194795
983,1682649194795
984,1682649194795
985,1682649194795
986,1682649194796
987,1682649194796
988,1682649194796
989,1682649194796
990,1682649194796
991,1682649194796
992,1682649194797
993,1682649194797
994,1682649194797
995,1682649194797
996,1682649194797
997,1682649194798
998,1682649194798
999,1682649194798
1000,1682649194798
1001,1682649194798
1002,1682649194798
1003,1682649194799
1004,1682649194799
1005,1682649194799
1006,1682649194799
1007,1682649194799
1008,1682649194799
1009,1682649194799
1010,1682649194799
1011,1682649194800
1012,1682649194800
1013,1682649194800
1014,1682649194800
1015,1682649194800
1016,1682649194800
1017,1682649194800
1018,1682649194801
1019,1682649194801
1020,1682649194801
1021,1682649194801
1022,1682649194801
1023,1682649194801
1024,1682649194801
1025,1682649194801
1026,1682649194801
1027,1682649194802
1028,1682649194802
1029,1682649194802
1030,1682649194802
1031,1682649194802
1032,1682649194802
1033,1682649194802
1034,1682649194802
1035,1682649194802
1036,1682649194803
1037,1682649194803
1038,1682649194803
1039,1682649194803
1040,1682649194954
1041,1682649194954
1042,1682649194954
1043,1682649194955
1044,1682649194955
1045,1682649194955
1046,1682649194955
1047,1682649194956
1048,1682649194956
1049,1682649194956
1050,1682649194957
1051,1682649194957
1052,1682649194957
1053,1682649194957
1054,1682649194958
1055,1682649194958
1056,1682649194958
1057,1682649194958
1058,1682649194958
1059,1682649194959
1060,1682649194959
1061,1682649194959
1062,1682649194959
1063,1682649194959
1064,1682649194960
1065,1682649194960
1066,1682649194960
1067,1682649194960
1068,1682649194961
1069,1682649194961
1070,1682649194961
1071,1682649194961
1072,1682649194961
1073,1682649194962
1074,1682649194962
1075,1682649194962
1076,1682649194962
1077,1682649194962
1078,1682649194963
1079,1682649194963
1080,1682649194963
1081,1682649194963
1082,1682649194963
1083,1682649194964
1084,1682649194964
1085,1682649194964
1086,1682649194964
1087,1682649194964
1088,1682649194965
1089,1682649194965
1090,1682649194965
1091,1682649194965
1092,1682649194965
1093,1682649194966
1094,1682649194966
1095,1682649194966
1096,1682649194966
1097,1682649194967
1098,1682649194967
1099,1682649194967
1100,1682649194967
1101,1682649194968
1102,1682649194968
1103,1682649194968
1104,1682649194968
1105,1682649194968
1106,1682649194969
1107,1682649194969
1108,1682649194969
1109,1682649194969
1110,1682649194969
1111,1682649194969
1112,1682649194970
1113,1682649194970
1114,1682649194970
1115,1682649194970
1116,1682649194970
1117,1682649194970
1118,1682649194971
1119,1682649194971
1120,1682649194972
1121,1682649194973
1122,1682649194973
1123,1682649194973
1124,1682649194974
1125,1682649194974
1126,1682649194974
1127,1682649194974
1128,1682649194975
1129,1682649194975
1130,1682649194975
1131,1682649194975
1132,1682649194976
1133,1682649194976
1134,1682649194976
1135,1682649194976
1136,1682649194977
1137,1682649194977
1138,1682649194977
1139,1682649195397
1140,1682649195397
1141,1682649195398
1142,1682649195398
1143,1682649195398
1144,1682649195399
1145,1682649195399
1146,1682649195399
1147,1682649195400
1148,1682649195400
1149,1682649195400
1150,1682649195400
1151,1682649195401
1152,1682649195401
1153,1682649195401
1154,1682649195401
1155,1682649195402
1156,1682649195402
1157,1682649195402
1158,1682649195402
1159,1682649195403
1160,1682649195403
1161,1682649195403
1162,1682649195403
1163,1682649195404
1164,1682649195404
1165,1682649195404
1166,1682649195404
1167,1682649195406
1168,1682649195407
1169,1682649195407
1170,1682649195407
1171,1682649195408
1172,1682649195408
1173,1682649195408
1174,1682649195409
1175,1682649195409
1176,1682649195409
1177,1682649195410
1178,1682649195410
1179,1682649195410
1180,1682649195410
1181,1682649195411
1182,1682649195411
1183,1682649195411
1184,1682649195411
1185,1682649195411
1186,1682649195411
1187,1682649195412
1188,1682649195412
1189,1682649195412
1190,1682649195413
1191,1682649195413
1192,1682649195413
1193,1682649195414
1194,1682649195414
1195,1682649195414
1196,1682649195414
1197,1682649195415
1198,1682649195415
1199,1682649195415
1200,1682649195415
1201,1682649195416
1202,1682649195416
1203,1682649195416
1204,1682649195416
1205,1682649195416
1206,1682649195416
1207,1682649195417
1208,1682649195417
1209,1682649195417
1210,1682649195418
1211,1682649195418
1212,1682649195418
1213,1682649195418
1214,1682649195418
1215,1682649195419
1216,1682649195419
1217,1682649195419
1218,1682649195419
1219,1682649195419
1220,1682649195419
1221,1682649195419
1222,1682649195420
1223,1682649195420
1224,1682649195420
1225,1682649195420
1226,1682649195420
1227,1682649195420
1228,1682649195420
1229,1682649195421
1230,1682649195421
1231,1682649195422
1232,1682649195423
1233,1682649195423
1234,1682649195424
1235,1682649195424
1236,1682649195424
1237,1682649195425
1238,1682649195425
1239,1682649195425
1240,1682649195426
1241,1682649195426
1242,1682649195426
1243,1682649195427
1244,1682649195427
1245,1682649195427
1246,1682649195428
1247,1682649195428
1248,1682649195428
1249,1682649195428
1250,1682649195429
1251,1682649195429
1252,1682649195429
1253,1682649195429
1254,1682649195429
1255,1682649195430
1256,1682649195430
1257,1682649195430
1258,1682649195430
1259,1682649195430
1260,1682649195431
1261,1682649195431
1262,1682649195431
1263,1682649195432
1264,1682649195432
1265,1682649195433
1266,1682649195433
1267,1682649195433
1268,1682649195433
1269,1682649195434
1270,1682649195434
1271,1682649195435
1272,1682649195435
1273,1682649195435
1274,1682649195732
1275,1682649195732
1276,1682649195732
1277,1682649195733
1278,1682649195733
1279,1682649195733
1280,1682649195733
1281,1682649195734
1282,1682649195734
1283,1682649195734
1284,1682649195734
1285,1682649195735
1286,1682649195735
1287,1682649195735
1288,1682649195736
1289,1682649195736
1290,1682649195736
1291,1682649195737
1292,1682649195737
1293,1682649195741
1294,1682649195742
1295,1682649195743
1296,1682649195744
1297,1682649195744
1298,1682649195744
1299,1682649195745
1300,1682649195745
1301,1682649195745
1302,1682649195745
1303,1682649195746
1304,1682649195746
1305,1682649195746
1306,1682649195746
1307,1682649195747
1308,1682649195747
1309,1682649195747
1310,1682649195748
1311,1682649195748
1312,1682649195748
1313,1682649195748
1314,1682649195749
1315,1682649195749
1316,1682649195749
1317,1682649195749
1318,1682649195750
1319,1682649195750
1320,1682649195750
1321,1682649195750
1322,1682649195751
1323,1682649195751
1324,1682649195751
1325,1682649195751
1326,1682649195752
1327,1682649195752
1328,1682649195752
1329,1682649195753
1330,1682649195753
1331,1682649195753
1332,1682649195754
1333,1682649195754
1334,1682649195754
1335,1682649195755
1336,1682649195756
1337,1682649195756
1338,1682649195757
1339,1682649195757
1340,1682649195758
1341,1682649195758
1342,1682649195758
1343,1682649195759
1344,1682649195759
1345,1682649195760
1346,1682649195760
1347,1682649195761
1348,1682649195761
1349,1682649195761
1350,1682649195762
1351,1682649195762
1352,1682649195762
1353,1682649195762
1354,1682649195762
1355,1682649195763
1356,1682649195763
1357,1682649195763
1358,1682649195763
1359,1682649195764
1360,1682649195764
1361,1682649195764
1362,1682649195764
1363,1682649195765
1364,1682649195765
1365,1682649195765
1366,1682649195766
1367,1682649195766
1368,1682649195766
1369,1682649195766
1370,1682649195767
1371,1682649195767
1372,1682649195767
1373,1682649195767
1374,1682649195768
1375,1682649195768
1376,1682649195768
1377,1682649195768
1378,1682649195768
1379,1682649195768
1380,1682649195769
1381,1682649195769
1382,1682649195769
1383,1682649195769
1384,1682649195769
1385,1682649195770
1386,1682649195770
1387,1682649195770
1388,1682649195771
1389,1682649195774
1390,1682649195774
1391,1682649195774
1392,1682649195775
1393,1682649195775
1394,1682649195775
1395,1682649195776
1396,1682649195776
1397,1682649195776
1398,1682649195776
1399,1682649195777
1400,1682649195777
1401,1682649195777
1402,1682649195778
1403,1682649195778
1404,1682649195778
1405,1682649195778
1406,1682649196017
1407,1682649196017
1408,1682649196018
1409,1682649196018
1410,1682649196018
1411,1682649196018
1412,1682649196018
1413,1682649196019
1414,1682649196019
1415,1682649196019
1416,1682649196019
1417,1682649196019
1418,1682649196019
1419,1682649196020
1420,1682649196020
1421,1682649196020
1422,1682649196020
1423,1682649196020
1424,1682649196020
1425,1682649196020
1426,1682649196021
1427,1682649196021
1428,1682649196021
1429,1682649196022
1430,1682649196022
1431,1682649196022
1432,1682649196022
1433,1682649196023
1434,1682649196023
1435,1682649196023
1436,1682649196023
1437,1682649196023
1438,1682649196024
1439,1682649196024
1440,1682649196024
1441,1682649196024
1442,1682649196024
1443,1682649196024
1444,1682649196025
1445,1682649196025
1446,1682649196025
1447,1682649196025
1448,1682649196026
1449,1682649196026
1450,1682649196026
1451,1682649196026
1452,1682649196026
1453,1682649196026
1454,1682649196026
1455,1682649196026
1456,1682649196027
1457,1682649196027
1458,1682649196027
1459,1682649196027
1460,1682649196027
1461,1682649196027
1462,1682649196027
1463,1682649196027
1464,1682649196028
1465,1682649196028
1466,1682649196028
1467,1682649196028
1468,1682649196028
1469,1682649196028
1470,1682649196032
1471,1682649196032
1472,1682649196032
1473,1682649196033
1474,1682649196033
1475,1682649196033
1476,1682649196033
1477,1682649196033
1478,1682649196033
1479,1682649196033
1480,1682649196034
1481,1682649196034
1482,1682649196034
1483,1682649196034
1484,1682649196034
1485,1682649196034
1486,1682649196035
1487,1682649196035
1488,1682649196035
1489,1682649196035
1490,1682649196035
1491,1682649196036
1492,1682649196036
1493,1682649196036
1494,1682649196037
1495,1682649196037
1496,1682649196037
1497,1682649196039
1498,1682649196039
1499,1682649196040
1500,1682649196040
1501,1682649196040
1502,1682649196041
1503,1682649196041
1504,1682649196041
1505,1682649196041
1506,1682649196041
1507,1682649196042
1508,1682649196042
1509,1682649196042
1510,1682649196042
1511,1682649196043
1512,1682649196043
1513,1682649196043
1514,1682649196044
1515,1682649196044
1516,1682649196044
1517,1682649196044
1518,1682649196044
1519,1682649196045
1520,1682649196045
1521,1682649196045
1522,1682649196045
1523,1682649196046
1524,1682649196046
1525,1682649196046
1526,1682649196047
1527,1682649196047
1528,1682649196047
1529,1682649196047
1530,1682649196048
1531,1682649196048
1532,1682649196048
1533,1682649196048
1534,1682649196048
1535,1682649196049
1536,1682649196049
1537,1682649196049
1538,1682649196049
1539,1682649196050
1540,1682649196369
1541,1682649196369
1542,1682649196369
1543,1682649196369
1544,1682649196370
1545,1682649196370
1546,1682649196370
1547,1682649196370
1548,1682649196371
1549,1682649196372
1550,1682649196372
1551,1682649196372
1552,1682649196373
1553,1682649196373
1554,1682649196373
1555,1682649196374
1556,1682649196374
1557,1682649196374
1558,1682649196374
1559,1682649196374
1560,1682649196375
1561,1682649196375
1562,1682649196375
1563,1682649196375
1564,1682649196375
1565,1682649196376
1566,1682649196376
1567,1682649196376
1568,1682649196376
1569,1682649196376
1570,1682649196377
1571,1682649196377
1572,1682649196377
1573,1682649196377
1574,1682649196377
1575,1682649196378
1576,1682649196378
1577,1682649196378
1578,1682649196378
1579,1682649196378
1580,1682649196379
1581,1682649196379
1582,1682649196379
1583,1682649196379
1584,1682649196379
1585,1682649196380
1586,1682649196380
1587,1682649196380
1588,1682649196380
1589,1682649196380
1590,1682649196381
1591,1682649196381
1592,1682649196381
1593,1682649196381
1594,1682649196381
1595,1682649196382
1596,1682649196382
1597,1682649196382
1598,1682649196382
1599,1682649196383
1600,1682649196383
1601,1682649196383
1602,1682649196383
1603,1682649196383
1604,1682649196384
1605,1682649196384
1606,1682649196384
1607,1682649196384
1608,1682649196384
1609,1682649196385
1610,1682649196385
1611,1682649196385
1612,1682649196385
1613,1682649196385
1614,1682649196385
1615,1682649196386
1616,1682649196386
1617,1682649196386
1618,1682649196386
1619,1682649196386
1620,1682649196387
1621,1682649196387
1622,1682649196387
1623,1682649196387
1624,1682649196388
1625,1682649196389
1626,1682649196389
1627,1682649196390
1628,1682649196391
1629,1682649196391
1630,1682649196391
1631,1682649196392
1632,1682649196392
1633,1682649196392
1634,1682649196392
1635,1682649196393
1636,1682649196393
1637,1682649196393
1638,1682649196394
1639,1682649196394
1640,1682649196394
1641,1682649196394
1642,1682649196395
1643,1682649196395
1644,1682649196395
1645,1682649196396
1646,1682649196396
1647,1682649196397
1648,1682649196397
1649,1682649196398
1650,1682649196398
1651,1682649196398
1652,1682649196399
1653,1682649196399
1654,1682649196399
1655,1682649196399
1656,1682649196400
1657,1682649196400
1658,1682649196400
1659,1682649196400
1660,1682649196401
1661,1682649196401
1662,1682649196401
1663,1682649196401
1664,1682649196401
1665,1682649196402
1666,1682649196402
1667,1682649196402
1668,1682649196402
1669,1682649196403
1670,1682649196403
1671,1682649196403
1672,1682649196403
1673,1682649196403
1674,1682649196404
1675,1682649196404
1676,1682649196405
1677,1682649196407
1678,1682649196407
1679,1682649196407
1680,1682649196408
1681,1682649196408
1682,1682649196408
1683,1682649196408
1684,1682649196409
1685,1682649196409
1686,1682649196409
1687,1682649196409
1688,1682649196409
1689,1682649196410
1690,1682649196410
1691,1682649196410
1692,1682649196410
1693,1682649196411
1694,1682649196411
1695,1682649196411
1696,1682649196411
1697,1682649196412
1698,1682649196412
1699,1682649196412
1700,1682649196412
1701,1682649196412
1702,1682649196413
1703,1682649196413
1704,1682649196413
1705,1682649196413
1706,1682649196413
1707,1682649196413
1708,1682649196413
1709,1682649196414
1710,1682649196414
1711,1682649196414
1712,1682649196414
1713,1682649196414
1714,1682649196414
1715,1682649196415
1716,1682649196415
1717,1682649196718
1718,1682649196718
1719,1682649196718
1720,1682649196719
1721,1682649196719
1722,1682649196719
1723,1682649196719
1724,1682649196719
1725,1682649196720
1726,1682649196720
1727,1682649196720
1728,1682649196723
1729,1682649196723
1730,1682649196724
1731,1682649196724
1732,1682649196724
1733,1682649196725
1734,1682649196725
1735,1682649196725
1736,1682649196726
1737,1682649196726
1738,1682649196726
1739,1682649196726
1740,1682649196727
1741,1682649196727
1742,1682649196727
1743,1682649196727
1744,1682649196727
1745,1682649196728
1746,1682649196728
1747,1682649196728
1748,1682649196728
1749,1682649196729
1750,1682649196729
1751,1682649196729
1752,1682649196729
1753,1682649196729
1754,1682649196729
1755,1682649196730
1756,1682649196730
1757,1682649196730
1758,1682649196730
1759,1682649196730
1760,1682649196730
1761,1682649196731
1762,1682649196731
1763,1682649196731
1764,1682649196731
1765,1682649196731
1766,1682649196731
1767,1682649196732
1768,1682649196732
1769,1682649196732
1770,1682649196732
1771,1682649196732
1772,1682649196732
1773,1682649196733
1774,1682649196733
1775,1682649196733
1776,1682649196733
1777,1682649196733
1778,1682649196734
1779,1682649196734
1780,1682649196734
1781,1682649196734
1782,1682649196734
1783,1682649196734
1784,1682649196735
1785,1682649196735
1786,1682649196735
1787,1682649196735
1788,1682649196735
1789,1682649196736
1790,1682649196736
1791,1682649196736
1792,1682649196736
1793,1682649196737
1794,1682649196737
1795,1682649196737
1796,1682649196738
1797,1682649196738
1798,1682649196739
1799,1682649196739
1800,1682649196739
1801,1682649196740
1802,1682649196740
1803,1682649196740
1804,1682649196741
1805,1682649196741
1806,1682649196741
1807,1682649196741
1808,1682649196741
1809,1682649196742
1810,1682649196742
1811,1682649196742
1812,1682649196742
1813,1682649196743
1814,1682649196743
1815,1682649196743
1816,1682649196743
1817,1682649196743
1818,1682649196744
1819,1682649196744
1820,1682649196744
1821,1682649196744
1822,1682649196745
1823,1682649196745
1824,1682649196745
1825,1682649196746
1826,1682649196746
1827,1682649196746
1828,1682649196746
1829,1682649196746
1830,1682649196747
1831,1682649196747
1832,1682649196747
1833,1682649196747
1834,1682649196748
1835,1682649196748
1836,1682649196748
1837,1682649196748
1838,1682649196748
1839,1682649196749
1840,1682649196749
1841,1682649196749
1842,1682649196749
1843,1682649196750
1844,1682649196750
1845,1682649196750
1846,1682649196750
1847,1682649196750
1848,1682649196751
1849,1682649196751
1850,1682649196751
1851,1682649196751
1852,1682649196752
1853,1682649196752
1854,1682649196752
1855,1682649196752
1856,1682649196752
1857,1682649196753
1858,1682649196753
1859,1682649196753
1860,1682649196753
1861,1682649196753
1862,1682649196754
1863,1682649196754
1864,1682649196755
1865,1682649196755
1866,1682649196755
1867,1682649196756
1868,1682649196756
1869,1682649196756
1870,1682649196759
1871,1682649196760
1872,1682649196760
1873,1682649196761
1874,1682649196761
1875,1682649196761
1876,1682649196761
1877,1682649196762
1878,1682649196762
1879,1682649196762
1880,1682649196762
1881,1682649196763
1882,1682649196763
1883,1682649196763
1884,1682649196763
1885,1682649196764
1886,1682649196764
1887,1682649196764
1888,1682649196764
1889,1682649196765
1890,1682649196765
1891,1682649196765
1892,1682649196765
1893,1682649196765
1894,1682649196766
1895,1682649196766
1896,1682649196766
1897,1682649196767
1898,1682649196767
1899,1682649196767
1900,1682649196767
1901,1682649196768
1902,1682649196768
1903,1682649196768
1904,1682649196768
1905,1682649196768
1906,1682649196768
1907,1682649196769
1908,1682649196769
1909,1682649196769
1910,1682649196769
1911,1682649196770
1912,1682649196770
1913,1682649196770
1914,1682649196770
1915,1682649196770
1916,1682649196770
1917,1682649196771
1918,1682649196771
1919,1682649196771
1920,1682649196771
1921,1682649196772
1922,1682649196772
1923,1682649196780
1924,1682649196780
1925,1682649196780
1926,1682649196781
1927,1682649196781
1928,1682649196781
1929,1682649196781
1930,1682649196782
1931,1682649196782
1932,1682649196782
1933,1682649196782
1934,1682649196782
1935,1682649196783
1936,1682649196783
1937,1682649196783
1938,1682649196783
1939,1682649196783
1940,1682649196784
1941,1682649196784
1942,1682649196784
1943,1682649196784
1944,1682649196784
1945,1682649196785
1946,1682649196785
1947,1682649196785
1948,1682649196785
1949,1682649196785
1950,1682649196786
1951,1682649196786
1952,1682649196786
1953,1682649196786
1954,1682649196787
1955,1682649196787
1956,1682649196787
1957,1682649196788
1958,1682649196788
1959,1682649196788
1960,1682649196789
1961,1682649196789
1962,1682649196789
1963,1682649196790
1964,1682649196790
1965,1682649196790
1966,1682649196790
1967,1682649196790
1968,1682649196791
1969,1682649196791
1970,1682649196791
1971,1682649196791
1972,1682649196792
1973,1682649196792
1974,1682649196792
1975,1682649196793
1976,1682649196793
1977,1682649196793
1978,1682649196793
1979,1682649196793
1980,1682649196794
1981,1682649196794
1982,1682649196794
1983,1682649196794
1984,1682649196794
1985,1682649196795
1986,1682649196795
1987,1682649196795
1988,1682649196795
1989,1682649196795
1990,1682649196796
1991,1682649196796
1992,1682649196796
1993,1682649196796
1994,1682649196797
1995,1682649196797
1996,1682649196797
1997,1682649196797
1998,1682649196797
1999,1682649196798
2000,1682649196798
2001,1682649196798
2002,1682649196798
2003,1682649196798
2004,1682649196799
2005,1682649196799
2006,1682649196799
2007,1682649196799
2008,1682649196799
2009,1682649196800
2010,1682649196800
2011,1682649196800
2012,1682649196800
2013,1682649196800
2014,1682649196800
2015,1682649196800
2016,1682649196801
2017,1682649196801
2018,1682649196801
2019,1682649196801
2020,1682649196801
2021,1682649196802
2022,1682649196802
2023,1682649196802
2024,1682649196802
2025,1682649196802
2026,1682649196803
2027,1682649196803
2028,1682649196803
2029,1682649196803
2030,1682649196803
2031,1682649196803
2032,1682649196804
2033,1682649196804
2034,1682649196804
2035,1682649196804
2036,1682649196805
2037,1682649196805
2038,1682649196805
2039,1682649196805
2040,1682649196806
2041,1682649196806
2042,1682649196806
2043,1682649196807
2044,1682649196807
2045,1682649196807
2046,1682649196808
2047,1682649196808
2048,1682649196808
