1,1682649708462
2,1682649708477
3,1682649708480
4,1682649708481
5,1682649708483
6,1682649708484
7,1682649708486
8,1682649708487
9,1682649708491
10,1682649708493
11,1682649708515
12,1682649708517
13,1682649708519
14,1682649708520
15,1682649708521
16,1682649708522
17,1682649708524
18,1682649708775
19,1682649708776
20,1682649708776
21,1682649708777
22,1682649708778
23,1682649708779
24,1682649708780
25,1682649708781
26,1682649708782
27,1682649708783
28,1682649708784
29,1682649708784
30,1682649708785
31,1682649709019
32,1682649709021
33,1682649709021
34,1682649709022
35,1682649709024
36,1682649709025
37,1682649709026
38,1682649709027
39,1682649709030
40,1682649709032
41,1682649709033
42,1682649709033
43,1682649709034
44,1682649709034
45,1682649709034
46,1682649709035
47,1682649709035
48,1682649709035
49,1682649709036
50,1682649709036
51,1682649709037
52,1682649709037
53,1682649709038
54,1682649709038
55,1682649709038
56,1682649709039
57,1682649709039
58,1682649709039
59,1682649709040
60,1682649709040
61,1682649709041
62,1682649709042
63,1682649709042
64,1682649709043
65,1682649709043
66,1682649709319
67,1682649709320
68,1682649709320
69,1682649709321
70,1682649709321
71,1682649709322
72,1682649709322
73,1682649709323
74,1682649709324
75,1682649709324
76,1682649709325
77,1682649709326
78,1682649709327
79,1682649709327
80,1682649709330
81,1682649709332
82,1682649709333
83,1682649709334
84,1682649709335
85,1682649709336
86,1682649709337
87,1682649709338
88,1682649709339
89,1682649709340
90,1682649709341
91,1682649709342
92,1682649709342
93,1682649709343
94,1682649709344
95,1682649709347
96,1682649709349
97,1682649709351
98,1682649709351
99,1682649709352
100,1682649709352
101,1682649709353
102,1682649709353
103,1682649709353
104,1682649709354
105,1682649709354
106,1682649709355
107,1682649709355
108,1682649709357
109,1682649709357
110,1682649709358
111,1682649709358
112,1682649709359
113,1682649709359
114,1682649709360
115,1682649709360
116,1682649709362
117,1682649709363
118,1682649709366
119,1682649709368
120,1682649709370
121,1682649709371
122,1682649709373
123,1682649709374
124,1682649709375
125,1682649709375
126,1682649709376
127,1682649709386
128,1682649709387
129,1682649709387
130,1682649709388
131,1682649709388
132,1682649709389
133,1682649709390
134,1682649709403
135,1682649709410
136,1682649709416
137,1682649709418
138,1682649709421
139,1682649709422
140,1682649709424
141,1682649709424
142,1682649709425
143,1682649709426
144,1682649709427
145,1682649709767
146,1682649709768
147,1682649709769
148,1682649709770
149,1682649709770
150,1682649709770
151,1682649709771
152,1682649709771
153,1682649709771
154,1682649709772
155,1682649709772
156,1682649709772
157,1682649709772
158,1682649709773
159,1682649709773
160,1682649709773
161,1682649709774
162,1682649709774
163,1682649709774
164,1682649709774
165,1682649709775
166,1682649709775
167,1682649709775
168,1682649709776
169,1682649709776
170,1682649709777
171,1682649709777
172,1682649709779
173,1682649709781
174,1682649709783
175,1682649709785
176,1682649709786
177,1682649709787
178,1682649709789
179,1682649709790
180,1682649709790
181,1682649709791
182,1682649709792
183,1682649709793
184,1682649709793
185,1682649709795
186,1682649709796
187,1682649709796
188,1682649709797
189,1682649709797
190,1682649709798
191,1682649709798
192,1682649709799
193,1682649709799
194,1682649709799
195,1682649709800
196,1682649709800
197,1682649709800
198,1682649709801
199,1682649709801
200,1682649709802
201,1682649709802
202,1682649709802
203,1682649709803
204,1682649709803
205,1682649709803
206,1682649709804
207,1682649709804
208,1682649709804
209,1682649709805
210,1682649709805
211,1682649709805
212,1682649709805
213,1682649709806
214,1682649709806
215,1682649709807
216,1682649709808
217,1682649709809
218,1682649709810
219,1682649709810
220,1682649709811
221,1682649709812
222,1682649709813
223,1682649709814
224,1682649709815
225,1682649709815
226,1682649709815
227,1682649709816
228,1682649709816
229,1682649709817
230,1682649709817
231,1682649709817
232,1682649709818
233,1682649709818
234,1682649709819
235,1682649709819
236,1682649709820
237,1682649709820
238,1682649709820
239,1682649709821
240,1682649709822
241,1682649709822
242,1682649709823
243,1682649709823
244,1682649709824
245,1682649709824
246,1682649709825
247,1682649709825
248,1682649709825
249,1682649709826
250,1682649709826
251,1682649709827
252,1682649709827
253,1682649709827
254,1682649709832
255,1682649709832
256,1682649709833
257,1682649709833
258,1682649709833
259,1682649709833
260,1682649709834
261,1682649709835
262,1682649709835
263,1682649709835
264,1682649709835
265,1682649709836
266,1682649709836
267,1682649709836
268,1682649709836
269,1682649709837
270,1682649710076
271,1682649710077
272,1682649710081
273,1682649710083
274,1682649710084
275,1682649710084
276,1682649710085
277,1682649710086
278,1682649710086
279,1682649710087
280,1682649710088
281,1682649710088
282,1682649710089
283,1682649710090
284,1682649710090
285,1682649710091
286,1682649710092
287,1682649710092
288,1682649710093
289,1682649710093
290,1682649710094
291,1682649710096
292,1682649710097
293,1682649710098
294,1682649710099
295,1682649710100
296,1682649710102
297,1682649710104
298,1682649710105
299,1682649710105
300,1682649710107
301,1682649710110
302,1682649710115
303,1682649710115
304,1682649710118
305,1682649710124
306,1682649710125
307,1682649710127
308,1682649710132
309,1682649710133
310,1682649710134
311,1682649710134
312,1682649710135
313,1682649710136
314,1682649710136
315,1682649710137
316,1682649710137
317,1682649710138
318,1682649710138
319,1682649710139
320,1682649710139
321,1682649710140
322,1682649710140
323,1682649710141
324,1682649710142
325,1682649710142
326,1682649710142
327,1682649710143
328,1682649710144
329,1682649710148
330,1682649710150
331,1682649710152
332,1682649710153
333,1682649710154
334,1682649710155
335,1682649710155
336,1682649710156
337,1682649710157
338,1682649710157
339,1682649710158
340,1682649710158
341,1682649710409
342,1682649710410
343,1682649710410
344,1682649710410
345,1682649710410
346,1682649710410
347,1682649710411
348,1682649710411
349,1682649710411
350,1682649710411
351,1682649710412
352,1682649710412
353,1682649710412
354,1682649710412
355,1682649710412
356,1682649710413
357,1682649710413
358,1682649710413
359,1682649710414
360,1682649710414
361,1682649710414
362,1682649710414
363,1682649710415
364,1682649710415
365,1682649710415
366,1682649710415
367,1682649710416
368,1682649710416
369,1682649710416
370,1682649710416
371,1682649710417
372,1682649710417
373,1682649710417
374,1682649710417
375,1682649710418
376,1682649710418
377,1682649710418
378,1682649710418
379,1682649710419
380,1682649710419
381,1682649710419
382,1682649710419
383,1682649710420
384,1682649710420
385,1682649710420
386,1682649710420
387,1682649710421
388,1682649710421
389,1682649710421
390,1682649710421
391,1682649710421
392,1682649710422
393,1682649710422
394,1682649710422
395,1682649710422
396,1682649710422
397,1682649710423
398,1682649710423
399,1682649710423
400,1682649710423
401,1682649710424
402,1682649710424
403,1682649710424
404,1682649710424
405,1682649710424
406,1682649710425
407,1682649710425
408,1682649710425
409,1682649710425
410,1682649710426
411,1682649710426
412,1682649710426
413,1682649710426
414,1682649710427
415,1682649710427
416,1682649710427
417,1682649710427
418,1682649710428
419,1682649710428
420,1682649710428
421,1682649710428
422,1682649710429
423,1682649710429
424,1682649710429
425,1682649710429
426,1682649710430
427,1682649710430
428,1682649710430
429,1682649710430
430,1682649710431
431,1682649710431
432,1682649710431
433,1682649710431
434,1682649710432
435,1682649710432
436,1682649710432
437,1682649710432
438,1682649710433
439,1682649710433
440,1682649710433
441,1682649710434
442,1682649710434
443,1682649710434
444,1682649710434
445,1682649710435
446,1682649710435
447,1682649710435
448,1682649710435
449,1682649710436
450,1682649710436
451,1682649710436
452,1682649710436
453,1682649710437
454,1682649710437
455,1682649710437
456,1682649710437
457,1682649710437
458,1682649710437
459,1682649710438
460,1682649710438
461,1682649710438
462,1682649710438
463,1682649710439
464,1682649710439
465,1682649710439
466,1682649710439
467,1682649710439
468,1682649710440
469,1682649710440
470,1682649710440
471,1682649710440
472,1682649710441
473,1682649710441
474,1682649710441
475,1682649710441
476,1682649710442
477,1682649710442
478,1682649710442
479,1682649710442
480,1682649710716
481,1682649710716
482,1682649710716
483,1682649710717
484,1682649710717
485,1682649710717
486,1682649710717
487,1682649710717
488,1682649710717
489,1682649710718
490,1682649710718
491,1682649710718
492,1682649710718
493,1682649710718
494,1682649710719
495,1682649710719
496,1682649710719
497,1682649710719
498,1682649710719
499,1682649710719
500,1682649710720
501,1682649710720
502,1682649710720
503,1682649710720
504,1682649710720
505,1682649710721
506,1682649710721
507,1682649710721
508,1682649710721
509,1682649710721
510,1682649710722
511,1682649710722
512,1682649710722
513,1682649710722
514,1682649710722
515,1682649710723
516,1682649710723
517,1682649710723
518,1682649710723
519,1682649710723
520,1682649710724
521,1682649710724
522,1682649710724
523,1682649710724
524,1682649710724
525,1682649710725
526,1682649710725
527,1682649710725
528,1682649710725
529,1682649710725
530,1682649710725
531,1682649710726
532,1682649710726
533,1682649710726
534,1682649710726
535,1682649710727
536,1682649710727
537,1682649710727
538,1682649710727
539,1682649710727
540,1682649710728
541,1682649710728
542,1682649710728
543,1682649710729
544,1682649710729
545,1682649710729
546,1682649710729
547,1682649710729
548,1682649710729
549,1682649710730
550,1682649710730
551,1682649710730
552,1682649710730
553,1682649710730
554,1682649710730
555,1682649710731
556,1682649710731
557,1682649710731
558,1682649710731
559,1682649710732
560,1682649710732
561,1682649710732
562,1682649710733
563,1682649710734
564,1682649710734
565,1682649710734
566,1682649710734
567,1682649710734
568,1682649710735
569,1682649710735
570,1682649710735
571,1682649710735
572,1682649710736
573,1682649710736
574,1682649710736
575,1682649710736
576,1682649710737
577,1682649710737
578,1682649710737
579,1682649710737
580,1682649710737
581,1682649710738
582,1682649710738
583,1682649710738
584,1682649710738
585,1682649710738
586,1682649710739
587,1682649710739
588,1682649710739
589,1682649710739
590,1682649710739
591,1682649710740
592,1682649710740
593,1682649710740
594,1682649710740
595,1682649710740
596,1682649710741
597,1682649710741
598,1682649710741
599,1682649710741
600,1682649710741
601,1682649710742
602,1682649710742
603,1682649710742
604,1682649710742
605,1682649710742
606,1682649710743
607,1682649710743
608,1682649710743
609,1682649710743
610,1682649710743
611,1682649710743
612,1682649710743
613,1682649710744
614,1682649710744
615,1682649710744
616,1682649710744
617,1682649710744
618,1682649710745
619,1682649710745
620,1682649711143
621,1682649711144
622,1682649711144
623,1682649711144
624,1682649711144
625,1682649711144
626,1682649711145
627,1682649711145
628,1682649711145
629,1682649711145
630,1682649711145
631,1682649711146
632,1682649711146
633,1682649711146
634,1682649711146
635,1682649711146
636,1682649711147
637,1682649711147
638,1682649711147
639,1682649711147
640,1682649711147
641,1682649711147
642,1682649711148
643,1682649711148
644,1682649711148
645,1682649711148
646,1682649711148
647,1682649711149
648,1682649711149
649,1682649711149
650,1682649711149
651,1682649711149
652,1682649711149
653,1682649711150
654,1682649711150
655,1682649711150
656,1682649711150
657,1682649711150
658,1682649711150
659,1682649711150
660,1682649711151
661,1682649711151
662,1682649711151
663,1682649711151
664,1682649711151
665,1682649711151
666,1682649711151
667,1682649711152
668,1682649711152
669,1682649711152
670,1682649711152
671,1682649711152
672,1682649711152
673,1682649711152
674,1682649711152
675,1682649711152
676,1682649711153
677,1682649711153
678,1682649711153
679,1682649711153
680,1682649711153
681,1682649711153
682,1682649711153
683,1682649711154
684,1682649711154
685,1682649711154
686,1682649711154
687,1682649711154
688,1682649711154
689,1682649711155
690,1682649711155
691,1682649711155
692,1682649711155
693,1682649711155
694,1682649711155
695,1682649711156
696,1682649711156
697,1682649711156
698,1682649711156
699,1682649711156
700,1682649711156
701,1682649711156
702,1682649711157
703,1682649711157
704,1682649711157
705,1682649711157
706,1682649711157
707,1682649711157
708,1682649711157
709,1682649711157
710,1682649711157
711,1682649711157
712,1682649711158
713,1682649711158
714,1682649711158
715,1682649711158
716,1682649711158
717,1682649711158
718,1682649711158
719,1682649711158
720,1682649711158
721,1682649711159
722,1682649711159
723,1682649711159
724,1682649711159
725,1682649711159
726,1682649711159
727,1682649711160
728,1682649711160
729,1682649711160
730,1682649711160
731,1682649711160
732,1682649711160
733,1682649711161
734,1682649711161
735,1682649711161
736,1682649711161
737,1682649711161
738,1682649711161
739,1682649711162
740,1682649711162
741,1682649711162
742,1682649711162
743,1682649711162
744,1682649711162
745,1682649711163
746,1682649711163
747,1682649711163
748,1682649711163
749,1682649711163
750,1682649711164
751,1682649711164
752,1682649711164
753,1682649711164
754,1682649711164
755,1682649711164
756,1682649711164
757,1682649711164
758,1682649711165
759,1682649711165
760,1682649711165
761,1682649711165
762,1682649711165
763,1682649711165
764,1682649711166
765,1682649711166
766,1682649711166
767,1682649711166
768,1682649711166
769,1682649711166
770,1682649711166
771,1682649711167
772,1682649711167
773,1682649711167
774,1682649711167
775,1682649711167
776,1682649711167
777,1682649711167
778,1682649711167
779,1682649711168
780,1682649711168
781,1682649711168
782,1682649711168
783,1682649711168
784,1682649711168
785,1682649711168
786,1682649711168
787,1682649711169
788,1682649711169
789,1682649711169
790,1682649711169
791,1682649711169
792,1682649711169
793,1682649711169
794,1682649711170
795,1682649711170
796,1682649711170
797,1682649711170
798,1682649711170
799,1682649711170
800,1682649711170
801,1682649711171
802,1682649711171
803,1682649711171
804,1682649711171
805,1682649711171
806,1682649711171
807,1682649711171
808,1682649711171
809,1682649711171
810,1682649711172
811,1682649711172
812,1682649711172
813,1682649711172
814,1682649711172
815,1682649711172
816,1682649711172
817,1682649711172
818,1682649711173
819,1682649711173
820,1682649711173
821,1682649711173
822,1682649711173
823,1682649711173
824,1682649711173
825,1682649711173
826,1682649711173
827,1682649711174
828,1682649711174
829,1682649711174
830,1682649711174
831,1682649711396
832,1682649711396
833,1682649711396
834,1682649711397
835,1682649711397
836,1682649711397
837,1682649711397
838,1682649711397
839,1682649711398
840,1682649711398
841,1682649711398
842,1682649711398
843,1682649711398
844,1682649711399
845,1682649711399
846,1682649711399
847,1682649711399
848,1682649711399
849,1682649711400
850,1682649711400
851,1682649711400
852,1682649711400
853,1682649711400
854,1682649711400
855,1682649711401
856,1682649711401
857,1682649711401
858,1682649711401
859,1682649711401
860,1682649711401
861,1682649711401
862,1682649711402
863,1682649711402
864,1682649711402
865,1682649711402
866,1682649711402
867,1682649711402
868,1682649711403
869,1682649711403
870,1682649711403
871,1682649711403
872,1682649711403
873,1682649711403
874,1682649711403
875,1682649711403
876,1682649711403
877,1682649711403
878,1682649711404
879,1682649711404
880,1682649711404
881,1682649711404
882,1682649711404
883,1682649711405
884,1682649711405
885,1682649711405
886,1682649711405
887,1682649711405
888,1682649711405
889,1682649711405
890,1682649711406
891,1682649711406
892,1682649711406
893,1682649711406
894,1682649711406
895,1682649711406
896,1682649711406
897,1682649711407
898,1682649711407
899,1682649711407
900,1682649711407
901,1682649711407
902,1682649711407
903,1682649711407
904,1682649711407
905,1682649711407
906,1682649711407
907,1682649711408
908,1682649711408
909,1682649711408
910,1682649711408
911,1682649711408
912,1682649711408
913,1682649711409
914,1682649711409
915,1682649711409
916,1682649711409
917,1682649711409
918,1682649711410
919,1682649711410
920,1682649711410
921,1682649711410
922,1682649711410
923,1682649711410
924,1682649711410
925,1682649711411
926,1682649711411
927,1682649711411
928,1682649711411
929,1682649711411
930,1682649711412
931,1682649711412
932,1682649711412
933,1682649711412
934,1682649711412
935,1682649711413
936,1682649711413
937,1682649711413
938,1682649711413
939,1682649711414
940,1682649711414
941,1682649711414
942,1682649711414
943,1682649711414
944,1682649711415
945,1682649711415
946,1682649711415
947,1682649711415
948,1682649711415
949,1682649711416
950,1682649711416
951,1682649711416
952,1682649711416
953,1682649711416
954,1682649711416
955,1682649711416
956,1682649711417
957,1682649711417
958,1682649711417
959,1682649711417
960,1682649711417
961,1682649711417
962,1682649711417
963,1682649711417
964,1682649711417
965,1682649711418
966,1682649711570
967,1682649711570
968,1682649711571
969,1682649711571
970,1682649711571
971,1682649711571
972,1682649711571
973,1682649711572
974,1682649711572
975,1682649711572
976,1682649711572
977,1682649711572
978,1682649711572
979,1682649711573
980,1682649711573
981,1682649711573
982,1682649711573
983,1682649711573
984,1682649711574
985,1682649711574
986,1682649711574
987,1682649711574
988,1682649711574
989,1682649711575
990,1682649711575
991,1682649711575
992,1682649711575
993,1682649711575
994,1682649711576
995,1682649711576
996,1682649711576
997,1682649711576
998,1682649711577
999,1682649711577
1000,1682649711577
1001,1682649711577
1002,1682649711578
1003,1682649711578
1004,1682649711578
1005,1682649711578
1006,1682649711579
1007,1682649711579
1008,1682649711579
1009,1682649711579
1010,1682649711579
1011,1682649711580
1012,1682649711580
1013,1682649711580
1014,1682649711581
1015,1682649711581
1016,1682649711581
1017,1682649711582
1018,1682649711582
1019,1682649711583
1020,1682649711583
1021,1682649711583
1022,1682649711584
1023,1682649711584
1024,1682649711584
1025,1682649711584
1026,1682649711585
1027,1682649711585
1028,1682649712151
1029,1682649712151
1030,1682649712151
1031,1682649712152
1032,1682649712152
1033,1682649712153
1034,1682649712153
1035,1682649712154
1036,1682649712155
1037,1682649712156
1038,1682649712156
1039,1682649712157
1040,1682649712157
1041,1682649712158
1042,1682649712158
1043,1682649712159
1044,1682649712159
1045,1682649712160
1046,1682649712161
1047,1682649712162
1048,1682649712163
1049,1682649712164
1050,1682649712164
1051,1682649712165
1052,1682649712165
1053,1682649712166
1054,1682649712166
1055,1682649712167
1056,1682649712167
1057,1682649712167
1058,1682649712168
1059,1682649712168
1060,1682649712170
1061,1682649712172
1062,1682649712173
1063,1682649712173
1064,1682649712173
1065,1682649712174
1066,1682649712174
1067,1682649712174
1068,1682649712174
1069,1682649712175
1070,1682649712175
1071,1682649712175
1072,1682649712176
1073,1682649712176
1074,1682649712177
1075,1682649712177
1076,1682649712179
1077,1682649712179
1078,1682649712181
1079,1682649712182
1080,1682649712182
1081,1682649712183
1082,1682649712183
1083,1682649712183
1084,1682649712184
1085,1682649712184
1086,1682649712184
1087,1682649712185
1088,1682649712185
1089,1682649712185
1090,1682649712186
1091,1682649712187
1092,1682649712188
1093,1682649712188
1094,1682649712188
1095,1682649712189
1096,1682649712189
1097,1682649712189
1098,1682649712190
1099,1682649712190
1100,1682649712190
1101,1682649712191
1102,1682649712191
1103,1682649712191
1104,1682649712192
1105,1682649712192
1106,1682649712193
1107,1682649712193
1108,1682649712195
1109,1682649712197
1110,1682649712198
1111,1682649712198
1112,1682649712198
1113,1682649712199
1114,1682649712199
1115,1682649712199
1116,1682649712200
1117,1682649712200
1118,1682649712200
1119,1682649712200
1120,1682649712202
1121,1682649712203
1122,1682649712203
1123,1682649712204
1124,1682649712204
1125,1682649712205
1126,1682649712205
1127,1682649712206
1128,1682649712206
1129,1682649712206
1130,1682649712207
1131,1682649712207
1132,1682649712207
1133,1682649712208
1134,1682649712208
1135,1682649712208
1136,1682649712209
1137,1682649712210
1138,1682649712211
1139,1682649712212
1140,1682649712213
1141,1682649712214
1142,1682649712215
1143,1682649712217
1144,1682649712219
1145,1682649712219
1146,1682649712219
1147,1682649712220
1148,1682649712220
1149,1682649712221
1150,1682649712222
1151,1682649712223
1152,1682649712223
1153,1682649712225
1154,1682649712225
1155,1682649712226
1156,1682649712226
1157,1682649712231
1158,1682649712232
1159,1682649712232
1160,1682649712233
1161,1682649712233
1162,1682649712234
1163,1682649712236
1164,1682649712239
1165,1682649712239
1166,1682649712240
1167,1682649712240
1168,1682649712240
1169,1682649712241
1170,1682649712241
1171,1682649712242
1172,1682649712242
1173,1682649712243
1174,1682649712245
1175,1682649712250
1176,1682649712250
1177,1682649712251
1178,1682649712251
1179,1682649712251
1180,1682649712252
1181,1682649712252
1182,1682649712252
1183,1682649712253
1184,1682649712253
1185,1682649712253
1186,1682649712254
1187,1682649712254
1188,1682649712254
1189,1682649712254
1190,1682649712255
1191,1682649712255
1192,1682649712255
1193,1682649712256
1194,1682649712256
1195,1682649712256
1196,1682649712257
1197,1682649712257
1198,1682649712257
1199,1682649712258
1200,1682649712258
1201,1682649712259
1202,1682649712259
1203,1682649712259
1204,1682649712259
1205,1682649712260
1206,1682649712260
1207,1682649712261
1208,1682649712261
1209,1682649712262
1210,1682649712262
1211,1682649712263
1212,1682649712265
1213,1682649712266
1214,1682649712267
1215,1682649712268
1216,1682649712268
1217,1682649712268
1218,1682649712268
1219,1682649712269
1220,1682649712269
1221,1682649712269
1222,1682649712270
1223,1682649712270
1224,1682649712270
1225,1682649712271
1226,1682649712271
1227,1682649712271
1228,1682649712272
1229,1682649712272
1230,1682649712272
1231,1682649712273
1232,1682649712273
1233,1682649712273
1234,1682649712274
1235,1682649712274
1236,1682649712275
1237,1682649712275
1238,1682649712275
1239,1682649712276
1240,1682649712277
1241,1682649712280
1242,1682649712281
1243,1682649712282
1244,1682649712283
1245,1682649712283
1246,1682649712283
1247,1682649712284
1248,1682649712284
1249,1682649712284
1250,1682649712284
1251,1682649712285
1252,1682649712285
1253,1682649712285
1254,1682649712285
1255,1682649712286
1256,1682649712286
1257,1682649712286
1258,1682649712286
1259,1682649712287
1260,1682649712287
1261,1682649712287
1262,1682649712287
1263,1682649712287
1264,1682649712288
1265,1682649712288
1266,1682649712288
1267,1682649712288
1268,1682649712289
1269,1682649712289
1270,1682649712289
1271,1682649712290
1272,1682649712290
1273,1682649712290
1274,1682649712291
1275,1682649712291
1276,1682649712291
1277,1682649712291
1278,1682649712291
1279,1682649712292
1280,1682649712292
1281,1682649712292
1282,1682649712292
1283,1682649712293
1284,1682649712293
1285,1682649712293
1286,1682649712293
1287,1682649712294
1288,1682649712294
1289,1682649712294
1290,1682649712295
1291,1682649712295
1292,1682649712295
1293,1682649712296
1294,1682649712500
1295,1682649712500
1296,1682649712500
1297,1682649712500
1298,1682649712501
1299,1682649712502
1300,1682649712502
1301,1682649712502
1302,1682649712502
1303,1682649712503
1304,1682649712503
1305,1682649712503
1306,1682649712503
1307,1682649712504
1308,1682649712504
1309,1682649712505
1310,1682649712507
1311,1682649712508
1312,1682649712509
1313,1682649712509
1314,1682649712509
1315,1682649712509
1316,1682649712509
1317,1682649712510
1318,1682649712510
1319,1682649712510
1320,1682649712511
1321,1682649712512
1322,1682649712512
1323,1682649712513
1324,1682649712513
1325,1682649712515
1326,1682649712516
1327,1682649712516
1328,1682649712516
1329,1682649712517
1330,1682649712517
1331,1682649712517
1332,1682649712517
1333,1682649712518
1334,1682649712518
1335,1682649712518
1336,1682649712518
1337,1682649712519
1338,1682649712519
1339,1682649712519
1340,1682649712519
1341,1682649712520
1342,1682649712520
1343,1682649712520
1344,1682649712520
1345,1682649712521
1346,1682649712521
1347,1682649712521
1348,1682649712521
1349,1682649712522
1350,1682649712522
1351,1682649712522
1352,1682649712522
1353,1682649712523
1354,1682649712523
1355,1682649712523
1356,1682649712523
1357,1682649712523
1358,1682649712524
1359,1682649712524
1360,1682649712524
1361,1682649712524
1362,1682649712524
1363,1682649712525
1364,1682649712525
1365,1682649712525
1366,1682649712525
1367,1682649712525
1368,1682649712526
1369,1682649712526
1370,1682649712526
1371,1682649712526
1372,1682649712527
1373,1682649712528
1374,1682649712530
1375,1682649712530
1376,1682649712531
1377,1682649712531
1378,1682649712531
1379,1682649712532
1380,1682649712538
1381,1682649712538
1382,1682649712539
1383,1682649712540
1384,1682649712541
1385,1682649712541
1386,1682649712542
1387,1682649712545
1388,1682649712546
1389,1682649712546
1390,1682649712547
1391,1682649712547
1392,1682649712547
1393,1682649712548
1394,1682649712549
1395,1682649712549
1396,1682649712550
1397,1682649712550
1398,1682649712551
1399,1682649712551
1400,1682649712552
1401,1682649712552
1402,1682649712552
1403,1682649712553
1404,1682649712553
1405,1682649712553
1406,1682649712554
1407,1682649712554
1408,1682649712554
1409,1682649712555
1410,1682649712555
1411,1682649712555
1412,1682649712556
1413,1682649712556
1414,1682649712557
1415,1682649712557
1416,1682649712558
1417,1682649712558
1418,1682649712559
1419,1682649712559
1420,1682649712559
1421,1682649712560
1422,1682649712560
1423,1682649712561
1424,1682649712561
1425,1682649712562
1426,1682649712564
1427,1682649712564
1428,1682649712564
1429,1682649712568
1430,1682649712569
1431,1682649712569
1432,1682649712573
1433,1682649712573
1434,1682649712574
1435,1682649712574
1436,1682649712574
1437,1682649712575
1438,1682649712575
1439,1682649712576
1440,1682649712577
1441,1682649712579
1442,1682649712579
1443,1682649712580
1444,1682649712580
1445,1682649712592
1446,1682649712593
1447,1682649712593
1448,1682649712595
1449,1682649712596
1450,1682649712596
1451,1682649712597
1452,1682649712598
1453,1682649712598
1454,1682649712599
1455,1682649712603
1456,1682649712604
1457,1682649712604
1458,1682649712604
1459,1682649712605
1460,1682649712605
1461,1682649712606
1462,1682649712606
1463,1682649712606
1464,1682649712607
1465,1682649712607
1466,1682649712615
1467,1682649712615
1468,1682649712616
1469,1682649712616
1470,1682649712616
1471,1682649712617
1472,1682649712626
1473,1682649712626
1474,1682649712628
1475,1682649712628
1476,1682649712629
1477,1682649712629
1478,1682649712630
1479,1682649712630
1480,1682649712630
1481,1682649712631
1482,1682649712631
1483,1682649712634
1484,1682649712635
1485,1682649712635
1486,1682649712636
1487,1682649712636
1488,1682649712636
1489,1682649712637
1490,1682649712637
1491,1682649712638
1492,1682649712638
1493,1682649712661
1494,1682649712662
1495,1682649712663
1496,1682649712663
1497,1682649712663
1498,1682649712664
1499,1682649712665
1500,1682649712665
1501,1682649712666
1502,1682649712666
1503,1682649712666
1504,1682649712667
1505,1682649712667
1506,1682649712668
1507,1682649712668
1508,1682649712669
1509,1682649712669
1510,1682649712669
1511,1682649712670
1512,1682649712670
1513,1682649712670
1514,1682649712671
1515,1682649712671
1516,1682649712672
1517,1682649712672
1518,1682649712672
1519,1682649712673
1520,1682649712673
1521,1682649712673
1522,1682649712681
1523,1682649712682
1524,1682649712682
1525,1682649712682
1526,1682649712683
1527,1682649712684
1528,1682649712684
1529,1682649712685
1530,1682649712685
1531,1682649712686
1532,1682649712686
1533,1682649712689
1534,1682649712691
1535,1682649712692
1536,1682649712692
