1,1682649134207
2,1682649134209
3,1682649134210
4,1682649134210
5,1682649134211
6,1682649134212
7,1682649134213
8,1682649134214
9,1682649134215
10,1682649134216
11,1682649134217
12,1682649134219
13,1682649134220
14,1682649134301
15,1682649134302
16,1682649134307
17,1682649134309
18,1682649134310
19,1682649134311
20,1682649134311
21,1682649134426
22,1682649134427
23,1682649134427
24,1682649134428
25,1682649134428
26,1682649134429
27,1682649134430
28,1682649134430
29,1682649134431
30,1682649134432
31,1682649134433
32,1682649134433
33,1682649134434
34,1682649134435
35,1682649134436
36,1682649134437
37,1682649134438
38,1682649134519
39,1682649134519
40,1682649134520
41,1682649134520
42,1682649134521
43,1682649134521
44,1682649134522
45,1682649134522
46,1682649134523
47,1682649134523
48,1682649134524
49,1682649134524
50,1682649134524
51,1682649134525
52,1682649134525
53,1682649134525
54,1682649134525
55,1682649134525
56,1682649134613
57,1682649134613
58,1682649134613
59,1682649134614
60,1682649134614
61,1682649134614
62,1682649134615
63,1682649134615
64,1682649134615
65,1682649134615
66,1682649134616
67,1682649134616
68,1682649134617
69,1682649134617
70,1682649134617
71,1682649134617
72,1682649134617
73,1682649134618
74,1682649134618
75,1682649134618
76,1682649134618
77,1682649134619
78,1682649134619
79,1682649134619
80,1682649134620
81,1682649134620
82,1682649134620
83,1682649134621
84,1682649134622
85,1682649134623
86,1682649134623
87,1682649134624
88,1682649134624
89,1682649134720
90,1682649134720
91,1682649134721
92,1682649134721
93,1682649134722
94,1682649134723
95,1682649134723
96,1682649134724
97,1682649134724
98,1682649134724
99,1682649134725
100,1682649134725
101,1682649134726
102,1682649134726
103,1682649134727
104,1682649134727
105,1682649134728
106,1682649134728
107,1682649134728
108,1682649134729
109,1682649134729
110,1682649134730
111,1682649134730
112,1682649134730
113,1682649134731
114,1682649134731
115,1682649134732
116,1682649134734
117,1682649134735
118,1682649134735
119,1682649134737
120,1682649134881
121,1682649134881
122,1682649134882
123,1682649134882
124,1682649134883
125,1682649134883
126,1682649134883
127,1682649134884
128,1682649134884
129,1682649134884
130,1682649134885
131,1682649134885
132,1682649134886
133,1682649134888
134,1682649134890
135,1682649134891
136,1682649134891
137,1682649134892
138,1682649134892
139,1682649134893
140,1682649134893
141,1682649134894
142,1682649134894
143,1682649134895
144,1682649134895
145,1682649134895
146,1682649134896
147,1682649134896
148,1682649134897
149,1682649134897
150,1682649134897
151,1682649134898
152,1682649134898
153,1682649134960
154,1682649134960
155,1682649134960
156,1682649134960
157,1682649134961
158,1682649134961
159,1682649134961
160,1682649134961
161,1682649134961
162,1682649134962
163,1682649134962
164,1682649134962
165,1682649135182
166,1682649135182
167,1682649135183
168,1682649135183
169,1682649135183
170,1682649135184
171,1682649135184
172,1682649135185
173,1682649135185
174,1682649135185
175,1682649135186
176,1682649135187
177,1682649135188
178,1682649135189
179,1682649135189
180,1682649135190
181,1682649135190
182,1682649135191
183,1682649135192
184,1682649135193
185,1682649135193
186,1682649135194
187,1682649135194
188,1682649135195
189,1682649135195
190,1682649135196
191,1682649135197
192,1682649135197
193,1682649135198
194,1682649135198
195,1682649135198
196,1682649135198
197,1682649135199
198,1682649135200
199,1682649135200
200,1682649135201
201,1682649135202
202,1682649135205
203,1682649135205
204,1682649135206
205,1682649135206
206,1682649135207
207,1682649135207
208,1682649135208
209,1682649135209
210,1682649135209
211,1682649135210
212,1682649135211
213,1682649135212
214,1682649135212
215,1682649135213
216,1682649135213
217,1682649135214
218,1682649135215
219,1682649135216
220,1682649135216
221,1682649135217
222,1682649135217
223,1682649135218
224,1682649135218
225,1682649135219
226,1682649135222
227,1682649135224
228,1682649135226
229,1682649135373
230,1682649135375
231,1682649135376
232,1682649135376
233,1682649135377
234,1682649135377
235,1682649135377
236,1682649135378
237,1682649135379
238,1682649135379
239,1682649135380
240,1682649135380
241,1682649135381
242,1682649135382
243,1682649135382
244,1682649135384
245,1682649135385
246,1682649135389
247,1682649135391
248,1682649135392
249,1682649135393
250,1682649135394
251,1682649135395
252,1682649135395
253,1682649135395
254,1682649135396
255,1682649135396
256,1682649135397
257,1682649135398
258,1682649135399
259,1682649135399
260,1682649135510
261,1682649135510
262,1682649135511
263,1682649135511
264,1682649135512
265,1682649135512
266,1682649135513
267,1682649135513
268,1682649135514
269,1682649135514
270,1682649135515
271,1682649135515
272,1682649135516
273,1682649135517
274,1682649135518
275,1682649135518
276,1682649135523
277,1682649135523
278,1682649135525
279,1682649135525
280,1682649135526
281,1682649135526
282,1682649135527
283,1682649135527
284,1682649135528
285,1682649135529
286,1682649135529
287,1682649135530
288,1682649135531
289,1682649135531
290,1682649135532
291,1682649135532
292,1682649135533
293,1682649135534
294,1682649135534
295,1682649135535
296,1682649135535
297,1682649135536
298,1682649135537
299,1682649135538
300,1682649135748
301,1682649135748
302,1682649135748
303,1682649135749
304,1682649135749
305,1682649135749
306,1682649135749
307,1682649135749
308,1682649135750
309,1682649135750
310,1682649135750
311,1682649135750
312,1682649135750
313,1682649135750
314,1682649135750
315,1682649135751
316,1682649135751
317,1682649135751
318,1682649135751
319,1682649135751
320,1682649135751
321,1682649135751
322,1682649135752
323,1682649135752
324,1682649135752
325,1682649135752
326,1682649135752
327,1682649135753
328,1682649135753
329,1682649135753
330,1682649135753
331,1682649135753
332,1682649135754
333,1682649135754
334,1682649135754
335,1682649135755
336,1682649135755
337,1682649135755
338,1682649135755
339,1682649135755
340,1682649135756
341,1682649135756
342,1682649135756
343,1682649135757
344,1682649135757
345,1682649135757
346,1682649135757
347,1682649135758
348,1682649135758
349,1682649135758
350,1682649135758
351,1682649135759
352,1682649135759
353,1682649135759
354,1682649135759
355,1682649135759
356,1682649135759
357,1682649135759
358,1682649135760
359,1682649135760
360,1682649135760
361,1682649135760
362,1682649135760
363,1682649135760
364,1682649135761
365,1682649135761
366,1682649135761
367,1682649135761
368,1682649135761
369,1682649135761
370,1682649135761
371,1682649135762
372,1682649135762
373,1682649135762
374,1682649135762
375,1682649135762
376,1682649135762
377,1682649135763
378,1682649135763
379,1682649135763
380,1682649135763
381,1682649135764
382,1682649135764
383,1682649135764
384,1682649135764
385,1682649135765
386,1682649135765
387,1682649135765
388,1682649135765
389,1682649135766
390,1682649135766
391,1682649135846
392,1682649135847
393,1682649135847
394,1682649135847
395,1682649135847
396,1682649135847
397,1682649135847
398,1682649135847
399,1682649135848
400,1682649135848
401,1682649135848
402,1682649135848
403,1682649135848
404,1682649135849
405,1682649135849
406,1682649135849
407,1682649135849
408,1682649135849
409,1682649135849
410,1682649135849
411,1682649135850
412,1682649135850
413,1682649135850
414,1682649135853
415,1682649135853
416,1682649135854
417,1682649135854
418,1682649135854
419,1682649135854
420,1682649135855
421,1682649135855
422,1682649135855
423,1682649135855
424,1682649135855
425,1682649135856
426,1682649135856
427,1682649135856
428,1682649135856
429,1682649135857
430,1682649135857
431,1682649135857
432,1682649135857
433,1682649135858
434,1682649135858
435,1682649135995
436,1682649135995
437,1682649135996
438,1682649135996
439,1682649135996
440,1682649135996
441,1682649135997
442,1682649135997
443,1682649135997
444,1682649135997
445,1682649135998
446,1682649135998
447,1682649135998
448,1682649135998
449,1682649135999
450,1682649135999
451,1682649135999
452,1682649135999
453,1682649136000
454,1682649136000
455,1682649136000
456,1682649136000
457,1682649136000
458,1682649136000
459,1682649136001
460,1682649136001
461,1682649136001
462,1682649136001
463,1682649136001
464,1682649136002
465,1682649136002
466,1682649136002
467,1682649136002
468,1682649136003
469,1682649136003
470,1682649136004
471,1682649136005
472,1682649136005
473,1682649136005
474,1682649136005
475,1682649136005
476,1682649136006
477,1682649136006
478,1682649136006
479,1682649136006
480,1682649136006
481,1682649136007
482,1682649136007
483,1682649136007
484,1682649136008
485,1682649136008
486,1682649136008
487,1682649136008
488,1682649136008
489,1682649136009
490,1682649136009
491,1682649136009
492,1682649136009
493,1682649136010
494,1682649136010
495,1682649136010
496,1682649136010
497,1682649136011
498,1682649136011
499,1682649136011
500,1682649136011
501,1682649136012
502,1682649136012
503,1682649136012
504,1682649136012
505,1682649136012
506,1682649136013
507,1682649136013
508,1682649136013
509,1682649136013
510,1682649136013
511,1682649136014
512,1682649136014
513,1682649136014
514,1682649136014
515,1682649136014
516,1682649136015
517,1682649136015
518,1682649136015
519,1682649136203
520,1682649136203
521,1682649136203
522,1682649136203
523,1682649136203
524,1682649136203
525,1682649136204
526,1682649136204
527,1682649136204
528,1682649136204
529,1682649136204
530,1682649136204
531,1682649136204
532,1682649136205
533,1682649136205
534,1682649136205
535,1682649136205
536,1682649136205
537,1682649136206
538,1682649136206
539,1682649136206
540,1682649136206
541,1682649136206
542,1682649136207
543,1682649136207
544,1682649136207
545,1682649136207
546,1682649136207
547,1682649136208
548,1682649136208
549,1682649136208
550,1682649136208
551,1682649136208
552,1682649136208
553,1682649136209
554,1682649136209
555,1682649136209
556,1682649136209
557,1682649136210
558,1682649136210
559,1682649136210
560,1682649136210
561,1682649136210
562,1682649136211
563,1682649136211
564,1682649136211
565,1682649136211
566,1682649136211
567,1682649136212
568,1682649136212
569,1682649136212
570,1682649136212
571,1682649136213
572,1682649136213
573,1682649136213
574,1682649136213
575,1682649136213
576,1682649136214
577,1682649136214
578,1682649136214
579,1682649136214
580,1682649136214
581,1682649136215
582,1682649136215
583,1682649136215
584,1682649136215
585,1682649136215
586,1682649136216
587,1682649136216
588,1682649136216
589,1682649136216
590,1682649136217
591,1682649136217
592,1682649136217
593,1682649136217
594,1682649136217
595,1682649136218
596,1682649136218
597,1682649136218
598,1682649136218
599,1682649136219
600,1682649136220
601,1682649136220
602,1682649136220
603,1682649136221
604,1682649136221
605,1682649136221
606,1682649136221
607,1682649136391
608,1682649136392
609,1682649136392
610,1682649136392
611,1682649136392
612,1682649136392
613,1682649136392
614,1682649136393
615,1682649136393
616,1682649136393
617,1682649136393
618,1682649136394
619,1682649136394
620,1682649136394
621,1682649136394
622,1682649136394
623,1682649136394
624,1682649136395
625,1682649136395
626,1682649136395
627,1682649136395
628,1682649136395
629,1682649136396
630,1682649136396
631,1682649136396
632,1682649136396
633,1682649136396
634,1682649136396
635,1682649136397
636,1682649136397
637,1682649136397
638,1682649136397
639,1682649136398
640,1682649136398
641,1682649136398
642,1682649136398
643,1682649136398
644,1682649136399
645,1682649136399
646,1682649136399
647,1682649136399
648,1682649136399
649,1682649136399
650,1682649136400
651,1682649136400
652,1682649136400
653,1682649136400
654,1682649136400
655,1682649136400
656,1682649136400
657,1682649136400
658,1682649136401
659,1682649136401
660,1682649136401
661,1682649136401
662,1682649136401
663,1682649136401
664,1682649136402
665,1682649136402
666,1682649136402
667,1682649136405
668,1682649136405
669,1682649136405
670,1682649136406
671,1682649136407
672,1682649136407
673,1682649136529
674,1682649136529
675,1682649136529
676,1682649136529
677,1682649136530
678,1682649136530
679,1682649136530
680,1682649136530
681,1682649136530
682,1682649136530
683,1682649136531
684,1682649136531
685,1682649136531
686,1682649136531
687,1682649136531
688,1682649136532
689,1682649136532
690,1682649136532
691,1682649136532
692,1682649136533
693,1682649136533
694,1682649136533
695,1682649136534
696,1682649136534
697,1682649136534
698,1682649136534
699,1682649136535
700,1682649136535
701,1682649136535
702,1682649136537
703,1682649136537
704,1682649136538
705,1682649136538
706,1682649136538
707,1682649136539
708,1682649136539
709,1682649136539
710,1682649136539
711,1682649136540
712,1682649136540
713,1682649136540
714,1682649136540
715,1682649136540
716,1682649136541
717,1682649136541
718,1682649136541
719,1682649136541
720,1682649136541
721,1682649136542
722,1682649136542
723,1682649136542
724,1682649136542
725,1682649136542
726,1682649136542
727,1682649136543
728,1682649136543
729,1682649136790
730,1682649136790
731,1682649136790
732,1682649136790
733,1682649136791
734,1682649136791
735,1682649136791
736,1682649136791
737,1682649136792
738,1682649136792
739,1682649136792
740,1682649136792
741,1682649136793
742,1682649136793
743,1682649136793
744,1682649136793
745,1682649136794
746,1682649136794
747,1682649136794
748,1682649136794
749,1682649136795
750,1682649136795
751,1682649136795
752,1682649136795
753,1682649136796
754,1682649136796
755,1682649136796
756,1682649136796
757,1682649136796
758,1682649136797
759,1682649136797
760,1682649136797
761,1682649136797
762,1682649136797
763,1682649136798
764,1682649136798
765,1682649136798
766,1682649136798
767,1682649136798
768,1682649136799
769,1682649136799
770,1682649136799
771,1682649136799
772,1682649136800
773,1682649136800
774,1682649136800
775,1682649136801
776,1682649136801
777,1682649136801
778,1682649136801
779,1682649136801
780,1682649136802
781,1682649136802
782,1682649136802
783,1682649136802
784,1682649136802
785,1682649136803
786,1682649136803
787,1682649136803
788,1682649136803
789,1682649136804
790,1682649136804
791,1682649136804
792,1682649136804
793,1682649136805
794,1682649136805
795,1682649136805
796,1682649136805
797,1682649136805
798,1682649136806
799,1682649136806
800,1682649136806
801,1682649136806
802,1682649136806
803,1682649136807
804,1682649136807
805,1682649136807
806,1682649136807
807,1682649136807
808,1682649136808
809,1682649136808
810,1682649136808
811,1682649136808
812,1682649136808
813,1682649136809
814,1682649136809
815,1682649136809
816,1682649136809
817,1682649136810
818,1682649136810
819,1682649136811
820,1682649136811
821,1682649136811
822,1682649136811
823,1682649136811
824,1682649136812
825,1682649136812
826,1682649136812
827,1682649136813
828,1682649136813
829,1682649136813
830,1682649136813
831,1682649136813
832,1682649136814
833,1682649136814
834,1682649136814
835,1682649136814
836,1682649136814
837,1682649136815
838,1682649136815
839,1682649136815
840,1682649136817
841,1682649136817
842,1682649136817
843,1682649136817
844,1682649136818
845,1682649136818
846,1682649136818
847,1682649136818
848,1682649136819
849,1682649136820
850,1682649136821
851,1682649136821
852,1682649136821
853,1682649136821
854,1682649136821
855,1682649136822
856,1682649136822
857,1682649136822
858,1682649136822
859,1682649136822
860,1682649136822
861,1682649136823
862,1682649136823
863,1682649136823
864,1682649136823
865,1682649136823
866,1682649136824
867,1682649136824
868,1682649136824
869,1682649136824
870,1682649136824
871,1682649136902
872,1682649136902
873,1682649136902
874,1682649136902
875,1682649136903
876,1682649136903
877,1682649136903
878,1682649136903
879,1682649136903
880,1682649136904
881,1682649136904
882,1682649136904
883,1682649136904
884,1682649136904
885,1682649136905
886,1682649136905
887,1682649136905
888,1682649136905
889,1682649136906
890,1682649136906
891,1682649136906
892,1682649136906
893,1682649136906
894,1682649136906
895,1682649136907
896,1682649136907
897,1682649136907
898,1682649136908
899,1682649136908
900,1682649136908
901,1682649136908
902,1682649136909
903,1682649136909
904,1682649136909
905,1682649136909
906,1682649136909
907,1682649136909
908,1682649136910
909,1682649136910
910,1682649136910
911,1682649136910
912,1682649136910
913,1682649136910
914,1682649136910
915,1682649136911
916,1682649136911
917,1682649136993
918,1682649136993
919,1682649136993
920,1682649136993
921,1682649136993
922,1682649136993
923,1682649136993
924,1682649136994
925,1682649136994
926,1682649136994
927,1682649136994
928,1682649136994
929,1682649136994
930,1682649136995
931,1682649136995
932,1682649136995
933,1682649136995
934,1682649136995
935,1682649136995
936,1682649136995
937,1682649136995
938,1682649136996
939,1682649136996
940,1682649136996
941,1682649136996
942,1682649136996
943,1682649136996
944,1682649136997
945,1682649136997
946,1682649136997
947,1682649136997
948,1682649136997
949,1682649136997
950,1682649136998
951,1682649136998
952,1682649136998
953,1682649136998
954,1682649136998
955,1682649136998
956,1682649136998
957,1682649136998
958,1682649136998
959,1682649136999
960,1682649136999
961,1682649136999
962,1682649136999
963,1682649136999
964,1682649136999
965,1682649137112
966,1682649137112
967,1682649137112
968,1682649137112
969,1682649137112
970,1682649137113
971,1682649137113
972,1682649137113
973,1682649137113
974,1682649137113
975,1682649137113
976,1682649137113
977,1682649137113
978,1682649137114
979,1682649137114
980,1682649137114
981,1682649137114
982,1682649137114
983,1682649137114
984,1682649137114
985,1682649137114
986,1682649137115
987,1682649137115
988,1682649137115
989,1682649137223
990,1682649137223
991,1682649137223
992,1682649137223
993,1682649137223
994,1682649137224
995,1682649137224
996,1682649137224
997,1682649137224
998,1682649137225
999,1682649137225
1000,1682649137225
1001,1682649137225
1002,1682649137225
1003,1682649137226
1004,1682649137226
1005,1682649137226
1006,1682649137226
1007,1682649137226
1008,1682649137226
1009,1682649137227
1010,1682649137227
1011,1682649137227
1012,1682649137227
1013,1682649137227
1014,1682649137228
1015,1682649137228
1016,1682649137228
1017,1682649137228
1018,1682649137228
1019,1682649137228
1020,1682649137228
1021,1682649137228
1022,1682649137229
1023,1682649137229
1024,1682649137229
1025,1682649137229
1026,1682649137229
1027,1682649137229
1028,1682649137229
1029,1682649137229
1030,1682649137229
1031,1682649137230
1032,1682649137230
1033,1682649137230
1034,1682649137230
1035,1682649137230
1036,1682649137230
1037,1682649137230
1038,1682649137230
1039,1682649137230
1040,1682649137336
1041,1682649137336
1042,1682649137336
1043,1682649137336
1044,1682649137336
1045,1682649137337
1046,1682649137337
1047,1682649137337
1048,1682649137337
1049,1682649137338
1050,1682649137338
1051,1682649137338
1052,1682649137338
1053,1682649137338
1054,1682649137338
1055,1682649137339
1056,1682649137339
1057,1682649137339
1058,1682649137339
1059,1682649137339
1060,1682649137339
1061,1682649137340
1062,1682649137340
1063,1682649137340
1064,1682649137340
1065,1682649137340
1066,1682649137340
1067,1682649137340
1068,1682649137341
1069,1682649137341
1070,1682649137341
1071,1682649137341
1072,1682649137341
1073,1682649137341
1074,1682649137341
1075,1682649137342
1076,1682649137342
1077,1682649137342
1078,1682649137342
1079,1682649137342
1080,1682649137342
1081,1682649137343
1082,1682649137343
1083,1682649137343
1084,1682649137343
1085,1682649137343
1086,1682649137343
1087,1682649137343
1088,1682649137344
1089,1682649137344
1090,1682649137344
1091,1682649137344
1092,1682649137344
1093,1682649137345
1094,1682649137345
1095,1682649137345
1096,1682649137542
1097,1682649137542
1098,1682649137542
1099,1682649137542
1100,1682649137543
1101,1682649137543
1102,1682649137543
1103,1682649137543
1104,1682649137543
1105,1682649137543
1106,1682649137543
1107,1682649137543
1108,1682649137543
1109,1682649137544
1110,1682649137544
1111,1682649137544
1112,1682649137544
1113,1682649137544
1114,1682649137544
1115,1682649137544
1116,1682649137544
1117,1682649137545
1118,1682649137545
1119,1682649137545
1120,1682649137545
1121,1682649137545
1122,1682649137545
1123,1682649137545
1124,1682649137545
1125,1682649137546
1126,1682649137546
1127,1682649137546
1128,1682649137546
1129,1682649137547
1130,1682649137547
1131,1682649137547
1132,1682649137547
1133,1682649137547
1134,1682649137548
1135,1682649137548
1136,1682649137548
1137,1682649137548
1138,1682649137548
1139,1682649137549
1140,1682649137549
1141,1682649137549
1142,1682649137549
1143,1682649137550
1144,1682649137550
1145,1682649137550
1146,1682649137550
1147,1682649137551
1148,1682649137551
1149,1682649137551
1150,1682649137551
1151,1682649137552
1152,1682649137552
1153,1682649137552
1154,1682649137552
1155,1682649137552
1156,1682649137552
1157,1682649137553
1158,1682649137553
1159,1682649137553
1160,1682649137553
1161,1682649137553
1162,1682649137554
1163,1682649137554
1164,1682649137554
1165,1682649137554
1166,1682649137554
1167,1682649137555
1168,1682649137555
1169,1682649137555
1170,1682649137555
1171,1682649137652
1172,1682649137652
1173,1682649137652
1174,1682649137652
1175,1682649137653
1176,1682649137653
1177,1682649137653
1178,1682649137653
1179,1682649137654
1180,1682649137654
1181,1682649137654
1182,1682649137654
1183,1682649137654
1184,1682649137655
1185,1682649137655
1186,1682649137655
1187,1682649137655
1188,1682649137656
1189,1682649137656
1190,1682649137656
1191,1682649137657
1192,1682649137657
1193,1682649137657
1194,1682649137657
1195,1682649137658
1196,1682649137658
1197,1682649137658
1198,1682649137658
1199,1682649137658
1200,1682649137659
1201,1682649137659
1202,1682649137659
1203,1682649137659
1204,1682649137659
1205,1682649137660
1206,1682649137660
1207,1682649137660
1208,1682649137660
1209,1682649137660
1210,1682649137661
1211,1682649137661
1212,1682649137661
1213,1682649137661
1214,1682649137662
1215,1682649137662
1216,1682649137662
1217,1682649137662
1218,1682649137663
1219,1682649137663
1220,1682649137663
1221,1682649137663
1222,1682649137664
1223,1682649137664
1224,1682649137664
1225,1682649137664
1226,1682649137664
1227,1682649137665
1228,1682649137665
1229,1682649137794
1230,1682649137795
1231,1682649137795
1232,1682649137795
1233,1682649137795
1234,1682649137795
1235,1682649137795
1236,1682649137795
1237,1682649137795
1238,1682649137796
1239,1682649137796
1240,1682649137796
1241,1682649137796
1242,1682649137796
1243,1682649137796
1244,1682649137797
1245,1682649137797
1246,1682649137797
1247,1682649137797
1248,1682649137797
1249,1682649137797
1250,1682649137797
1251,1682649137797
1252,1682649137798
1253,1682649137798
1254,1682649137798
1255,1682649137798
1256,1682649137798
1257,1682649137798
1258,1682649137798
1259,1682649137798
1260,1682649137798
1261,1682649137799
1262,1682649137799
1263,1682649137799
1264,1682649137799
1265,1682649137799
1266,1682649137799
1267,1682649137799
1268,1682649137799
1269,1682649137799
1270,1682649137799
1271,1682649137800
1272,1682649137800
1273,1682649137800
1274,1682649137800
1275,1682649137800
1276,1682649137800
1277,1682649137800
1278,1682649137800
1279,1682649137800
1280,1682649137801
1281,1682649137801
1282,1682649137801
1283,1682649137801
1284,1682649137801
1285,1682649137801
1286,1682649137802
1287,1682649137802
1288,1682649137802
1289,1682649137802
1290,1682649137802
1291,1682649137802
1292,1682649137803
1293,1682649137803
1294,1682649137803
1295,1682649137803
1296,1682649137804
1297,1682649137804
1298,1682649137804
1299,1682649137804
1300,1682649137804
1301,1682649137804
1302,1682649137804
1303,1682649137805
1304,1682649137805
1305,1682649137805
1306,1682649137805
1307,1682649137805
1308,1682649137805
1309,1682649137805
1310,1682649137805
1311,1682649137806
1312,1682649137806
1313,1682649137806
1314,1682649137806
1315,1682649137806
1316,1682649137806
1317,1682649137806
1318,1682649137807
1319,1682649137807
1320,1682649137807
1321,1682649137807
1322,1682649137807
1323,1682649137807
1324,1682649137807
1325,1682649137807
1326,1682649137808
1327,1682649137808
1328,1682649137808
1329,1682649137808
1330,1682649137808
1331,1682649137888
1332,1682649137888
1333,1682649137888
1334,1682649137888
1335,1682649137888
1336,1682649137888
1337,1682649137888
1338,1682649137889
1339,1682649137889
1340,1682649137889
1341,1682649137889
1342,1682649137889
1343,1682649137889
1344,1682649137996
1345,1682649137996
1346,1682649137996
1347,1682649137996
1348,1682649137996
1349,1682649137996
1350,1682649137996
1351,1682649137996
1352,1682649137996
1353,1682649137997
1354,1682649137997
1355,1682649137997
1356,1682649137997
1357,1682649137997
1358,1682649137997
1359,1682649137997
1360,1682649137997
1361,1682649137997
1362,1682649137997
1363,1682649137997
1364,1682649137997
1365,1682649137998
1366,1682649137998
1367,1682649137998
1368,1682649137998
1369,1682649137998
1370,1682649137998
1371,1682649137998
1372,1682649137998
1373,1682649137998
1374,1682649137998
1375,1682649137999
1376,1682649137999
1377,1682649137999
1378,1682649137999
1379,1682649138197
1380,1682649138198
1381,1682649138198
1382,1682649138198
1383,1682649138198
1384,1682649138199
1385,1682649138199
1386,1682649138199
1387,1682649138200
1388,1682649138200
1389,1682649138200
1390,1682649138200
1391,1682649138201
1392,1682649138201
1393,1682649138201
1394,1682649138201
1395,1682649138201
1396,1682649138202
1397,1682649138202
1398,1682649138203
1399,1682649138203
1400,1682649138203
1401,1682649138204
1402,1682649138204
1403,1682649138204
1404,1682649138204
1405,1682649138205
1406,1682649138205
1407,1682649138205
1408,1682649138205
1409,1682649138206
1410,1682649138206
1411,1682649138206
1412,1682649138206
1413,1682649138206
1414,1682649138206
1415,1682649138207
1416,1682649138207
1417,1682649138207
1418,1682649138207
1419,1682649138207
1420,1682649138207
1421,1682649138208
1422,1682649138208
1423,1682649138208
1424,1682649138208
1425,1682649138208
1426,1682649138322
1427,1682649138323
1428,1682649138323
1429,1682649138323
1430,1682649138323
1431,1682649138323
1432,1682649138324
1433,1682649138324
1434,1682649138324
1435,1682649138324
1436,1682649138325
1437,1682649138325
1438,1682649138325
1439,1682649138325
1440,1682649138325
1441,1682649138326
1442,1682649138326
1443,1682649138326
1444,1682649138326
1445,1682649138326
1446,1682649138327
1447,1682649138327
1448,1682649138327
1449,1682649138327
1450,1682649138327
1451,1682649138328
1452,1682649138328
1453,1682649138328
1454,1682649138328
1455,1682649138328
1456,1682649138328
1457,1682649138329
1458,1682649138329
1459,1682649138329
1460,1682649138329
1461,1682649138329
1462,1682649138329
1463,1682649138330
1464,1682649138330
1465,1682649138330
1466,1682649138330
1467,1682649138330
1468,1682649138331
1469,1682649138331
1470,1682649138331
1471,1682649138331
1472,1682649138331
1473,1682649138332
1474,1682649138332
1475,1682649138332
1476,1682649138332
1477,1682649138332
1478,1682649138332
1479,1682649138333
1480,1682649138333
1481,1682649138333
1482,1682649138333
1483,1682649138333
1484,1682649138334
1485,1682649138334
1486,1682649138334
1487,1682649138334
1488,1682649138334
1489,1682649138335
1490,1682649138335
1491,1682649138335
1492,1682649138335
1493,1682649138335
1494,1682649138336
1495,1682649138336
1496,1682649138336
1497,1682649138336
1498,1682649138336
1499,1682649138337
1500,1682649138563
1501,1682649138563
1502,1682649138563
1503,1682649138563
1504,1682649138564
1505,1682649138564
1506,1682649138564
1507,1682649138564
1508,1682649138564
1509,1682649138565
1510,1682649138565
1511,1682649138565
1512,1682649138565
1513,1682649138565
1514,1682649138566
1515,1682649138566
1516,1682649138566
1517,1682649138566
1518,1682649138567
1519,1682649138568
1520,1682649138568
1521,1682649138571
1522,1682649138572
1523,1682649138573
1524,1682649138573
1525,1682649138573
1526,1682649138574
1527,1682649138574
1528,1682649138574
1529,1682649138574
1530,1682649138575
1531,1682649138575
1532,1682649138575
1533,1682649138575
1534,1682649138575
1535,1682649138576
1536,1682649138576
1537,1682649138576
1538,1682649138576
1539,1682649138577
1540,1682649138577
1541,1682649138577
1542,1682649138577
1543,1682649138577
1544,1682649138578
1545,1682649138578
1546,1682649138578
1547,1682649138578
1548,1682649138578
1549,1682649138578
1550,1682649138579
1551,1682649138579
1552,1682649138579
1553,1682649138579
1554,1682649138579
1555,1682649138579
1556,1682649138580
1557,1682649138580
1558,1682649138580
1559,1682649138580
1560,1682649138581
1561,1682649138581
1562,1682649138581
1563,1682649138581
1564,1682649138581
1565,1682649138581
1566,1682649138582
1567,1682649138582
1568,1682649138582
1569,1682649138582
1570,1682649138582
1571,1682649138582
1572,1682649138583
1573,1682649138583
1574,1682649138583
1575,1682649138583
1576,1682649138583
1577,1682649138583
1578,1682649138583
1579,1682649138584
1580,1682649138584
1581,1682649138584
1582,1682649138584
1583,1682649138584
1584,1682649138584
1585,1682649138584
1586,1682649138585
1587,1682649138585
1588,1682649138585
1589,1682649138586
1590,1682649138587
1591,1682649138587
1592,1682649138587
1593,1682649138587
1594,1682649138588
1595,1682649138817
1596,1682649138817
1597,1682649138821
1598,1682649138823
1599,1682649138825
1600,1682649138827
1601,1682649138829
1602,1682649138830
1603,1682649138830
1604,1682649138831
1605,1682649138831
1606,1682649138831
1607,1682649138832
1608,1682649138832
1609,1682649138832
1610,1682649138832
1611,1682649138832
1612,1682649138833
1613,1682649138833
1614,1682649138833
1615,1682649138833
1616,1682649138834
1617,1682649138834
1618,1682649138834
1619,1682649138834
1620,1682649138837
1621,1682649138838
1622,1682649138839
1623,1682649138840
1624,1682649138841
1625,1682649138841
1626,1682649138841
1627,1682649138842
1628,1682649138842
1629,1682649138844
1630,1682649138845
1631,1682649138845
1632,1682649138847
1633,1682649138847
1634,1682649138847
1635,1682649138848
1636,1682649138848
1637,1682649138848
1638,1682649138848
1639,1682649138849
1640,1682649138849
1641,1682649138849
1642,1682649138853
1643,1682649138854
1644,1682649138855
1645,1682649138857
1646,1682649138864
1647,1682649138864
1648,1682649138865
1649,1682649138866
1650,1682649138866
1651,1682649138866
1652,1682649138867
1653,1682649138867
1654,1682649138867
1655,1682649138868
1656,1682649138876
1657,1682649138880
1658,1682649138898
1659,1682649138898
1660,1682649138899
1661,1682649138901
1662,1682649138904
1663,1682649138907
1664,1682649138907
1665,1682649138908
1666,1682649138909
1667,1682649138910
1668,1682649138910
1669,1682649138911
1670,1682649138911
1671,1682649138912
1672,1682649138912
1673,1682649138913
1674,1682649138913
1675,1682649138913
1676,1682649138913
1677,1682649138914
1678,1682649138914
1679,1682649138914
1680,1682649138914
1681,1682649138915
1682,1682649138915
1683,1682649138915
1684,1682649138915
1685,1682649138916
1686,1682649138916
1687,1682649138916
1688,1682649138917
1689,1682649138917
1690,1682649138917
1691,1682649138917
1692,1682649138918
1693,1682649138918
1694,1682649138920
1695,1682649138920
1696,1682649138921
1697,1682649138921
1698,1682649138921
1699,1682649138922
1700,1682649138922
1701,1682649138922
1702,1682649138923
1703,1682649138923
1704,1682649138923
1705,1682649138923
1706,1682649138923
1707,1682649138924
1708,1682649138924
1709,1682649138924
1710,1682649138924
1711,1682649138925
1712,1682649138925
1713,1682649138925
1714,1682649138925
1715,1682649138926
1716,1682649138926
1717,1682649138927
1718,1682649138927
1719,1682649139096
1720,1682649139097
1721,1682649139097
1722,1682649139097
1723,1682649139097
1724,1682649139097
1725,1682649139097
1726,1682649139097
1727,1682649139098
1728,1682649139098
1729,1682649139098
1730,1682649139098
1731,1682649139098
1732,1682649139098
1733,1682649139098
1734,1682649139099
1735,1682649139099
1736,1682649139099
1737,1682649139099
1738,1682649139099
1739,1682649139099
1740,1682649139100
1741,1682649139100
1742,1682649139100
1743,1682649139100
1744,1682649139100
1745,1682649139101
1746,1682649139101
1747,1682649139102
1748,1682649139102
1749,1682649139103
1750,1682649139103
1751,1682649139104
1752,1682649139104
1753,1682649139104
1754,1682649139104
1755,1682649139104
1756,1682649139105
1757,1682649139105
1758,1682649139105
1759,1682649139105
1760,1682649139105
1761,1682649139105
1762,1682649139106
1763,1682649139106
1764,1682649139106
1765,1682649139107
1766,1682649139107
1767,1682649139108
1768,1682649139110
1769,1682649139110
1770,1682649139111
1771,1682649139111
1772,1682649139111
1773,1682649139111
1774,1682649139111
1775,1682649139111
1776,1682649139112
1777,1682649139112
1778,1682649139112
1779,1682649139112
1780,1682649139112
1781,1682649139112
1782,1682649139112
1783,1682649139113
1784,1682649139113
1785,1682649139113
1786,1682649139113
1787,1682649139113
1788,1682649139113
1789,1682649139113
1790,1682649139114
1791,1682649139114
1792,1682649139114
1793,1682649139114
1794,1682649139114
1795,1682649139114
1796,1682649139115
1797,1682649139115
1798,1682649139115
1799,1682649139115
1800,1682649139115
1801,1682649139115
1802,1682649139116
1803,1682649139116
1804,1682649139116
1805,1682649139116
1806,1682649139116
1807,1682649139116
1808,1682649139116
1809,1682649139116
1810,1682649139116
1811,1682649139117
1812,1682649139117
1813,1682649139117
1814,1682649139117
1815,1682649139117
1816,1682649139117
1817,1682649139117
1818,1682649139117
1819,1682649139118
1820,1682649139118
1821,1682649139118
1822,1682649139118
1823,1682649139118
1824,1682649139118
1825,1682649139118
1826,1682649139119
1827,1682649139119
1828,1682649139119
1829,1682649139119
1830,1682649139119
1831,1682649139120
1832,1682649139120
1833,1682649139120
1834,1682649139120
1835,1682649139120
1836,1682649139121
1837,1682649139121
1838,1682649139121
1839,1682649139121
1840,1682649139121
1841,1682649139122
1842,1682649139122
1843,1682649139122
1844,1682649139122
1845,1682649139122
1846,1682649139122
1847,1682649139123
1848,1682649139123
1849,1682649139123
1850,1682649139123
1851,1682649139123
1852,1682649139123
1853,1682649139123
1854,1682649139124
1855,1682649139124
1856,1682649139124
1857,1682649139124
1858,1682649139124
1859,1682649139124
1860,1682649139124
1861,1682649139124
1862,1682649139125
1863,1682649139125
1864,1682649139125
1865,1682649139125
1866,1682649139125
1867,1682649139125
1868,1682649139125
1869,1682649139125
1870,1682649139125
1871,1682649139126
1872,1682649139126
1873,1682649139126
1874,1682649139126
1875,1682649139126
1876,1682649139126
1877,1682649139126
1878,1682649139130
1879,1682649139130
1880,1682649139130
1881,1682649139130
1882,1682649139130
1883,1682649139131
1884,1682649139131
1885,1682649139131
1886,1682649139131
1887,1682649139131
1888,1682649139131
1889,1682649139134
1890,1682649139135
1891,1682649139135
1892,1682649139135
1893,1682649139135
1894,1682649139136
1895,1682649139136
1896,1682649139136
1897,1682649139136
1898,1682649139136
1899,1682649139136
1900,1682649139141
1901,1682649139141
1902,1682649139142
1903,1682649139143
1904,1682649139143
1905,1682649139144
1906,1682649139144
1907,1682649139144
1908,1682649139144
1909,1682649139144
1910,1682649139144
1911,1682649139144
1912,1682649139144
1913,1682649139145
1914,1682649139157
1915,1682649139158
1916,1682649139158
1917,1682649139158
1918,1682649139158
1919,1682649139159
1920,1682649139159
1921,1682649139159
1922,1682649139159
1923,1682649139160
1924,1682649139160
1925,1682649139160
1926,1682649139160
1927,1682649139161
1928,1682649139165
1929,1682649139165
1930,1682649139165
1931,1682649139165
1932,1682649139165
1933,1682649139166
1934,1682649139166
1935,1682649139166
1936,1682649139166
1937,1682649139166
1938,1682649139166
1939,1682649139166
1940,1682649139166
1941,1682649139166
1942,1682649139177
1943,1682649139178
1944,1682649139178
1945,1682649139178
1946,1682649139178
1947,1682649139178
1948,1682649139179
1949,1682649139179
1950,1682649139179
1951,1682649139179
1952,1682649139179
1953,1682649139179
1954,1682649139180
1955,1682649139180
1956,1682649139186
1957,1682649139187
1958,1682649139187
1959,1682649139188
1960,1682649139188
1961,1682649139188
1962,1682649139188
1963,1682649139188
1964,1682649139188
1965,1682649139188
1966,1682649139189
1967,1682649139189
1968,1682649139189
1969,1682649139194
1970,1682649139195
1971,1682649139195
1972,1682649139195
1973,1682649139199
1974,1682649139200
1975,1682649139200
1976,1682649139200
1977,1682649139200
1978,1682649139200
1979,1682649139200
1980,1682649139205
1981,1682649139205
1982,1682649139206
1983,1682649139206
1984,1682649139206
1985,1682649139206
1986,1682649139206
1987,1682649139206
1988,1682649139206
1989,1682649139207
1990,1682649139207
1991,1682649139207
1992,1682649139207
1993,1682649139207
1994,1682649139207
1995,1682649139207
1996,1682649139217
1997,1682649139218
1998,1682649139218
1999,1682649139218
2000,1682649139218
2001,1682649139219
2002,1682649139219
2003,1682649139219
2004,1682649139219
2005,1682649139219
2006,1682649139223
2007,1682649139223
2008,1682649139223
2009,1682649139223
2010,1682649139223
2011,1682649139223
2012,1682649139223
2013,1682649139223
2014,1682649139224
2015,1682649139224
2016,1682649139224
2017,1682649139224
2018,1682649139224
2019,1682649139224
2020,1682649139224
2021,1682649139237
2022,1682649139237
2023,1682649139237
2024,1682649139238
2025,1682649139238
2026,1682649139238
2027,1682649139238
2028,1682649139238
2029,1682649139238
2030,1682649139239
2031,1682649139239
2032,1682649139239
2033,1682649139239
2034,1682649139239
2035,1682649139240
2036,1682649139240
2037,1682649139240
2038,1682649139240
2039,1682649139240
2040,1682649139241
2041,1682649139241
2042,1682649139241
2043,1682649139241
2044,1682649139241
2045,1682649139241
2046,1682649139242
2047,1682649139242
2048,1682649139242
