1,1682649656623
2,1682649656629
3,1682649656631
4,1682649656633
5,1682649656637
6,1682649656641
7,1682649656646
8,1682649656647
9,1682649656656
10,1682649656745
11,1682649656746
12,1682649656946
13,1682649656947
14,1682649656947
15,1682649656948
16,1682649656948
17,1682649656949
18,1682649656949
19,1682649656950
20,1682649656950
21,1682649656951
22,1682649656951
23,1682649656952
24,1682649656952
25,1682649656952
26,1682649656953
27,1682649656953
28,1682649656954
29,1682649656954
30,1682649656955
31,1682649656955
32,1682649656956
33,1682649656956
34,1682649656957
35,1682649657171
36,1682649657171
37,1682649657172
38,1682649657173
39,1682649657174
40,1682649657175
41,1682649657176
42,1682649657177
43,1682649657178
44,1682649657179
45,1682649657180
46,1682649657181
47,1682649657182
48,1682649657183
49,1682649657184
50,1682649657185
51,1682649657186
52,1682649657186
53,1682649657187
54,1682649657187
55,1682649657187
56,1682649657188
57,1682649657189
58,1682649657189
59,1682649657190
60,1682649657190
61,1682649657192
62,1682649657194
63,1682649657195
64,1682649657195
65,1682649657196
66,1682649657446
67,1682649657448
68,1682649657449
69,1682649657451
70,1682649657452
71,1682649657453
72,1682649657454
73,1682649657454
74,1682649657455
75,1682649657456
76,1682649657457
77,1682649657461
78,1682649657461
79,1682649657462
80,1682649657463
81,1682649657464
82,1682649657464
83,1682649657465
84,1682649657465
85,1682649657466
86,1682649657467
87,1682649657468
88,1682649657469
89,1682649657469
90,1682649657470
91,1682649657471
92,1682649657472
93,1682649657472
94,1682649657473
95,1682649657477
96,1682649657478
97,1682649657480
98,1682649657481
99,1682649657482
100,1682649657483
101,1682649657484
102,1682649657485
103,1682649657487
104,1682649657488
105,1682649657489
106,1682649657492
107,1682649657503
108,1682649657504
109,1682649657505
110,1682649657507
111,1682649657508
112,1682649657509
113,1682649657510
114,1682649657511
115,1682649657511
116,1682649657512
117,1682649657512
118,1682649657514
119,1682649657515
120,1682649657516
121,1682649657516
122,1682649657517
123,1682649657517
124,1682649657518
125,1682649657518
126,1682649657519
127,1682649657519
128,1682649657520
129,1682649657520
130,1682649657521
131,1682649657522
132,1682649657649
133,1682649657649
134,1682649657650
135,1682649657650
136,1682649657650
137,1682649657651
138,1682649657652
139,1682649657654
140,1682649657654
141,1682649657655
142,1682649657655
143,1682649657655
144,1682649657656
145,1682649657656
146,1682649657657
147,1682649657658
148,1682649657660
149,1682649657661
150,1682649657661
151,1682649657662
152,1682649657662
153,1682649657663
154,1682649657663
155,1682649657663
156,1682649657663
157,1682649657664
158,1682649657664
159,1682649657665
160,1682649657665
161,1682649657665
162,1682649657666
163,1682649657666
164,1682649657666
165,1682649657667
166,1682649657667
167,1682649657667
168,1682649657668
169,1682649657668
170,1682649657669
171,1682649657669
172,1682649657669
173,1682649657670
174,1682649657670
175,1682649657670
176,1682649657671
177,1682649657671
178,1682649657671
179,1682649657672
180,1682649657672
181,1682649657672
182,1682649657673
183,1682649657673
184,1682649657673
185,1682649657674
186,1682649657675
187,1682649657676
188,1682649657677
189,1682649657678
190,1682649657678
191,1682649657679
192,1682649657679
193,1682649657679
194,1682649657680
195,1682649657680
196,1682649657681
197,1682649657681
198,1682649657682
199,1682649657682
200,1682649657683
201,1682649657683
202,1682649657684
203,1682649657684
204,1682649657684
205,1682649657684
206,1682649657685
207,1682649657685
208,1682649657685
209,1682649657686
210,1682649657686
211,1682649657686
212,1682649657687
213,1682649657687
214,1682649657688
215,1682649657688
216,1682649657688
217,1682649657689
218,1682649657689
219,1682649657690
220,1682649657690
221,1682649657691
222,1682649657691
223,1682649657692
224,1682649657692
225,1682649657692
226,1682649657693
227,1682649657693
228,1682649657693
229,1682649657694
230,1682649657695
231,1682649657696
232,1682649657696
233,1682649657697
234,1682649657697
235,1682649657698
236,1682649657698
237,1682649657699
238,1682649657850
239,1682649657850
240,1682649657851
241,1682649657851
242,1682649657851
243,1682649657852
244,1682649657852
245,1682649657852
246,1682649657853
247,1682649657853
248,1682649657853
249,1682649657854
250,1682649657854
251,1682649657855
252,1682649657855
253,1682649657855
254,1682649657856
255,1682649657856
256,1682649657857
257,1682649657857
258,1682649657857
259,1682649657858
260,1682649657858
261,1682649657858
262,1682649657859
263,1682649657859
264,1682649657859
265,1682649657860
266,1682649657861
267,1682649657862
268,1682649657863
269,1682649657864
270,1682649657864
271,1682649657864
272,1682649657865
273,1682649657865
274,1682649657866
275,1682649657866
276,1682649657866
277,1682649657867
278,1682649657867
279,1682649657867
280,1682649657868
281,1682649657868
282,1682649657868
283,1682649657869
284,1682649657869
285,1682649657870
286,1682649657870
287,1682649657870
288,1682649657871
289,1682649657871
290,1682649657872
291,1682649657872
292,1682649657873
293,1682649657873
294,1682649657873
295,1682649657874
296,1682649657874
297,1682649657875
298,1682649657877
299,1682649657877
300,1682649657878
301,1682649657878
302,1682649657879
303,1682649657879
304,1682649657880
305,1682649657880
306,1682649657880
307,1682649657881
308,1682649657881
309,1682649657882
310,1682649657882
311,1682649657882
312,1682649657883
313,1682649657883
314,1682649657884
315,1682649657884
316,1682649657884
317,1682649657885
318,1682649657885
319,1682649657886
320,1682649657886
321,1682649657886
322,1682649658071
323,1682649658072
324,1682649658072
325,1682649658073
326,1682649658074
327,1682649658078
328,1682649658079
329,1682649658080
330,1682649658081
331,1682649658084
332,1682649658085
333,1682649658087
334,1682649658088
335,1682649658089
336,1682649658090
337,1682649658095
338,1682649658096
339,1682649658097
340,1682649658097
341,1682649658097
342,1682649658098
343,1682649658098
344,1682649658099
345,1682649658099
346,1682649658099
347,1682649658100
348,1682649658100
349,1682649658100
350,1682649658101
351,1682649658101
352,1682649658101
353,1682649658244
354,1682649658244
355,1682649658245
356,1682649658245
357,1682649658245
358,1682649658246
359,1682649658246
360,1682649658246
361,1682649658246
362,1682649658246
363,1682649658247
364,1682649658247
365,1682649658247
366,1682649658248
367,1682649658248
368,1682649658248
369,1682649658249
370,1682649658249
371,1682649658249
372,1682649658249
373,1682649658250
374,1682649658250
375,1682649658250
376,1682649658250
377,1682649658251
378,1682649658251
379,1682649658251
380,1682649658251
381,1682649658252
382,1682649658252
383,1682649658252
384,1682649658253
385,1682649658253
386,1682649658253
387,1682649658253
388,1682649658254
389,1682649658254
390,1682649658254
391,1682649658254
392,1682649658254
393,1682649658255
394,1682649658255
395,1682649658255
396,1682649658255
397,1682649658255
398,1682649658256
399,1682649658256
400,1682649658256
401,1682649658256
402,1682649658256
403,1682649658256
404,1682649658257
405,1682649658257
406,1682649658257
407,1682649658257
408,1682649658258
409,1682649658259
410,1682649658259
411,1682649658259
412,1682649658259
413,1682649658260
414,1682649658260
415,1682649658260
416,1682649658260
417,1682649658260
418,1682649658260
419,1682649658261
420,1682649658261
421,1682649658261
422,1682649658261
423,1682649658261
424,1682649658262
425,1682649658262
426,1682649658262
427,1682649658262
428,1682649658262
429,1682649658263
430,1682649658263
431,1682649658263
432,1682649658263
433,1682649658263
434,1682649658264
435,1682649658264
436,1682649658264
437,1682649658264
438,1682649658265
439,1682649658265
440,1682649658265
441,1682649658266
442,1682649658266
443,1682649658267
444,1682649658268
445,1682649658268
446,1682649658268
447,1682649658269
448,1682649658269
449,1682649658269
450,1682649658270
451,1682649658270
452,1682649658270
453,1682649658270
454,1682649658271
455,1682649658271
456,1682649658271
457,1682649658271
458,1682649658272
459,1682649658272
460,1682649658272
461,1682649658272
462,1682649658272
463,1682649658273
464,1682649658273
465,1682649658273
466,1682649658273
467,1682649658274
468,1682649658275
469,1682649658275
470,1682649658276
471,1682649658276
472,1682649658276
473,1682649658277
474,1682649658277
475,1682649658277
476,1682649658278
477,1682649658278
478,1682649658278
479,1682649658278
480,1682649658278
481,1682649658279
482,1682649658279
483,1682649658279
484,1682649658279
485,1682649658279
486,1682649658280
487,1682649658280
488,1682649658280
489,1682649658450
490,1682649658451
491,1682649658451
492,1682649658451
493,1682649658451
494,1682649658451
495,1682649658451
496,1682649658451
497,1682649658452
498,1682649658452
499,1682649658452
500,1682649658452
501,1682649658452
502,1682649658452
503,1682649658452
504,1682649658452
505,1682649658452
506,1682649658452
507,1682649658453
508,1682649658453
509,1682649658453
510,1682649658453
511,1682649658453
512,1682649658453
513,1682649658453
514,1682649658453
515,1682649658454
516,1682649658454
517,1682649658454
518,1682649658454
519,1682649658454
520,1682649658454
521,1682649658454
522,1682649658454
523,1682649658454
524,1682649658455
525,1682649658455
526,1682649658455
527,1682649658455
528,1682649658455
529,1682649658456
530,1682649658456
531,1682649658456
532,1682649658456
533,1682649658456
534,1682649658456
535,1682649658457
536,1682649658457
537,1682649658457
538,1682649658457
539,1682649658457
540,1682649658457
541,1682649658458
542,1682649658458
543,1682649658458
544,1682649658458
545,1682649658458
546,1682649658458
547,1682649658458
548,1682649658459
549,1682649658459
550,1682649658459
551,1682649658459
552,1682649658459
553,1682649658459
554,1682649658459
555,1682649658459
556,1682649658459
557,1682649658460
558,1682649658460
559,1682649658460
560,1682649658460
561,1682649658460
562,1682649658460
563,1682649658460
564,1682649658460
565,1682649658460
566,1682649658461
567,1682649658461
568,1682649658461
569,1682649658461
570,1682649658461
571,1682649658461
572,1682649658461
573,1682649658462
574,1682649658462
575,1682649658462
576,1682649658462
577,1682649658462
578,1682649658462
579,1682649658462
580,1682649658463
581,1682649658463
582,1682649658463
583,1682649658533
584,1682649658534
585,1682649658534
586,1682649658534
587,1682649658534
588,1682649658535
589,1682649658535
590,1682649658535
591,1682649658535
592,1682649658536
593,1682649658536
594,1682649658536
595,1682649658536
596,1682649658537
597,1682649658537
598,1682649658537
599,1682649658537
600,1682649658538
601,1682649658538
602,1682649658627
603,1682649658627
604,1682649658627
605,1682649658628
606,1682649658628
607,1682649658628
608,1682649658628
609,1682649658628
610,1682649658629
611,1682649658629
612,1682649658629
613,1682649658629
614,1682649658629
615,1682649658629
616,1682649658629
617,1682649658629
618,1682649658630
619,1682649658630
620,1682649658630
621,1682649658630
622,1682649658630
623,1682649658631
624,1682649658631
625,1682649658631
626,1682649658631
627,1682649658631
628,1682649658631
629,1682649658631
630,1682649658632
631,1682649658902
632,1682649658902
633,1682649658903
634,1682649658903
635,1682649658903
636,1682649658903
637,1682649658903
638,1682649658904
639,1682649658904
640,1682649658904
641,1682649658904
642,1682649658905
643,1682649658905
644,1682649658905
645,1682649658905
646,1682649658906
647,1682649658906
648,1682649658906
649,1682649658907
650,1682649658907
651,1682649658907
652,1682649658908
653,1682649658908
654,1682649658909
655,1682649658909
656,1682649658909
657,1682649658910
658,1682649658910
659,1682649658910
660,1682649658910
661,1682649658910
662,1682649658911
663,1682649658911
664,1682649658911
665,1682649658911
666,1682649658912
667,1682649658912
668,1682649658912
669,1682649658912
670,1682649658912
671,1682649658913
672,1682649658913
673,1682649659083
674,1682649659084
675,1682649659084
676,1682649659084
677,1682649659084
678,1682649659084
679,1682649659084
680,1682649659085
681,1682649659085
682,1682649659085
683,1682649659085
684,1682649659085
685,1682649659085
686,1682649659085
687,1682649659086
688,1682649659086
689,1682649659086
690,1682649659086
691,1682649659086
692,1682649659086
693,1682649659086
694,1682649659087
695,1682649659087
696,1682649659087
697,1682649659087
698,1682649659087
699,1682649659087
700,1682649659087
701,1682649659088
702,1682649659088
703,1682649659088
704,1682649659088
705,1682649659088
706,1682649659088
707,1682649659088
708,1682649659088
709,1682649659089
710,1682649659089
711,1682649659089
712,1682649659089
713,1682649659089
714,1682649659089
715,1682649659089
716,1682649659089
717,1682649659090
718,1682649659090
719,1682649659090
720,1682649659090
721,1682649659090
722,1682649659090
723,1682649659091
724,1682649659091
725,1682649659091
726,1682649659091
727,1682649659092
728,1682649659092
729,1682649659092
730,1682649659092
731,1682649659092
732,1682649659093
733,1682649659093
734,1682649659093
735,1682649659093
736,1682649659093
737,1682649659094
738,1682649659094
739,1682649659094
740,1682649659094
741,1682649659095
742,1682649659095
743,1682649659095
744,1682649659095
745,1682649659096
746,1682649659096
747,1682649659096
748,1682649659096
749,1682649659097
750,1682649659097
751,1682649659097
752,1682649659097
753,1682649659097
754,1682649659098
755,1682649659219
756,1682649659220
757,1682649659220
758,1682649659220
759,1682649659220
760,1682649659220
761,1682649659220
762,1682649659221
763,1682649659221
764,1682649659221
765,1682649659221
766,1682649659221
767,1682649659221
768,1682649659221
769,1682649659222
770,1682649659222
771,1682649659222
772,1682649659222
773,1682649659222
774,1682649659222
775,1682649659223
776,1682649659223
777,1682649659223
778,1682649659223
779,1682649659223
780,1682649659223
781,1682649659224
782,1682649659224
783,1682649659224
784,1682649659224
785,1682649659224
786,1682649659225
787,1682649659225
788,1682649659225
789,1682649659225
790,1682649659226
791,1682649659226
792,1682649659226
793,1682649659226
794,1682649659226
795,1682649659227
796,1682649659227
797,1682649659227
798,1682649659227
799,1682649659228
800,1682649659228
801,1682649659228
802,1682649659228
803,1682649659228
804,1682649659228
805,1682649659229
806,1682649659416
807,1682649659416
808,1682649659416
809,1682649659416
810,1682649659416
811,1682649659416
812,1682649659417
813,1682649659417
814,1682649659417
815,1682649659417
816,1682649659417
817,1682649659418
818,1682649659418
819,1682649659418
820,1682649659418
821,1682649659419
822,1682649659419
823,1682649659419
824,1682649659420
825,1682649659420
826,1682649659420
827,1682649659420
828,1682649659421
829,1682649659421
830,1682649659421
831,1682649659421
832,1682649659422
833,1682649659422
834,1682649659422
835,1682649659422
836,1682649659423
837,1682649659423
838,1682649659423
839,1682649659424
840,1682649659424
841,1682649659424
842,1682649659425
843,1682649659426
844,1682649659426
845,1682649659426
846,1682649659427
847,1682649659427
848,1682649659427
849,1682649659427
850,1682649659428
851,1682649659428
852,1682649659428
853,1682649659428
854,1682649659428
855,1682649659429
856,1682649659429
857,1682649659429
858,1682649659429
859,1682649659429
860,1682649659429
861,1682649659430
862,1682649659430
863,1682649659431
864,1682649659431
865,1682649659431
866,1682649659431
867,1682649659432
868,1682649659432
869,1682649659432
870,1682649659432
871,1682649659433
872,1682649659433
873,1682649659433
874,1682649659433
875,1682649659433
876,1682649659434
877,1682649659434
878,1682649659434
879,1682649659434
880,1682649659434
881,1682649659435
882,1682649659435
883,1682649659435
884,1682649659435
885,1682649659435
886,1682649659436
887,1682649659436
888,1682649659436
889,1682649659436
890,1682649659436
891,1682649659437
892,1682649659627
893,1682649659627
894,1682649659627
895,1682649659628
896,1682649659628
897,1682649659628
898,1682649659628
899,1682649659628
900,1682649659628
901,1682649659629
902,1682649659629
903,1682649659629
904,1682649659629
905,1682649659629
906,1682649659629
907,1682649659629
908,1682649659629
909,1682649659630
910,1682649659630
911,1682649659630
912,1682649659630
913,1682649659630
914,1682649659630
915,1682649659630
916,1682649659631
917,1682649659631
918,1682649659631
919,1682649659631
920,1682649659631
921,1682649659631
922,1682649659631
923,1682649659631
924,1682649659632
925,1682649659632
926,1682649659632
927,1682649659632
928,1682649659632
929,1682649659632
930,1682649659632
931,1682649659633
932,1682649659633
933,1682649659633
934,1682649659633
935,1682649659633
936,1682649659633
937,1682649659633
938,1682649659634
939,1682649659634
940,1682649659634
941,1682649659634
942,1682649659634
943,1682649659634
944,1682649659634
945,1682649659635
946,1682649659635
947,1682649659635
948,1682649659635
949,1682649659635
950,1682649659635
951,1682649659635
952,1682649659635
953,1682649659636
954,1682649659636
955,1682649659636
956,1682649659636
957,1682649659636
958,1682649659636
959,1682649659636
960,1682649659636
961,1682649659637
962,1682649659637
963,1682649659637
964,1682649659637
965,1682649659637
966,1682649659637
967,1682649659637
968,1682649659637
969,1682649659638
970,1682649659638
971,1682649659638
972,1682649659638
973,1682649659638
974,1682649659638
975,1682649659638
976,1682649659639
977,1682649659639
978,1682649659639
979,1682649659639
980,1682649659639
981,1682649659639
982,1682649659640
983,1682649659640
984,1682649659640
985,1682649659640
986,1682649659640
987,1682649659640
988,1682649659640
989,1682649659902
990,1682649659902
991,1682649659903
992,1682649659903
993,1682649659905
994,1682649659905
995,1682649659906
996,1682649659910
997,1682649659913
998,1682649659915
999,1682649659917
1000,1682649659920
1001,1682649659924
1002,1682649659929
1003,1682649659930
1004,1682649659931
1005,1682649659932
1006,1682649659933
1007,1682649659933
1008,1682649659933
1009,1682649659934
1010,1682649659934
1011,1682649659934
1012,1682649659934
1013,1682649659935
1014,1682649659935
1015,1682649659935
1016,1682649659935
1017,1682649659936
1018,1682649659936
1019,1682649659936
1020,1682649659936
1021,1682649659937
1022,1682649659937
1023,1682649659937
1024,1682649659938
1025,1682649659938
1026,1682649659938
1027,1682649659939
1028,1682649659944
1029,1682649659945
1030,1682649659945
1031,1682649659946
1032,1682649659946
1033,1682649659947
1034,1682649659948
1035,1682649659949
1036,1682649659949
1037,1682649659949
1038,1682649659949
1039,1682649659950
1040,1682649659950
1041,1682649659950
1042,1682649659950
1043,1682649659951
1044,1682649659951
1045,1682649659951
1046,1682649659952
1047,1682649659952
1048,1682649659952
1049,1682649659953
1050,1682649659953
1051,1682649659954
1052,1682649659954
1053,1682649659954
1054,1682649659955
1055,1682649659955
1056,1682649659955
1057,1682649659955
1058,1682649659956
1059,1682649659956
1060,1682649659960
1061,1682649659960
1062,1682649659961
1063,1682649659961
1064,1682649659962
1065,1682649659965
1066,1682649659967
1067,1682649659968
1068,1682649659971
1069,1682649659977
1070,1682649659979
1071,1682649659980
1072,1682649659980
1073,1682649659981
1074,1682649659981
1075,1682649659981
1076,1682649659981
1077,1682649659982
1078,1682649659982
1079,1682649659982
1080,1682649659982
1081,1682649659983
1082,1682649659983
1083,1682649659984
1084,1682649659984
1085,1682649659984
1086,1682649659985
1087,1682649659985
1088,1682649659985
1089,1682649659985
1090,1682649659986
1091,1682649659986
1092,1682649659986
1093,1682649659987
1094,1682649659987
1095,1682649659988
1096,1682649659988
1097,1682649659988
1098,1682649659989
1099,1682649659989
1100,1682649659989
1101,1682649659990
1102,1682649659991
1103,1682649659991
1104,1682649659991
1105,1682649660215
1106,1682649660215
1107,1682649660216
1108,1682649660216
1109,1682649660216
1110,1682649660216
1111,1682649660216
1112,1682649660217
1113,1682649660217
1114,1682649660217
1115,1682649660217
1116,1682649660217
1117,1682649660218
1118,1682649660218
1119,1682649660218
1120,1682649660218
1121,1682649660219
1122,1682649660219
1123,1682649660219
1124,1682649660219
1125,1682649660220
1126,1682649660220
1127,1682649660220
1128,1682649660220
1129,1682649660221
1130,1682649660221
1131,1682649660221
1132,1682649660221
1133,1682649660222
1134,1682649660222
1135,1682649660222
1136,1682649660223
1137,1682649660223
1138,1682649660225
1139,1682649660226
1140,1682649660227
1141,1682649660227
1142,1682649660228
1143,1682649660228
1144,1682649660228
1145,1682649660228
1146,1682649660229
1147,1682649660229
1148,1682649660229
1149,1682649660230
1150,1682649660230
1151,1682649660230
1152,1682649660230
1153,1682649660230
1154,1682649660231
1155,1682649660231
1156,1682649660231
1157,1682649660231
1158,1682649660231
1159,1682649660231
1160,1682649660232
1161,1682649660232
1162,1682649660232
1163,1682649660232
1164,1682649660232
1165,1682649660233
1166,1682649660233
1167,1682649660233
1168,1682649660233
1169,1682649660233
1170,1682649660233
1171,1682649660234
1172,1682649660234
1173,1682649660234
1174,1682649660234
1175,1682649660234
1176,1682649660235
1177,1682649660235
1178,1682649660235
1179,1682649660235
1180,1682649660236
1181,1682649660236
1182,1682649660236
1183,1682649660236
1184,1682649660236
1185,1682649660237
1186,1682649660237
1187,1682649660237
1188,1682649660237
1189,1682649660237
1190,1682649660238
1191,1682649660238
1192,1682649660238
1193,1682649660238
1194,1682649660238
1195,1682649660239
1196,1682649660239
1197,1682649660239
1198,1682649660239
1199,1682649660240
1200,1682649660240
1201,1682649660241
1202,1682649660241
1203,1682649660241
1204,1682649660241
1205,1682649660241
1206,1682649660242
1207,1682649660242
1208,1682649660242
1209,1682649660242
1210,1682649660242
1211,1682649660243
1212,1682649660243
1213,1682649660243
1214,1682649660243
1215,1682649660244
1216,1682649660244
1217,1682649660244
1218,1682649660244
1219,1682649660244
1220,1682649660244
1221,1682649660245
1222,1682649660245
1223,1682649660245
1224,1682649660245
1225,1682649660245
1226,1682649660246
1227,1682649660246
1228,1682649660246
1229,1682649660246
1230,1682649660246
1231,1682649660246
1232,1682649660247
1233,1682649660247
1234,1682649660247
1235,1682649660247
1236,1682649660247
1237,1682649660248
1238,1682649660248
1239,1682649660248
1240,1682649660248
1241,1682649660248
1242,1682649660249
1243,1682649660249
1244,1682649660249
1245,1682649660249
1246,1682649660249
1247,1682649660249
1248,1682649660250
1249,1682649660264
1250,1682649660264
1251,1682649660264
1252,1682649660265
1253,1682649660265
1254,1682649660270
1255,1682649660270
1256,1682649660270
1257,1682649660270
1258,1682649660271
1259,1682649660271
1260,1682649660272
1261,1682649660272
1262,1682649660272
1263,1682649660273
1264,1682649660274
1265,1682649660275
1266,1682649660275
1267,1682649660276
1268,1682649660277
1269,1682649660277
1270,1682649660278
1271,1682649660278
1272,1682649660278
1273,1682649660278
1274,1682649660279
1275,1682649660279
1276,1682649660279
1277,1682649660308
1278,1682649660308
1279,1682649660308
1280,1682649660309
1281,1682649660310
1282,1682649660311
1283,1682649660311
1284,1682649660311
1285,1682649660311
1286,1682649660317
1287,1682649660317
1288,1682649660317
1289,1682649660318
1290,1682649660335
1291,1682649660337
1292,1682649660337
1293,1682649660338
1294,1682649660338
1295,1682649660338
1296,1682649660338
1297,1682649660339
1298,1682649660339
1299,1682649660339
1300,1682649660339
1301,1682649660340
1302,1682649660340
1303,1682649660342
1304,1682649660342
1305,1682649660342
1306,1682649660342
1307,1682649660343
1308,1682649660343
1309,1682649660343
1310,1682649660343
1311,1682649660343
1312,1682649660343
1313,1682649660343
1314,1682649660343
1315,1682649660344
1316,1682649660344
1317,1682649660344
1318,1682649660353
1319,1682649660353
1320,1682649660353
1321,1682649660354
1322,1682649660354
1323,1682649660354
1324,1682649660354
1325,1682649660354
1326,1682649660355
1327,1682649660379
1328,1682649660379
1329,1682649660379
1330,1682649660380
1331,1682649660381
1332,1682649660381
1333,1682649660381
1334,1682649660382
1335,1682649660382
1336,1682649660383
1337,1682649660384
1338,1682649660384
1339,1682649660384
1340,1682649660387
1341,1682649660387
1342,1682649660388
1343,1682649660389
1344,1682649660389
1345,1682649660389
1346,1682649660389
1347,1682649660393
1348,1682649660393
1349,1682649660393
1350,1682649660394
1351,1682649660395
1352,1682649660395
1353,1682649660398
1354,1682649660398
1355,1682649660398
1356,1682649660399
1357,1682649660399
1358,1682649660402
1359,1682649660405
1360,1682649660406
1361,1682649660406
1362,1682649660407
1363,1682649660408
1364,1682649660409
1365,1682649660410
1366,1682649660411
1367,1682649660412
1368,1682649660413
1369,1682649660413
1370,1682649660418
1371,1682649660418
1372,1682649660419
1373,1682649660419
1374,1682649660420
1375,1682649660420
1376,1682649660421
1377,1682649660422
1378,1682649660422
1379,1682649660423
1380,1682649660423
1381,1682649660424
1382,1682649660424
1383,1682649660425
1384,1682649660432
1385,1682649660434
1386,1682649660436
1387,1682649660446
1388,1682649660452
1389,1682649660454
1390,1682649660455
1391,1682649660456
1392,1682649660456
1393,1682649660457
1394,1682649660459
1395,1682649660465
1396,1682649660476
1397,1682649660477
1398,1682649660478
1399,1682649660480
1400,1682649660480
1401,1682649660481
1402,1682649660481
1403,1682649660481
1404,1682649660481
1405,1682649660482
1406,1682649660482
1407,1682649660482
1408,1682649660482
1409,1682649660482
1410,1682649660483
1411,1682649660483
1412,1682649660483
1413,1682649660483
1414,1682649660484
1415,1682649660484
1416,1682649660484
1417,1682649660484
1418,1682649660485
1419,1682649660485
1420,1682649660485
1421,1682649660485
1422,1682649660485
1423,1682649660486
1424,1682649660486
1425,1682649660486
1426,1682649660487
1427,1682649660487
1428,1682649660487
1429,1682649660488
1430,1682649660488
1431,1682649660488
1432,1682649660489
1433,1682649660489
1434,1682649660489
1435,1682649660490
1436,1682649660490
1437,1682649660492
1438,1682649660493
1439,1682649660494
1440,1682649660495
1441,1682649660495
1442,1682649660495
1443,1682649660496
1444,1682649660496
1445,1682649660496
1446,1682649660497
1447,1682649660497
1448,1682649660497
1449,1682649660497
1450,1682649660498
1451,1682649660498
1452,1682649660498
1453,1682649660498
1454,1682649660499
1455,1682649660499
1456,1682649660499
1457,1682649660499
1458,1682649660500
1459,1682649660500
1460,1682649660500
1461,1682649660500
1462,1682649660501
1463,1682649660501
1464,1682649660501
1465,1682649660501
1466,1682649660502
1467,1682649660502
1468,1682649660502
1469,1682649660502
1470,1682649660502
1471,1682649660503
1472,1682649660503
1473,1682649660503
1474,1682649660503
1475,1682649660503
1476,1682649660504
1477,1682649660504
1478,1682649660504
1479,1682649660504
1480,1682649660504
1481,1682649660505
1482,1682649660505
1483,1682649660505
1484,1682649660505
1485,1682649660507
1486,1682649660508
1487,1682649660508
1488,1682649660509
1489,1682649660509
1490,1682649660509
1491,1682649660510
1492,1682649660510
1493,1682649660532
1494,1682649660533
1495,1682649660533
1496,1682649660533
1497,1682649660534
1498,1682649660534
1499,1682649660535
1500,1682649660536
1501,1682649660537
1502,1682649660537
1503,1682649660538
1504,1682649660538
1505,1682649660538
1506,1682649660539
1507,1682649660539
1508,1682649660539
1509,1682649660539
1510,1682649660540
1511,1682649660541
1512,1682649660541
1513,1682649660541
1514,1682649660541
1515,1682649660544
1516,1682649660547
1517,1682649660548
1518,1682649660548
1519,1682649660548
1520,1682649660548
1521,1682649660549
1522,1682649660549
1523,1682649660549
1524,1682649660550
1525,1682649660550
1526,1682649660550
1527,1682649660551
1528,1682649660551
1529,1682649660551
1530,1682649660552
1531,1682649660552
1532,1682649660552
1533,1682649660560
1534,1682649660572
1535,1682649660573
1536,1682649660574
