1,1682648631844
2,1682648631850
3,1682648631853
4,1682648631855
5,1682648631858
6,1682648631860
7,1682648631862
8,1682648631864
9,1682648631865
10,1682648631867
11,1682648632073
12,1682648632074
13,1682648632074
14,1682648632075
15,1682648632647
16,1682648632648
17,1682648632650
18,1682648632650
19,1682648632651
20,1682648632652
21,1682648632653
22,1682648632654
23,1682648632655
24,1682648632655
25,1682648632656
26,1682648632656
27,1682648632657
28,1682648632658
29,1682648632658
30,1682648632659
31,1682648632660
32,1682648632664
33,1682648632667
34,1682648632669
35,1682648632670
36,1682648632671
37,1682648632672
38,1682648632672
39,1682648632682
40,1682648632684
41,1682648632685
42,1682648632686
43,1682648632686
44,1682648632688
45,1682648632689
46,1682648632690
47,1682648632698
48,1682648632701
49,1682648632702
50,1682648632703
51,1682648632706
52,1682648632707
53,1682648632708
54,1682648633364
55,1682648633365
56,1682648633366
57,1682648633366
58,1682648633367
59,1682648633367
60,1682648633368
61,1682648633368
62,1682648633368
63,1682648633369
64,1682648633369
65,1682648633370
66,1682648633370
67,1682648633370
68,1682648633371
69,1682648633371
70,1682648633372
71,1682648633372
72,1682648633372
73,1682648633373
74,1682648633373
75,1682648633374
76,1682648633374
77,1682648633374
78,1682648633375
79,1682648633375
80,1682648633375
81,1682648633376
82,1682648633378
83,1682648633378
84,1682648633379
85,1682648633379
86,1682648633380
87,1682648633381
88,1682648633382
89,1682648633382
90,1682648633382
91,1682648633383
92,1682648633383
93,1682648633384
94,1682648633384
95,1682648633384
96,1682648633385
97,1682648633385
98,1682648633385
99,1682648633386
100,1682648633386
101,1682648633386
102,1682648633386
103,1682648633386
104,1682648633387
105,1682648633387
106,1682648633387
107,1682648633387
108,1682648633387
109,1682648633387
110,1682648633388
111,1682648633388
112,1682648633388
113,1682648633388
114,1682648633389
115,1682648633389
116,1682648633389
117,1682648633389
118,1682648633390
119,1682648633390
120,1682648633390
121,1682648633390
122,1682648633391
123,1682648633391
124,1682648633391
125,1682648633391
126,1682648633392
127,1682648633392
128,1682648633392
129,1682648633395
130,1682648633395
131,1682648633396
132,1682648633397
133,1682648633397
134,1682648633398
135,1682648633398
136,1682648633398
137,1682648633399
138,1682648633399
139,1682648633399
140,1682648633400
141,1682648633400
142,1682648633400
143,1682648633401
144,1682648633401
145,1682648633401
146,1682648633402
147,1682648633402
148,1682648633402
149,1682648633402
150,1682648633403
151,1682648633403
152,1682648633403
153,1682648633403
154,1682648633404
155,1682648633404
156,1682648633404
157,1682648633404
158,1682648633404
159,1682648633404
160,1682648633405
161,1682648633405
162,1682648633405
163,1682648633405
164,1682648633405
165,1682648633406
166,1682648633406
167,1682648633406
168,1682648633406
169,1682648633406
170,1682648633407
171,1682648633407
172,1682648633407
173,1682648633407
174,1682648633407
175,1682648633407
176,1682648633408
177,1682648633408
178,1682648633408
179,1682648633408
180,1682648633408
181,1682648633409
182,1682648633409
183,1682648633409
184,1682648633409
185,1682648633411
186,1682648633413
187,1682648633413
188,1682648633414
189,1682648633414
190,1682648633414
191,1682648633414
192,1682648633415
193,1682648634112
194,1682648634113
195,1682648634114
196,1682648634114
197,1682648634115
198,1682648634116
199,1682648634116
200,1682648634116
201,1682648634117
202,1682648634117
203,1682648634117
204,1682648634118
205,1682648634118
206,1682648634119
207,1682648634119
208,1682648634119
209,1682648634120
210,1682648634121
211,1682648634121
212,1682648634121
213,1682648634122
214,1682648634122
215,1682648634122
216,1682648634123
217,1682648634123
218,1682648634124
219,1682648634124
220,1682648634124
221,1682648634124
222,1682648634125
223,1682648634125
224,1682648634125
225,1682648634126
226,1682648634126
227,1682648634126
228,1682648634127
229,1682648634127
230,1682648634128
231,1682648634129
232,1682648634129
233,1682648634130
234,1682648634130
235,1682648634131
236,1682648634131
237,1682648634132
238,1682648634132
239,1682648634133
240,1682648634133
241,1682648634134
242,1682648634134
243,1682648634134
244,1682648634135
245,1682648634135
246,1682648634135
247,1682648634136
248,1682648634136
249,1682648634137
250,1682648634137
251,1682648634137
252,1682648634138
253,1682648634138
254,1682648634138
255,1682648634138
256,1682648634139
257,1682648634139
258,1682648634139
259,1682648634139
260,1682648634140
261,1682648634140
262,1682648634140
263,1682648634141
264,1682648634141
265,1682648634141
266,1682648634142
267,1682648634142
268,1682648634145
269,1682648634146
270,1682648634147
271,1682648634148
272,1682648634148
273,1682648634149
274,1682648634149
275,1682648634149
276,1682648634150
277,1682648634150
278,1682648634150
279,1682648634151
280,1682648634151
281,1682648634151
282,1682648634152
283,1682648634152
284,1682648634152
285,1682648634152
286,1682648634152
287,1682648634153
288,1682648634153
289,1682648634153
290,1682648634154
291,1682648634154
292,1682648634154
293,1682648634155
294,1682648634155
295,1682648634156
296,1682648634156
297,1682648634156
298,1682648634157
299,1682648634157
300,1682648634157
301,1682648634158
302,1682648634158
303,1682648634158
304,1682648634158
305,1682648634159
306,1682648634159
307,1682648634159
308,1682648634160
309,1682648634160
310,1682648634160
311,1682648634160
312,1682648634161
313,1682648634161
314,1682648634161
315,1682648634162
316,1682648634162
317,1682648634163
318,1682648634163
319,1682648634164
320,1682648634164
321,1682648634165
322,1682648634165
323,1682648634166
324,1682648634166
325,1682648634166
326,1682648634166
327,1682648634167
328,1682648634167
329,1682648634167
330,1682648634167
331,1682648634167
332,1682648634168
333,1682648634168
334,1682648634168
335,1682648634168
336,1682648634168
337,1682648634169
338,1682648634169
339,1682648634169
340,1682648634169
341,1682648634169
342,1682648634170
343,1682648634170
344,1682648634170
345,1682648634170
346,1682648634170
347,1682648634171
348,1682648634171
349,1682648634171
350,1682648634171
351,1682648634171
352,1682648634172
353,1682648634172
354,1682648634172
355,1682648634172
356,1682648634172
357,1682648634172
358,1682648634173
359,1682648634173
360,1682648634173
361,1682648634173
362,1682648634173
363,1682648634173
364,1682648634174
365,1682648634174
366,1682648634174
367,1682648634174
368,1682648634174
369,1682648634174
370,1682648634175
371,1682648634175
372,1682648634175
373,1682648634175
374,1682648634175
375,1682648634176
376,1682648634176
377,1682648634176
378,1682648634178
379,1682648634178
380,1682648634179
381,1682648634180
382,1682648634180
383,1682648634181
384,1682648634181
385,1682648634182
386,1682648634182
387,1682648634183
388,1682648634183
389,1682648634183
390,1682648634184
391,1682648634184
392,1682648634185
393,1682648634185
394,1682648634185
395,1682648634186
396,1682648634186
397,1682648634186
398,1682648634186
399,1682648634187
400,1682648634187
401,1682648634187
402,1682648634187
403,1682648634187
404,1682648634187
405,1682648634188
406,1682648634188
407,1682648634188
408,1682648634188
409,1682648634188
410,1682648634188
411,1682648634188
412,1682648634189
413,1682648634189
414,1682648634189
415,1682648634189
416,1682648634190
417,1682648634190
418,1682648634190
419,1682648634190
420,1682648634191
421,1682648634191
422,1682648634191
423,1682648634192
424,1682648634192
425,1682648634193
426,1682648634193
427,1682648634194
428,1682648634195
429,1682648634195
430,1682648634195
431,1682648634196
432,1682648634196
433,1682648634197
434,1682648634197
435,1682648634197
436,1682648634197
437,1682648634198
438,1682648634198
439,1682648634198
440,1682648634199
441,1682648634199
442,1682648634199
443,1682648634199
444,1682648634200
445,1682648634200
446,1682648634200
447,1682648634201
448,1682648634201
449,1682648634201
450,1682648634202
451,1682648634202
452,1682648634202
453,1682648634519
454,1682648634519
455,1682648634519
456,1682648634520
457,1682648634520
458,1682648634520
459,1682648634520
460,1682648634520
461,1682648634521
462,1682648634521
463,1682648634521
464,1682648634521
465,1682648634522
466,1682648634522
467,1682648634522
468,1682648634522
469,1682648634523
470,1682648634523
471,1682648634523
472,1682648634523
473,1682648634524
474,1682648634524
475,1682648634525
476,1682648634525
477,1682648634525
478,1682648634525
479,1682648634526
480,1682648634527
481,1682648634527
482,1682648634527
483,1682648634528
484,1682648634528
485,1682648634529
486,1682648634529
487,1682648634529
488,1682648634529
489,1682648634530
490,1682648634530
491,1682648634530
492,1682648634531
493,1682648634531
494,1682648634531
495,1682648634532
496,1682648634532
497,1682648634532
498,1682648634532
499,1682648634533
500,1682648634533
501,1682648634533
502,1682648634534
503,1682648634534
504,1682648634534
505,1682648634534
506,1682648634534
507,1682648634534
508,1682648634534
509,1682648634535
510,1682648634535
511,1682648634535
512,1682648634535
513,1682648634535
514,1682648634535
515,1682648634536
516,1682648634536
517,1682648634536
518,1682648634536
519,1682648634536
520,1682648634536
521,1682648634537
522,1682648634537
523,1682648634537
524,1682648634537
525,1682648634537
526,1682648634538
527,1682648634538
528,1682648634538
529,1682648634538
530,1682648634539
531,1682648634539
532,1682648634539
533,1682648634539
534,1682648634539
535,1682648634539
536,1682648634540
537,1682648634540
538,1682648634540
539,1682648634540
540,1682648634540
541,1682648634541
542,1682648634541
543,1682648634541
544,1682648634541
545,1682648634541
546,1682648634541
547,1682648634542
548,1682648634542
549,1682648634542
550,1682648634542
551,1682648634543
552,1682648634543
553,1682648634543
554,1682648634543
555,1682648634544
556,1682648634544
557,1682648634544
558,1682648634545
559,1682648634545
560,1682648634545
561,1682648634546
562,1682648634546
563,1682648634546
564,1682648634547
565,1682648634547
566,1682648634547
567,1682648634547
568,1682648634548
569,1682648634548
570,1682648634548
571,1682648634548
572,1682648634549
573,1682648634549
574,1682648634549
575,1682648634550
576,1682648634550
577,1682648634550
578,1682648634550
579,1682648634550
580,1682648634550
581,1682648634551
582,1682648634551
583,1682648634551
584,1682648634551
585,1682648634551
586,1682648634552
587,1682648634552
588,1682648634552
589,1682648634552
590,1682648634553
591,1682648634553
592,1682648634553
593,1682648634554
594,1682648634554
595,1682648634554
596,1682648634554
597,1682648634555
598,1682648634555
599,1682648634555
600,1682648634556
601,1682648634556
602,1682648634556
603,1682648634556
604,1682648634557
605,1682648634557
606,1682648634557
607,1682648634557
608,1682648634557
609,1682648634558
610,1682648634558
611,1682648634558
612,1682648634558
613,1682648634559
614,1682648634559
615,1682648634560
616,1682648634563
617,1682648634564
618,1682648634564
619,1682648634564
620,1682648634565
621,1682648634566
622,1682648634566
623,1682648634566
624,1682648634566
625,1682648634567
626,1682648634567
627,1682648634567
628,1682648634568
629,1682648634568
630,1682648634568
631,1682648634568
632,1682648634569
633,1682648634569
634,1682648634569
635,1682648634570
636,1682648634570
637,1682648634570
638,1682648634571
639,1682648634571
640,1682648634571
641,1682648634572
642,1682648634572
643,1682648634572
644,1682648634573
645,1682648634573
646,1682648634573
647,1682648634573
648,1682648634574
649,1682648634574
650,1682648634574
651,1682648634575
652,1682648634575
653,1682648634575
654,1682648634575
655,1682648634576
656,1682648634576
657,1682648634576
658,1682648634577
659,1682648634577
660,1682648634577
661,1682648634577
662,1682648634578
663,1682648634578
664,1682648634578
665,1682648634579
666,1682648634579
667,1682648634579
668,1682648634580
669,1682648634580
670,1682648634580
671,1682648634580
672,1682648634580
673,1682648634581
674,1682648634581
675,1682648634581
676,1682648634581
677,1682648634581
678,1682648634582
679,1682648634582
680,1682648634582
681,1682648634582
682,1682648634582
683,1682648634583
684,1682648634583
685,1682648634583
686,1682648634583
687,1682648634583
688,1682648634584
689,1682648634584
690,1682648634584
691,1682648634584
692,1682648634585
693,1682648634585
694,1682648634585
695,1682648634585
696,1682648634586
697,1682648634586
698,1682648634586
699,1682648634586
700,1682648634587
701,1682648634587
702,1682648634587
703,1682648634587
704,1682648634588
705,1682648634588
706,1682648634588
707,1682648634588
708,1682648634588
709,1682648634588
710,1682648634589
711,1682648634589
712,1682648634589
713,1682648634589
714,1682648634589
715,1682648634590
716,1682648634590
717,1682648634590
718,1682648634590
719,1682648634590
720,1682648634591
721,1682648634591
722,1682648634591
723,1682648634591
724,1682648634591
725,1682648634592
726,1682648634592
727,1682648634592
728,1682648634592
729,1682648634593
730,1682648634593
731,1682648634595
732,1682648634595
733,1682648634596
734,1682648634596
735,1682648634597
736,1682648634597
737,1682648634597
738,1682648634597
739,1682648634598
740,1682648634598
741,1682648634598
742,1682648634599
743,1682648634599
744,1682648634599
745,1682648634599
746,1682648634599
747,1682648634600
748,1682648634600
749,1682648634600
750,1682648634601
751,1682648634601
752,1682648634601
753,1682648634601
754,1682648634602
755,1682648634602
756,1682648634602
757,1682648634602
758,1682648634602
759,1682648634602
760,1682648634603
761,1682648634603
762,1682648634603
763,1682648634603
764,1682648634603
765,1682648634604
766,1682648634604
767,1682648634604
768,1682648634604
769,1682648634604
770,1682648634605
771,1682648634605
772,1682648634605
773,1682648634605
774,1682648634605
775,1682648634606
776,1682648634606
777,1682648634606
778,1682648634606
779,1682648634606
780,1682648634607
781,1682648634611
782,1682648634611
783,1682648634611
784,1682648634612
785,1682648634612
786,1682648634612
787,1682648634613
788,1682648634613
789,1682648634614
790,1682648634614
791,1682648634615
792,1682648634616
793,1682648634616
794,1682648634617
795,1682648634617
796,1682648634618
797,1682648634618
798,1682648634618
799,1682648634619
800,1682648634619
801,1682648634619
802,1682648634619
803,1682648634620
804,1682648634620
805,1682648634620
806,1682648634620
807,1682648634620
808,1682648634621
809,1682648634621
810,1682648634621
811,1682648634621
812,1682648634621
813,1682648634622
814,1682648634622
815,1682648634622
816,1682648634623
817,1682648634623
818,1682648634623
819,1682648634623
820,1682648634623
821,1682648634624
822,1682648634624
823,1682648634624
824,1682648634624
825,1682648634625
826,1682648634625
827,1682648634625
828,1682648634625
829,1682648634625
830,1682648634626
831,1682648634626
832,1682648634626
833,1682648634627
834,1682648634627
835,1682648634627
836,1682648634628
837,1682648634628
838,1682648634628
839,1682648634629
840,1682648634629
841,1682648634630
842,1682648634630
843,1682648634630
844,1682648634630
845,1682648634630
846,1682648634631
847,1682648634631
848,1682648634631
849,1682648634631
850,1682648634631
851,1682648634632
852,1682648634632
853,1682648634632
854,1682648634632
855,1682648634632
856,1682648634633
857,1682648634633
858,1682648634633
859,1682648634633
860,1682648634634
861,1682648634634
862,1682648634634
863,1682648635030
864,1682648635032
865,1682648635036
866,1682648635043
867,1682648635045
868,1682648635046
869,1682648635048
870,1682648635048
871,1682648635050
872,1682648635051
873,1682648635052
874,1682648635052
875,1682648635053
876,1682648635053
877,1682648635054
878,1682648635055
879,1682648635056
880,1682648635057
881,1682648635057
882,1682648635058
883,1682648635062
884,1682648635062
885,1682648635066
886,1682648635066
887,1682648635066
888,1682648635067
889,1682648635067
890,1682648635068
891,1682648635068
892,1682648635068
893,1682648635069
894,1682648635069
895,1682648635070
896,1682648635071
897,1682648635073
898,1682648635078
899,1682648635080
900,1682648635080
901,1682648635081
902,1682648635082
903,1682648635083
904,1682648635084
905,1682648635085
906,1682648635085
907,1682648635085
908,1682648635089
909,1682648635097
910,1682648635100
911,1682648635100
912,1682648635101
913,1682648635106
914,1682648635108
915,1682648635113
916,1682648635114
917,1682648635115
918,1682648635116
919,1682648635117
920,1682648635117
921,1682648635118
922,1682648635118
923,1682648635124
924,1682648635124
925,1682648635125
926,1682648635125
927,1682648635128
928,1682648635129
929,1682648635129
930,1682648635131
931,1682648635131
932,1682648635132
933,1682648635132
934,1682648635133
935,1682648635133
936,1682648635133
937,1682648635134
938,1682648635134
939,1682648635134
940,1682648635135
941,1682648635135
942,1682648635135
943,1682648635135
944,1682648635136
945,1682648635136
946,1682648635137
947,1682648635137
948,1682648635138
949,1682648635138
950,1682648635139
951,1682648635139
952,1682648635139
953,1682648635140
954,1682648635140
955,1682648635140
956,1682648635141
957,1682648635141
958,1682648635141
959,1682648635148
960,1682648635151
961,1682648635153
962,1682648635154
963,1682648635154
964,1682648635155
965,1682648635156
966,1682648635156
967,1682648635156
968,1682648635157
969,1682648635157
970,1682648635157
971,1682648635158
972,1682648635158
973,1682648635158
974,1682648635160
975,1682648635162
976,1682648635163
977,1682648635164
978,1682648635166
979,1682648635166
980,1682648635166
981,1682648635167
982,1682648635167
983,1682648635167
984,1682648635167
985,1682648635168
986,1682648635168
987,1682648635168
988,1682648635169
989,1682648635169
990,1682648635170
991,1682648635171
992,1682648635171
993,1682648635172
994,1682648635172
995,1682648635172
996,1682648635173
997,1682648635173
998,1682648635173
999,1682648635173
1000,1682648635174
1001,1682648635174
1002,1682648635174
1003,1682648635175
1004,1682648635175
1005,1682648635175
1006,1682648635175
1007,1682648635176
1008,1682648635176
1009,1682648635176
1010,1682648635176
1011,1682648635177
1012,1682648635177
1013,1682648635177
1014,1682648635178
1015,1682648635178
1016,1682648635180
1017,1682648635181
1018,1682648635183
1019,1682648635186
1020,1682648635187
1021,1682648635187
1022,1682648635187
1023,1682648635188
1024,1682648635188
1025,1682648635188
1026,1682648635189
1027,1682648635189
1028,1682648635189
1029,1682648635190
1030,1682648635190
1031,1682648635190
1032,1682648635195
1033,1682648635200
1034,1682648635201
1035,1682648635201
1036,1682648635202
1037,1682648635203
1038,1682648635204
1039,1682648635204
1040,1682648635205
1041,1682648635205
1042,1682648635206
1043,1682648635206
1044,1682648635207
1045,1682648635207
1046,1682648635208
1047,1682648635208
1048,1682648635210
1049,1682648635212
1050,1682648635213
1051,1682648635213
1052,1682648635216
1053,1682648635217
1054,1682648635218
1055,1682648635218
1056,1682648635219
1057,1682648635219
1058,1682648635220
1059,1682648635220
1060,1682648635221
1061,1682648635221
1062,1682648635221
1063,1682648635222
1064,1682648635222
1065,1682648635222
1066,1682648635223
1067,1682648635223
1068,1682648635223
1069,1682648635224
1070,1682648635224
1071,1682648635224
1072,1682648635224
1073,1682648635225
1074,1682648635225
1075,1682648635226
1076,1682648635226
1077,1682648635227
1078,1682648635227
1079,1682648635228
1080,1682648635228
1081,1682648635229
1082,1682648635230
1083,1682648635231
1084,1682648635231
1085,1682648635231
1086,1682648635232
1087,1682648635233
1088,1682648635233
1089,1682648635234
1090,1682648635234
1091,1682648635234
1092,1682648635235
1093,1682648635235
1094,1682648635236
1095,1682648635236
1096,1682648635236
1097,1682648635237
1098,1682648635237
1099,1682648635237
1100,1682648635238
1101,1682648635238
1102,1682648635238
1103,1682648635239
1104,1682648635239
1105,1682648635239
1106,1682648635240
1107,1682648635240
1108,1682648635241
1109,1682648635241
1110,1682648635242
1111,1682648635243
1112,1682648635245
1113,1682648635246
1114,1682648635247
1115,1682648635247
1116,1682648635247
1117,1682648635248
1118,1682648635249
1119,1682648635249
1120,1682648635250
1121,1682648635250
1122,1682648635251
1123,1682648635251
1124,1682648635253
1125,1682648635253
1126,1682648635254
1127,1682648635254
1128,1682648635254
1129,1682648635255
1130,1682648635255
1131,1682648635255
1132,1682648635256
1133,1682648635256
1134,1682648635256
1135,1682648635256
1136,1682648635257
1137,1682648635257
1138,1682648635258
1139,1682648635258
1140,1682648635258
1141,1682648635259
1142,1682648635261
1143,1682648635264
1144,1682648635264
1145,1682648635265
1146,1682648635266
1147,1682648635266
1148,1682648635266
1149,1682648635267
1150,1682648635267
1151,1682648635269
1152,1682648635272
1153,1682648635273
1154,1682648635273
1155,1682648635273
1156,1682648635274
1157,1682648635274
1158,1682648635274
1159,1682648635275
1160,1682648635275
1161,1682648635276
1162,1682648635278
1163,1682648635279
1164,1682648635279
1165,1682648635280
1166,1682648635280
1167,1682648635280
1168,1682648635281
1169,1682648635281
1170,1682648635282
1171,1682648635282
1172,1682648635283
1173,1682648635284
1174,1682648635284
1175,1682648635285
1176,1682648635285
1177,1682648635286
1178,1682648635286
1179,1682648635287
1180,1682648635287
1181,1682648635288
1182,1682648635289
1183,1682648635289
1184,1682648635290
1185,1682648635290
1186,1682648635291
1187,1682648635291
1188,1682648635291
1189,1682648635292
1190,1682648635294
1191,1682648635297
1192,1682648635299
1193,1682648635300
1194,1682648635300
1195,1682648635301
1196,1682648635301
1197,1682648635302
1198,1682648635302
1199,1682648635303
1200,1682648635303
1201,1682648635304
1202,1682648635304
1203,1682648635304
1204,1682648635304
1205,1682648635305
1206,1682648635305
1207,1682648635305
1208,1682648635305
1209,1682648635306
1210,1682648635306
1211,1682648635306
1212,1682648635306
1213,1682648635307
1214,1682648635307
1215,1682648635308
1216,1682648635308
1217,1682648635309
1218,1682648635309
1219,1682648635310
1220,1682648635310
1221,1682648635310
1222,1682648635310
1223,1682648635311
1224,1682648635312
1225,1682648635312
1226,1682648635312
1227,1682648635313
1228,1682648635313
1229,1682648635314
1230,1682648635314
1231,1682648635315
1232,1682648635315
1233,1682648635318
1234,1682648635318
1235,1682648635319
1236,1682648635320
1237,1682648635321
1238,1682648635321
1239,1682648635322
1240,1682648635322
1241,1682648635323
1242,1682648635323
1243,1682648635324
1244,1682648635325
1245,1682648635325
1246,1682648635326
1247,1682648635327
1248,1682648635327
1249,1682648635328
1250,1682648635328
1251,1682648635329
1252,1682648635329
1253,1682648635329
1254,1682648635330
1255,1682648635330
1256,1682648635331
1257,1682648635334
1258,1682648635336
1259,1682648635337
1260,1682648635337
1261,1682648635338
1262,1682648635338
1263,1682648635338
1264,1682648635339
1265,1682648635339
1266,1682648635340
1267,1682648635340
1268,1682648635340
1269,1682648635341
1270,1682648635341
1271,1682648635343
1272,1682648635363
1273,1682648635373
1274,1682648635374
1275,1682648635376
1276,1682648635377
1277,1682648635377
1278,1682648635382
1279,1682648635383
1280,1682648635383
