1,1682648097890
2,1682648097891
3,1682648097892
4,1682648097893
5,1682648097894
6,1682648097896
7,1682648097897
8,1682648097899
9,1682648097900
10,1682648097998
11,1682648098000
12,1682648098001
13,1682648098133
14,1682648098134
15,1682648098135
16,1682648098135
17,1682648098137
18,1682648098138
19,1682648098138
20,1682648098138
21,1682648098139
22,1682648098140
23,1682648098140
24,1682648098141
25,1682648098144
26,1682648098146
27,1682648098148
28,1682648098149
29,1682648098150
30,1682648098151
31,1682648098152
32,1682648098153
33,1682648098154
34,1682648098247
35,1682648098248
36,1682648098248
37,1682648098248
38,1682648098249
39,1682648098249
40,1682648098249
41,1682648098249
42,1682648098250
43,1682648098250
44,1682648098250
45,1682648098250
46,1682648098251
47,1682648098251
48,1682648098251
49,1682648098251
50,1682648098252
51,1682648098252
52,1682648098252
53,1682648098253
54,1682648098253
55,1682648098253
56,1682648098253
57,1682648098254
58,1682648098254
59,1682648098254
60,1682648098254
61,1682648098255
62,1682648098255
63,1682648098255
64,1682648098256
65,1682648098256
66,1682648098256
67,1682648098256
68,1682648098257
69,1682648098405
70,1682648098406
71,1682648098406
72,1682648098407
73,1682648098407
74,1682648098408
75,1682648098408
76,1682648098408
77,1682648098409
78,1682648098410
79,1682648098410
80,1682648098411
81,1682648098411
82,1682648098412
83,1682648098413
84,1682648098413
85,1682648098414
86,1682648098415
87,1682648098415
88,1682648098416
89,1682648098417
90,1682648098417
91,1682648098418
92,1682648098419
93,1682648098419
94,1682648098421
95,1682648098421
96,1682648098421
97,1682648098703
98,1682648098704
99,1682648098705
100,1682648098706
101,1682648098706
102,1682648098707
103,1682648098708
104,1682648098710
105,1682648098711
106,1682648098715
107,1682648098716
108,1682648098717
109,1682648098718
110,1682648098719
111,1682648098719
112,1682648098720
113,1682648098721
114,1682648098722
115,1682648098722
116,1682648098723
117,1682648098724
118,1682648098729
119,1682648098731
120,1682648098732
121,1682648098732
122,1682648098733
123,1682648098734
124,1682648098734
125,1682648099149
126,1682648099150
127,1682648099155
128,1682648099155
129,1682648099157
130,1682648099161
131,1682648099164
132,1682648099165
133,1682648099166
134,1682648099167
135,1682648099168
136,1682648099169
137,1682648099169
138,1682648099174
139,1682648099180
140,1682648099181
141,1682648099188
142,1682648099189
143,1682648099196
144,1682648099207
145,1682648099212
146,1682648099213
147,1682648099215
148,1682648099218
149,1682648099223
150,1682648099230
151,1682648099232
152,1682648099233
153,1682648099237
154,1682648099246
155,1682648099255
156,1682648099262
157,1682648099268
158,1682648099283
159,1682648099307
160,1682648099321
161,1682648099337
162,1682648099347
163,1682648099348
164,1682648099349
165,1682648099353
166,1682648099355
167,1682648099356
168,1682648099358
169,1682648099358
170,1682648099360
171,1682648099360
172,1682648099360
173,1682648099361
174,1682648099361
175,1682648099362
176,1682648099362
177,1682648099363
178,1682648099363
179,1682648099363
180,1682648099364
181,1682648099364
182,1682648099365
183,1682648099365
184,1682648099366
185,1682648099367
186,1682648099600
187,1682648099601
188,1682648099602
189,1682648099602
190,1682648099603
191,1682648099603
192,1682648099603
193,1682648099604
194,1682648099604
195,1682648099605
196,1682648099605
197,1682648099605
198,1682648099606
199,1682648099606
200,1682648099607
201,1682648099607
202,1682648099608
203,1682648099609
204,1682648099609
205,1682648099609
206,1682648099610
207,1682648099610
208,1682648099610
209,1682648099610
210,1682648099611
211,1682648099611
212,1682648099612
213,1682648099612
214,1682648099613
215,1682648099613
216,1682648099614
217,1682648099614
218,1682648099615
219,1682648099616
220,1682648099616
221,1682648099616
222,1682648099617
223,1682648099618
224,1682648099621
225,1682648099621
226,1682648099622
227,1682648099623
228,1682648099624
229,1682648099658
230,1682648099658
231,1682648099663
232,1682648099665
233,1682648099666
234,1682648099668
235,1682648099668
236,1682648099669
237,1682648099670
238,1682648099670
239,1682648099670
240,1682648099671
241,1682648099671
242,1682648099671
243,1682648099672
244,1682648099673
245,1682648099673
246,1682648099675
247,1682648099675
248,1682648099675
249,1682648099676
250,1682648099677
251,1682648099678
252,1682648099679
253,1682648099681
254,1682648099681
255,1682648099686
256,1682648099689
257,1682648099690
258,1682648099690
259,1682648099691
260,1682648099692
261,1682648099692
262,1682648099702
263,1682648099703
264,1682648099703
265,1682648099704
266,1682648099705
267,1682648099706
268,1682648099706
269,1682648099707
270,1682648099708
271,1682648099708
272,1682648099708
273,1682648099709
274,1682648099709
275,1682648099710
276,1682648099710
277,1682648099710
278,1682648099711
279,1682648099711
280,1682648099712
281,1682648099712
282,1682648099713
283,1682648099714
284,1682648099714
285,1682648099715
286,1682648099715
287,1682648099716
288,1682648099716
289,1682648099720
290,1682648099720
291,1682648099721
292,1682648099722
293,1682648099722
294,1682648099723
295,1682648099724
296,1682648099729
297,1682648099729
298,1682648099729
299,1682648099730
300,1682648099730
301,1682648099730
302,1682648099731
303,1682648099731
304,1682648099731
305,1682648099732
306,1682648099732
307,1682648099732
308,1682648099733
309,1682648099734
310,1682648099734
311,1682648099734
312,1682648099735
313,1682648099735
314,1682648099735
315,1682648099736
316,1682648099736
317,1682648099737
318,1682648099737
319,1682648099737
320,1682648099738
321,1682648099738
322,1682648099739
323,1682648099740
324,1682648099740
325,1682648099746
326,1682648099749
327,1682648099750
328,1682648099751
329,1682648099751
330,1682648099753
331,1682648099754
332,1682648099755
333,1682648099756
334,1682648099758
335,1682648099759
336,1682648099760
337,1682648099764
338,1682648099765
339,1682648099767
340,1682648099769
341,1682648099770
342,1682648099771
343,1682648099771
344,1682648099772
345,1682648099772
346,1682648099773
347,1682648099774
348,1682648099775
349,1682648099775
350,1682648099776
351,1682648099776
352,1682648099777
353,1682648099777
354,1682648099777
355,1682648099778
356,1682648099778
357,1682648099779
358,1682648099779
359,1682648099779
360,1682648099780
361,1682648099780
362,1682648099781
363,1682648099781
364,1682648099781
365,1682648099782
366,1682648099782
367,1682648099783
368,1682648099783
369,1682648099783
370,1682648099783
371,1682648099784
372,1682648099784
373,1682648099784
374,1682648099785
375,1682648099785
376,1682648099785
377,1682648099785
378,1682648099786
379,1682648099786
380,1682648099786
381,1682648099787
382,1682648099787
383,1682648099788
384,1682648099788
385,1682648099789
386,1682648099789
387,1682648099789
388,1682648099790
389,1682648099795
390,1682648099796
391,1682648099797
392,1682648099797
393,1682648099797
394,1682648099798
395,1682648099798
396,1682648099798
397,1682648099799
398,1682648099799
399,1682648099800
400,1682648099801
401,1682648099802
402,1682648099803
403,1682648099804
404,1682648099805
405,1682648099806
406,1682648099807
407,1682648099807
408,1682648099808
409,1682648099808
410,1682648099808
411,1682648099809
412,1682648099810
413,1682648099810
414,1682648099811
415,1682648099811
416,1682648099811
417,1682648099812
418,1682648099812
419,1682648099812
420,1682648099813
421,1682648099813
422,1682648099813
423,1682648099814
424,1682648099814
425,1682648099815
426,1682648099815
427,1682648099819
428,1682648099821
429,1682648099822
430,1682648099822
431,1682648099823
432,1682648099824
433,1682648099828
434,1682648099829
435,1682648099829
436,1682648099830
437,1682648099830
438,1682648099830
439,1682648099831
440,1682648099832
441,1682648099832
442,1682648099833
443,1682648099833
444,1682648099834
445,1682648099834
446,1682648099834
447,1682648099835
448,1682648099835
449,1682648099836
450,1682648099836
451,1682648099837
452,1682648099838
453,1682648099840
454,1682648099845
455,1682648099849
456,1682648099852
457,1682648099857
458,1682648099865
459,1682648099866
460,1682648099866
461,1682648099867
462,1682648099867
463,1682648099867
464,1682648099868
465,1682648099868
466,1682648099868
467,1682648099869
468,1682648099869
469,1682648099871
470,1682648099872
471,1682648099873
472,1682648099878
473,1682648099880
474,1682648099881
475,1682648099882
476,1682648099882
477,1682648099883
478,1682648099885
479,1682648099886
480,1682648099887
481,1682648099888
482,1682648099888
483,1682648099888
484,1682648099889
485,1682648099889
486,1682648099889
487,1682648099890
488,1682648099890
489,1682648099890
490,1682648099891
491,1682648099892
492,1682648099892
493,1682648099893
494,1682648099898
495,1682648099900
496,1682648099901
497,1682648099902
498,1682648099902
499,1682648099903
500,1682648099903
501,1682648099904
502,1682648099904
503,1682648099905
504,1682648099905
505,1682648099906
506,1682648099906
507,1682648099907
508,1682648099910
509,1682648099912
510,1682648099913
511,1682648099913
512,1682648099914
