1,1682648054255
2,1682648054257
3,1682648054258
4,1682648054275
5,1682648054276
6,1682648054278
7,1682648054297
8,1682648054307
9,1682648054327
10,1682648054338
11,1682648054487
12,1682648054488
13,1682648054489
14,1682648054490
15,1682648054707
16,1682648054708
17,1682648054709
18,1682648054710
19,1682648054710
20,1682648054711
21,1682648054711
22,1682648054712
23,1682648054712
24,1682648054713
25,1682648054713
26,1682648054714
27,1682648054714
28,1682648054715
29,1682648054716
30,1682648054717
31,1682648054718
32,1682648054723
33,1682648054724
34,1682648054725
35,1682648054725
36,1682648054727
37,1682648054727
38,1682648054728
39,1682648054729
40,1682648054729
41,1682648054730
42,1682648054731
43,1682648054731
44,1682648054732
45,1682648054732
46,1682648054733
47,1682648054734
48,1682648054735
49,1682648054740
50,1682648054742
51,1682648054742
52,1682648054743
53,1682648054744
54,1682648054744
55,1682648054745
56,1682648054746
57,1682648054746
58,1682648054747
59,1682648054747
60,1682648054748
61,1682648054749
62,1682648054749
63,1682648054750
64,1682648054757
65,1682648054758
66,1682648054762
67,1682648054766
68,1682648054775
69,1682648054783
70,1682648054793
71,1682648054797
72,1682648054799
73,1682648054807
74,1682648054809
75,1682648054810
76,1682648054812
77,1682648054813
78,1682648054814
79,1682648054815
80,1682648054816
81,1682648054817
82,1682648054817
83,1682648054823
84,1682648054825
85,1682648054828
86,1682648054830
87,1682648054833
88,1682648054834
89,1682648054834
90,1682648054840
91,1682648054841
92,1682648054843
93,1682648054845
94,1682648054846
95,1682648054848
96,1682648054849
97,1682648054850
98,1682648054851
99,1682648055346
100,1682648055347
101,1682648055348
102,1682648055348
103,1682648055349
104,1682648055349
105,1682648055349
106,1682648055350
107,1682648055350
108,1682648055351
109,1682648055351
110,1682648055357
111,1682648055360
112,1682648055362
113,1682648055363
114,1682648055364
115,1682648055365
116,1682648055365
117,1682648055366
118,1682648055366
119,1682648055367
120,1682648055368
121,1682648055375
122,1682648055376
123,1682648055377
124,1682648055377
125,1682648055378
126,1682648055380
127,1682648055381
128,1682648055382
129,1682648055383
130,1682648055384
131,1682648055387
132,1682648055389
133,1682648055391
134,1682648055392
135,1682648055395
136,1682648055401
137,1682648055409
138,1682648055410
139,1682648055412
140,1682648055412
141,1682648055413
142,1682648055414
143,1682648055415
144,1682648055416
145,1682648055416
146,1682648055417
147,1682648055417
148,1682648055418
149,1682648055423
150,1682648055424
151,1682648055425
152,1682648055431
153,1682648055433
154,1682648055434
155,1682648055434
156,1682648055442
157,1682648055443
158,1682648055444
159,1682648055445
160,1682648055445
161,1682648055445
162,1682648055446
163,1682648055447
164,1682648055447
165,1682648055447
166,1682648055448
167,1682648055448
168,1682648055449
169,1682648055449
170,1682648055449
171,1682648055450
172,1682648055450
173,1682648055451
174,1682648055451
175,1682648055452
176,1682648055453
177,1682648055453
178,1682648055455
179,1682648055456
180,1682648055458
181,1682648055459
182,1682648055459
183,1682648055460
184,1682648055460
185,1682648055461
186,1682648055462
187,1682648055463
188,1682648055463
189,1682648055464
190,1682648055464
191,1682648055465
192,1682648055466
193,1682648055467
194,1682648055468
195,1682648055473
196,1682648055477
197,1682648055478
198,1682648055482
199,1682648055489
200,1682648055495
201,1682648055501
202,1682648055509
203,1682648055512
204,1682648055513
205,1682648055514
206,1682648055515
207,1682648055515
208,1682648055516
209,1682648055516
210,1682648055517
211,1682648055517
212,1682648055731
213,1682648055733
214,1682648055734
215,1682648055740
216,1682648055751
217,1682648055767
218,1682648055773
219,1682648055780
220,1682648055789
221,1682648055792
222,1682648055795
223,1682648055799
224,1682648055803
225,1682648055806
226,1682648055809
227,1682648055810
228,1682648055811
229,1682648055812
230,1682648055813
231,1682648055816
232,1682648055817
233,1682648055825
234,1682648055826
235,1682648055827
236,1682648055827
237,1682648055846
238,1682648055847
239,1682648055847
240,1682648055848
241,1682648055849
242,1682648055849
243,1682648055851
244,1682648055851
245,1682648055852
246,1682648055852
247,1682648055853
248,1682648055860
249,1682648055876
250,1682648055895
251,1682648055896
252,1682648055899
253,1682648055913
254,1682648055920
255,1682648055934
256,1682648055956
257,1682648055965
258,1682648055990
259,1682648055995
260,1682648056005
261,1682648056009
262,1682648056023
263,1682648056030
264,1682648056036
265,1682648056047
266,1682648056050
267,1682648056057
268,1682648056058
269,1682648056059
270,1682648056059
271,1682648056060
272,1682648056061
273,1682648056061
274,1682648056062
275,1682648056062
276,1682648056063
277,1682648056063
278,1682648056064
279,1682648056064
280,1682648056065
281,1682648056065
282,1682648056065
283,1682648056066
284,1682648056071
285,1682648056071
286,1682648056072
287,1682648056072
288,1682648056073
289,1682648056073
290,1682648056074
291,1682648056074
292,1682648056075
293,1682648056075
294,1682648056076
295,1682648056076
296,1682648056076
297,1682648056077
298,1682648056077
299,1682648056078
300,1682648056078
301,1682648056084
302,1682648056084
303,1682648056085
304,1682648056086
305,1682648056092
306,1682648056094
307,1682648056095
308,1682648056099
309,1682648056100
310,1682648056105
311,1682648056110
312,1682648056111
313,1682648056111
314,1682648056112
315,1682648056112
316,1682648056112
317,1682648056113
318,1682648056113
319,1682648056114
320,1682648056114
321,1682648056115
322,1682648056115
323,1682648056116
324,1682648056117
325,1682648056119
326,1682648056120
327,1682648056121
328,1682648056122
329,1682648056123
330,1682648056124
331,1682648056126
332,1682648056127
333,1682648056128
334,1682648056129
335,1682648056129
336,1682648056130
337,1682648056131
338,1682648056132
339,1682648056133
340,1682648056139
341,1682648056140
342,1682648056141
343,1682648056142
344,1682648056146
345,1682648056150
346,1682648056155
347,1682648056156
348,1682648056157
349,1682648056158
350,1682648056158
351,1682648056159
352,1682648056159
353,1682648056159
354,1682648056159
355,1682648056160
356,1682648056160
357,1682648056160
358,1682648056161
359,1682648056161
360,1682648056161
361,1682648056162
362,1682648056162
363,1682648056162
364,1682648056163
365,1682648056164
366,1682648056165
367,1682648056166
368,1682648056166
369,1682648056167
370,1682648056168
371,1682648056173
372,1682648056176
373,1682648056177
374,1682648056178
375,1682648056178
376,1682648056181
377,1682648056182
378,1682648056183
379,1682648056183
380,1682648056184
381,1682648056184
382,1682648056185
383,1682648056185
384,1682648056186
385,1682648056186
386,1682648056186
387,1682648056187
388,1682648056187
389,1682648056189
390,1682648056189
391,1682648056190
392,1682648056191
393,1682648056191
394,1682648056192
395,1682648056192
396,1682648056193
397,1682648056193
398,1682648056193
399,1682648056194
400,1682648056195
401,1682648056195
402,1682648056195
403,1682648056196
404,1682648056196
405,1682648056196
406,1682648056197
407,1682648056197
408,1682648056197
409,1682648056198
410,1682648056198
411,1682648056199
412,1682648056199
413,1682648056200
414,1682648056200
415,1682648056200
416,1682648056201
417,1682648056201
418,1682648056206
419,1682648056206
420,1682648056206
421,1682648056207
422,1682648056207
423,1682648056208
424,1682648056208
425,1682648056208
426,1682648056209
427,1682648056209
428,1682648056209
429,1682648056211
430,1682648056211
431,1682648056211
432,1682648056212
433,1682648056212
434,1682648056213
435,1682648056213
436,1682648056214
437,1682648056214
438,1682648056215
439,1682648056215
440,1682648056217
441,1682648056217
442,1682648056220
443,1682648056222
444,1682648056223
445,1682648056223
446,1682648056224
447,1682648056224
448,1682648056225
449,1682648056225
450,1682648056226
451,1682648056226
452,1682648056227
453,1682648056228
454,1682648056228
455,1682648056229
456,1682648056230
457,1682648056230
458,1682648056231
459,1682648056231
460,1682648056231
461,1682648056232
462,1682648056232
463,1682648056233
464,1682648056233
465,1682648056234
466,1682648056234
467,1682648056234
468,1682648056240
469,1682648056241
470,1682648056242
471,1682648056242
472,1682648056243
473,1682648056244
474,1682648056244
475,1682648056244
476,1682648056245
477,1682648056245
478,1682648056245
479,1682648056246
480,1682648056246
481,1682648056247
482,1682648056247
483,1682648056247
484,1682648056248
485,1682648056248
486,1682648056249
487,1682648056250
488,1682648056250
489,1682648056251
490,1682648056251
491,1682648056258
492,1682648056259
493,1682648056261
494,1682648056262
495,1682648056265
496,1682648056266
497,1682648056267
498,1682648056268
499,1682648056268
500,1682648056269
501,1682648056270
502,1682648056272
503,1682648056273
504,1682648056273
505,1682648056274
506,1682648056275
507,1682648056276
508,1682648056278
509,1682648056279
510,1682648056279
511,1682648056280
512,1682648056280
