1,1682648319480
2,1682648319483
3,1682648319486
4,1682648319488
5,1682648319489
6,1682648319490
7,1682648319491
8,1682648319492
9,1682648319493
10,1682648319609
11,1682648319610
12,1682648319610
13,1682648319611
14,1682648319612
15,1682648319613
16,1682648319613
17,1682648319614
18,1682648319616
19,1682648319616
20,1682648319617
21,1682648319684
22,1682648319685
23,1682648319685
24,1682648319686
25,1682648319686
26,1682648319686
27,1682648319687
28,1682648319687
29,1682648319688
30,1682648319688
31,1682648319689
32,1682648319689
33,1682648319690
34,1682648319691
35,1682648319691
36,1682648319692
37,1682648319692
38,1682648319693
39,1682648319694
40,1682648319694
41,1682648319695
42,1682648319695
43,1682648319696
44,1682648319836
45,1682648319839
46,1682648319840
47,1682648319841
48,1682648319842
49,1682648319842
50,1682648319843
51,1682648319843
52,1682648319843
53,1682648319844
54,1682648319844
55,1682648319845
56,1682648319845
57,1682648319846
58,1682648319846
59,1682648319847
60,1682648319847
61,1682648319848
62,1682648319848
63,1682648319849
64,1682648319849
65,1682648319850
66,1682648319850
67,1682648319850
68,1682648319851
69,1682648319851
70,1682648319851
71,1682648319852
72,1682648319852
73,1682648319853
74,1682648319853
75,1682648319856
76,1682648319856
77,1682648319858
78,1682648319858
79,1682648319859
80,1682648319860
81,1682648319929
82,1682648319929
83,1682648319930
84,1682648319931
85,1682648319931
86,1682648319932
87,1682648319932
88,1682648319933
89,1682648320103
90,1682648320103
91,1682648320104
92,1682648320105
93,1682648320105
94,1682648320107
95,1682648320107
96,1682648320108
97,1682648320108
98,1682648320109
99,1682648320109
100,1682648320110
101,1682648320110
102,1682648320111
103,1682648320111
104,1682648320111
105,1682648320112
106,1682648320112
107,1682648320112
108,1682648320113
109,1682648320113
110,1682648320114
111,1682648320114
112,1682648320114
113,1682648320114
114,1682648320115
115,1682648320115
116,1682648320115
117,1682648320116
118,1682648320116
119,1682648320116
120,1682648320116
121,1682648320117
122,1682648320117
123,1682648320118
124,1682648320118
125,1682648320119
126,1682648320119
127,1682648320120
128,1682648320121
129,1682648320121
130,1682648320122
131,1682648320122
132,1682648320123
133,1682648320261
134,1682648320262
135,1682648320262
136,1682648320263
137,1682648320263
138,1682648320263
139,1682648320264
140,1682648320264
141,1682648320265
142,1682648320265
143,1682648320265
144,1682648320266
145,1682648320266
146,1682648320266
147,1682648320267
148,1682648320267
149,1682648320268
150,1682648320269
151,1682648320269
152,1682648320273
153,1682648320274
154,1682648320275
155,1682648320276
156,1682648320277
157,1682648320277
158,1682648320278
159,1682648320278
160,1682648320279
161,1682648320340
162,1682648320340
163,1682648320340
164,1682648320341
165,1682648320341
166,1682648320342
167,1682648320342
168,1682648320343
169,1682648320343
170,1682648320344
171,1682648320344
172,1682648320344
173,1682648320345
174,1682648320345
175,1682648320346
176,1682648320346
177,1682648320346
178,1682648320346
179,1682648320347
180,1682648320347
181,1682648320347
182,1682648320348
183,1682648320348
184,1682648320348
185,1682648320349
186,1682648320349
187,1682648320349
188,1682648320350
189,1682648320350
190,1682648320350
191,1682648320350
192,1682648320350
193,1682648320351
194,1682648320351
195,1682648320351
196,1682648320351
197,1682648320352
198,1682648320352
199,1682648320353
200,1682648320355
201,1682648320355
202,1682648320356
203,1682648320356
204,1682648320357
205,1682648320357
206,1682648320357
207,1682648320479
208,1682648320480
209,1682648320480
210,1682648320481
211,1682648320481
212,1682648320481
213,1682648320482
214,1682648320482
215,1682648320483
216,1682648320483
217,1682648320484
218,1682648320484
219,1682648320484
220,1682648320485
221,1682648320485
222,1682648320485
223,1682648320486
224,1682648320488
225,1682648320489
226,1682648320489
227,1682648320490
228,1682648320491
229,1682648320491
230,1682648320492
231,1682648320492
232,1682648320493
233,1682648320494
234,1682648320495
235,1682648320495
236,1682648320496
237,1682648320497
238,1682648320498
239,1682648320499
240,1682648320499
241,1682648320500
242,1682648320501
243,1682648320501
244,1682648320502
245,1682648320502
246,1682648320503
247,1682648320504
248,1682648320505
249,1682648320506
250,1682648320507
251,1682648320508
252,1682648320508
253,1682648320509
254,1682648320509
255,1682648320510
256,1682648320510
257,1682648320511
258,1682648320512
259,1682648320513
260,1682648320513
261,1682648320514
262,1682648320514
263,1682648320514
264,1682648320515
265,1682648320515
266,1682648320516
267,1682648320516
268,1682648320516
269,1682648320517
270,1682648320518
271,1682648320521
272,1682648320523
273,1682648320524
274,1682648320524
275,1682648320525
276,1682648320525
277,1682648320526
278,1682648320526
279,1682648320527
280,1682648320527
281,1682648320528
282,1682648320529
283,1682648320530
284,1682648320530
285,1682648320531
286,1682648320531
287,1682648320531
288,1682648320532
289,1682648320532
290,1682648320533
291,1682648320533
292,1682648320623
293,1682648320623
294,1682648320624
295,1682648320625
296,1682648320625
297,1682648320626
298,1682648320626
299,1682648320626
300,1682648320627
301,1682648320627
302,1682648320627
303,1682648320627
304,1682648320628
305,1682648320628
306,1682648320749
307,1682648320750
308,1682648320751
309,1682648320751
310,1682648320751
311,1682648320752
312,1682648320752
313,1682648320755
314,1682648320756
315,1682648320757
316,1682648320758
317,1682648320758
318,1682648320758
319,1682648320759
320,1682648320759
321,1682648320760
322,1682648320760
323,1682648320761
324,1682648320761
325,1682648320761
326,1682648320762
327,1682648320763
328,1682648320763
329,1682648320764
330,1682648320764
331,1682648320764
332,1682648320765
333,1682648320765
334,1682648320765
335,1682648320766
336,1682648320766
337,1682648320766
338,1682648320767
339,1682648320767
340,1682648320767
341,1682648320768
342,1682648320768
343,1682648320769
344,1682648320772
345,1682648320773
346,1682648320774
347,1682648320774
348,1682648320775
349,1682648320775
350,1682648320775
351,1682648320776
352,1682648320777
353,1682648320777
354,1682648320777
355,1682648320777
356,1682648320778
357,1682648320778
358,1682648320779
359,1682648320780
360,1682648320780
361,1682648320780
362,1682648320781
363,1682648320781
364,1682648320861
365,1682648320861
366,1682648320861
367,1682648320861
368,1682648320862
369,1682648320862
370,1682648320862
371,1682648320862
372,1682648320863
373,1682648320863
374,1682648320863
375,1682648320863
376,1682648320864
377,1682648320864
378,1682648320864
379,1682648320864
380,1682648320865
381,1682648320865
382,1682648320865
383,1682648320865
384,1682648320866
385,1682648320866
386,1682648320866
387,1682648320867
388,1682648320867
389,1682648320869
390,1682648320870
391,1682648320874
392,1682648320875
393,1682648320875
394,1682648320876
395,1682648320876
396,1682648320876
397,1682648320876
398,1682648320876
399,1682648320877
400,1682648320877
401,1682648320877
402,1682648320878
403,1682648320878
404,1682648320878
405,1682648320878
406,1682648320878
407,1682648320878
408,1682648320879
409,1682648320879
410,1682648320879
411,1682648320879
412,1682648320880
413,1682648320880
414,1682648320880
415,1682648320881
416,1682648320881
417,1682648320881
418,1682648320881
419,1682648320881
420,1682648320882
421,1682648320882
422,1682648320993
423,1682648320993
424,1682648320994
425,1682648320994
426,1682648320994
427,1682648320994
428,1682648320994
429,1682648320994
430,1682648320994
431,1682648320994
432,1682648320995
433,1682648320995
434,1682648320995
435,1682648320995
436,1682648320995
437,1682648320995
438,1682648320995
439,1682648320995
440,1682648320996
441,1682648320996
442,1682648320996
443,1682648320996
444,1682648320996
445,1682648320996
446,1682648320997
447,1682648320997
448,1682648320997
449,1682648320997
450,1682648320997
451,1682648320997
452,1682648320997
453,1682648320997
454,1682648320998
455,1682648320998
456,1682648320998
457,1682648320998
458,1682648320998
459,1682648320998
460,1682648320998
461,1682648320998
462,1682648320998
463,1682648320999
464,1682648320999
465,1682648320999
466,1682648320999
467,1682648320999
468,1682648320999
469,1682648320999
470,1682648320999
471,1682648320999
472,1682648321000
473,1682648321000
474,1682648321000
475,1682648321000
476,1682648321000
477,1682648321000
478,1682648321000
479,1682648321000
480,1682648321000
481,1682648321001
482,1682648321001
483,1682648321001
484,1682648321001
485,1682648321001
486,1682648321001
487,1682648321001
488,1682648321002
489,1682648321002
490,1682648321002
491,1682648321002
492,1682648321002
493,1682648321002
494,1682648321002
495,1682648321003
496,1682648321003
497,1682648321003
498,1682648321003
499,1682648321004
500,1682648321004
501,1682648321004
502,1682648321004
503,1682648321004
504,1682648321005
505,1682648321082
506,1682648321082
507,1682648321082
508,1682648321082
509,1682648321082
510,1682648321082
511,1682648321082
512,1682648321083
513,1682648321083
514,1682648321083
515,1682648321083
516,1682648321083
517,1682648321083
518,1682648321084
519,1682648321084
520,1682648321084
521,1682648321084
522,1682648321085
523,1682648321085
524,1682648321085
525,1682648321085
526,1682648321085
527,1682648321085
528,1682648321086
529,1682648321086
530,1682648321086
531,1682648321086
532,1682648321087
533,1682648321087
534,1682648321087
535,1682648321087
536,1682648321088
537,1682648321248
538,1682648321248
539,1682648321248
540,1682648321249
541,1682648321249
542,1682648321249
543,1682648321249
544,1682648321250
545,1682648321250
546,1682648321250
547,1682648321251
548,1682648321251
549,1682648321251
550,1682648321252
551,1682648321252
552,1682648321252
553,1682648321252
554,1682648321257
555,1682648321257
556,1682648321258
557,1682648321258
558,1682648321258
559,1682648321259
560,1682648321259
561,1682648321259
562,1682648321259
563,1682648321260
564,1682648321260
565,1682648321260
566,1682648321260
567,1682648321261
568,1682648321261
569,1682648321262
570,1682648321262
571,1682648321262
572,1682648321263
573,1682648321263
574,1682648321263
575,1682648321264
576,1682648321264
577,1682648321265
578,1682648321265
579,1682648321265
580,1682648321266
581,1682648321266
582,1682648321267
583,1682648321267
584,1682648321267
585,1682648321268
586,1682648321268
587,1682648321268
588,1682648321269
589,1682648321269
590,1682648321269
591,1682648321270
592,1682648321271
593,1682648321272
594,1682648321272
595,1682648321273
596,1682648321274
597,1682648321274
598,1682648321275
599,1682648321275
600,1682648321275
601,1682648321276
602,1682648321276
603,1682648321276
604,1682648321276
605,1682648321276
606,1682648321276
607,1682648321276
608,1682648321277
609,1682648321277
610,1682648321277
611,1682648321278
612,1682648321278
613,1682648321278
614,1682648321278
615,1682648321279
616,1682648321279
617,1682648321279
618,1682648321279
619,1682648321280
620,1682648321280
621,1682648321280
622,1682648321280
623,1682648321281
624,1682648321281
625,1682648321281
626,1682648321281
627,1682648321282
628,1682648321282
629,1682648321283
630,1682648321418
631,1682648321419
632,1682648321419
633,1682648321423
634,1682648321424
635,1682648321425
636,1682648321426
637,1682648321427
638,1682648321427
639,1682648321428
640,1682648321428
641,1682648321428
642,1682648321429
643,1682648321429
644,1682648321429
645,1682648321430
646,1682648321430
647,1682648321431
648,1682648321431
649,1682648321431
650,1682648321432
651,1682648321432
652,1682648321432
653,1682648321433
654,1682648321433
655,1682648321433
656,1682648321433
657,1682648321434
658,1682648321434
659,1682648321434
660,1682648321434
661,1682648321435
662,1682648321435
663,1682648321436
664,1682648321440
665,1682648321440
666,1682648321441
667,1682648321442
668,1682648321443
669,1682648321443
670,1682648321443
671,1682648321443
672,1682648321444
673,1682648321444
674,1682648321446
675,1682648321447
676,1682648321447
677,1682648321447
678,1682648321447
679,1682648321448
680,1682648321448
681,1682648321448
682,1682648321449
683,1682648321449
684,1682648321449
685,1682648321450
686,1682648321450
687,1682648321451
688,1682648321452
689,1682648321452
690,1682648321453
691,1682648321453
692,1682648321454
693,1682648321454
694,1682648321455
695,1682648321456
696,1682648321458
697,1682648321458
698,1682648321459
699,1682648321459
700,1682648321459
701,1682648321460
702,1682648321461
703,1682648321461
704,1682648321461
705,1682648321462
706,1682648321462
707,1682648321462
708,1682648321462
709,1682648321463
710,1682648321463
711,1682648321464
712,1682648321464
713,1682648321465
714,1682648321465
715,1682648321466
716,1682648321466
717,1682648321466
718,1682648321466
719,1682648321467
720,1682648321467
721,1682648321468
722,1682648321468
723,1682648321468
724,1682648321468
725,1682648321469
726,1682648321473
727,1682648321473
728,1682648321473
729,1682648321474
730,1682648321475
731,1682648321475
732,1682648321476
733,1682648321477
734,1682648321477
735,1682648321477
736,1682648321478
737,1682648321478
738,1682648321478
739,1682648321479
740,1682648321479
741,1682648321479
742,1682648321480
743,1682648321480
744,1682648321480
745,1682648321481
746,1682648321481
747,1682648321481
748,1682648321482
749,1682648321482
750,1682648321482
751,1682648321483
752,1682648321483
753,1682648321483
754,1682648321483
755,1682648321484
756,1682648321484
757,1682648321484
758,1682648321484
759,1682648321484
760,1682648321485
761,1682648321485
762,1682648321485
763,1682648321487
764,1682648321487
765,1682648321488
766,1682648321489
767,1682648321490
768,1682648321490
