1,1682648013652
2,1682648013654
3,1682648013657
4,1682648013658
5,1682648013660
6,1682648013662
7,1682648013664
8,1682648013666
9,1682648013667
10,1682648013668
11,1682648014022
12,1682648014023
13,1682648014023
14,1682648014027
15,1682648014032
16,1682648014035
17,1682648014039
18,1682648014042
19,1682648014042
20,1682648014043
21,1682648014043
22,1682648014958
23,1682648014966
24,1682648014967
25,1682648014969
26,1682648014971
27,1682648014971
28,1682648014972
29,1682648014972
30,1682648014974
31,1682648014974
32,1682648014975
33,1682648014975
34,1682648014976
35,1682648014976
36,1682648014977
37,1682648014977
38,1682648014978
39,1682648014979
40,1682648014981
41,1682648014982
42,1682648014983
43,1682648014984
44,1682648014984
45,1682648014985
46,1682648014986
47,1682648014987
48,1682648014990
49,1682648014991
50,1682648014991
51,1682648014992
52,1682648014992
53,1682648014993
54,1682648014993
55,1682648014993
56,1682648015001
57,1682648015002
58,1682648015003
59,1682648015006
60,1682648015008
61,1682648015016
62,1682648015019
63,1682648015026
64,1682648015053
65,1682648015103
66,1682648015134
67,1682648015148
68,1682648015170
69,1682648015179
70,1682648015199
71,1682648015207
72,1682648015227
73,1682648015240
74,1682648015249
75,1682648015267
76,1682648015268
77,1682648015270
78,1682648015272
79,1682648015274
80,1682648015276
81,1682648015277
82,1682648015281
83,1682648015283
84,1682648015284
85,1682648015285
86,1682648015286
87,1682648015287
88,1682648015288
89,1682648015289
90,1682648015290
91,1682648015290
92,1682648015291
93,1682648015293
94,1682648015294
95,1682648015294
96,1682648015296
97,1682648015297
98,1682648015298
99,1682648015299
100,1682648015304
101,1682648015304
102,1682648015305
103,1682648015306
104,1682648015306
105,1682648015307
106,1682648015307
107,1682648015308
108,1682648015308
109,1682648015309
110,1682648015310
111,1682648015311
112,1682648015314
113,1682648015317
114,1682648015320
115,1682648015321
116,1682648015322
117,1682648015323
118,1682648015335
119,1682648015338
120,1682648015343
121,1682648015353
122,1682648015355
123,1682648015358
124,1682648015368
125,1682648015373
126,1682648015374
127,1682648015375
128,1682648015376
129,1682648015378
130,1682648015383
131,1682648015384
132,1682648015385
133,1682648015385
134,1682648015386
135,1682648015387
136,1682648015387
137,1682648015389
138,1682648015389
139,1682648015390
140,1682648015391
141,1682648015392
142,1682648015392
143,1682648015394
144,1682648015399
145,1682648015401
146,1682648015403
147,1682648015404
148,1682648015405
149,1682648015406
150,1682648015407
151,1682648015408
152,1682648015408
153,1682648015409
154,1682648015409
155,1682648015410
156,1682648015417
157,1682648015419
158,1682648015420
159,1682648015421
160,1682648015422
161,1682648015423
162,1682648015424
163,1682648015426
164,1682648015428
165,1682648015436
166,1682648015441
167,1682648015442
168,1682648015443
169,1682648015444
170,1682648015449
171,1682648015451
172,1682648015453
173,1682648015455
174,1682648015456
175,1682648015457
176,1682648015457
177,1682648015458
178,1682648015458
179,1682648015459
180,1682648015459
181,1682648015460
182,1682648015460
183,1682648015460
184,1682648015461
185,1682648015463
186,1682648015463
187,1682648015464
188,1682648015465
189,1682648015466
190,1682648015466
191,1682648015467
192,1682648015468
193,1682648015469
194,1682648015469
195,1682648015470
196,1682648015470
197,1682648015471
198,1682648015472
199,1682648015472
200,1682648015473
201,1682648015476
202,1682648015479
203,1682648015499
204,1682648015502
205,1682648015513
206,1682648015519
207,1682648015524
208,1682648015534
209,1682648015537
210,1682648015541
211,1682648015544
212,1682648015547
213,1682648015547
214,1682648015548
215,1682648015551
216,1682648015556
217,1682648015570
218,1682648015575
219,1682648015585
220,1682648015589
221,1682648015594
222,1682648015597
223,1682648015598
224,1682648015602
225,1682648015603
226,1682648015604
227,1682648015605
228,1682648015605
229,1682648015606
230,1682648015606
231,1682648015607
232,1682648015607
233,1682648015608
234,1682648015608
235,1682648015609
236,1682648015609
237,1682648015609
238,1682648015610
239,1682648015610
240,1682648015611
241,1682648015613
242,1682648015615
243,1682648015616
244,1682648015617
245,1682648015617
246,1682648015618
247,1682648015618
248,1682648015619
249,1682648015619
250,1682648015620
251,1682648015620
252,1682648015621
253,1682648015621
254,1682648015621
255,1682648015622
256,1682648015622
257,1682648015623
258,1682648015623
259,1682648015623
260,1682648015624
261,1682648015625
262,1682648015625
263,1682648015626
264,1682648015626
265,1682648015627
266,1682648015627
267,1682648015628
268,1682648015633
269,1682648015634
270,1682648015635
271,1682648015635
272,1682648015636
273,1682648015636
274,1682648015637
275,1682648015637
276,1682648015641
277,1682648015642
278,1682648015642
279,1682648015643
280,1682648015643
281,1682648015644
282,1682648015644
283,1682648015649
284,1682648015650
285,1682648015650
286,1682648015651
287,1682648015651
288,1682648015652
289,1682648015652
290,1682648015653
291,1682648015653
292,1682648015654
293,1682648015654
294,1682648015654
295,1682648015655
296,1682648015655
297,1682648015656
298,1682648015656
299,1682648015657
300,1682648015657
301,1682648015658
302,1682648015658
303,1682648015658
304,1682648015659
305,1682648015659
306,1682648015659
307,1682648015660
308,1682648015660
309,1682648015660
310,1682648015661
311,1682648015662
312,1682648015662
313,1682648015663
314,1682648015663
315,1682648015664
316,1682648015664
317,1682648015664
318,1682648015665
319,1682648015665
320,1682648015666
321,1682648015667
322,1682648015668
323,1682648015669
324,1682648015669
325,1682648015670
326,1682648015670
327,1682648015671
328,1682648015671
329,1682648015672
330,1682648015672
331,1682648015673
332,1682648015673
333,1682648015674
334,1682648015674
335,1682648015675
336,1682648015675
337,1682648015676
338,1682648015676
339,1682648015677
340,1682648015677
341,1682648015682
342,1682648015682
343,1682648015682
344,1682648015683
345,1682648015684
346,1682648015685
347,1682648015685
348,1682648015686
349,1682648015687
350,1682648015687
351,1682648015688
352,1682648015688
353,1682648015689
354,1682648015689
355,1682648015690
356,1682648015690
357,1682648015691
358,1682648015691
359,1682648015691
360,1682648015692
361,1682648015692
362,1682648015693
363,1682648015693
364,1682648015694
365,1682648015694
366,1682648015694
367,1682648015695
368,1682648015696
369,1682648015696
370,1682648015697
371,1682648015697
372,1682648015698
373,1682648015699
374,1682648015699
375,1682648015700
376,1682648015700
377,1682648015701
378,1682648015701
379,1682648015702
380,1682648015703
381,1682648015703
382,1682648015704
383,1682648015704
384,1682648015704
385,1682648015705
386,1682648015705
387,1682648015706
388,1682648015706
389,1682648015706
390,1682648015707
391,1682648015707
392,1682648015708
393,1682648015708
394,1682648015709
395,1682648015709
396,1682648015710
397,1682648015710
398,1682648015711
399,1682648015711
400,1682648015712
401,1682648015712
402,1682648015713
403,1682648015713
404,1682648015714
405,1682648015714
406,1682648015715
407,1682648015715
408,1682648015716
409,1682648015716
410,1682648015716
411,1682648015717
412,1682648015718
413,1682648015718
414,1682648015718
415,1682648015719
416,1682648015719
417,1682648015720
418,1682648015720
419,1682648015720
420,1682648015721
421,1682648015721
422,1682648015722
423,1682648015722
424,1682648015723
425,1682648015723
426,1682648015724
427,1682648015724
428,1682648015724
429,1682648015725
430,1682648015725
431,1682648015726
432,1682648015726
433,1682648015727
434,1682648015728
435,1682648015729
436,1682648015730
437,1682648015731
438,1682648015732
439,1682648015732
440,1682648015733
441,1682648015733
442,1682648015734
443,1682648015734
444,1682648015735
445,1682648015736
446,1682648015736
447,1682648015737
448,1682648015737
449,1682648015738
450,1682648015738
451,1682648015739
452,1682648015740
453,1682648015740
454,1682648015741
455,1682648015741
456,1682648015741
457,1682648015742
458,1682648015742
459,1682648015742
460,1682648015743
461,1682648015743
462,1682648015743
463,1682648015744
464,1682648015744
465,1682648015744
466,1682648015745
467,1682648015745
468,1682648015745
469,1682648015746
470,1682648015746
471,1682648015746
472,1682648015747
473,1682648015747
474,1682648015748
475,1682648015748
476,1682648015748
477,1682648015749
478,1682648015749
479,1682648015750
480,1682648015751
481,1682648015751
482,1682648015752
483,1682648015753
484,1682648015753
485,1682648015753
486,1682648015754
487,1682648015754
488,1682648015755
489,1682648015755
490,1682648015755
491,1682648015756
492,1682648015756
493,1682648015757
494,1682648015757
495,1682648015758
496,1682648015758
497,1682648015758
498,1682648015759
499,1682648015759
500,1682648015760
501,1682648015760
502,1682648015760
503,1682648015761
504,1682648015761
505,1682648015762
506,1682648015762
507,1682648015763
508,1682648015763
509,1682648015763
510,1682648015764
511,1682648015764
512,1682648015765
