1,1682648950290
2,1682648950296
3,1682648950303
4,1682648950309
5,1682648950315
6,1682648950324
7,1682648950326
8,1682648950327
9,1682648950330
10,1682648950333
11,1682648950338
12,1682648950340
13,1682648950343
14,1682648950345
15,1682648950346
16,1682648950347
17,1682648950351
18,1682648950352
19,1682648950353
20,1682648950354
21,1682648950373
22,1682648950377
23,1682648950381
24,1682648950386
25,1682648950389
26,1682648950390
27,1682648950391
28,1682648952388
29,1682648952389
30,1682648952390
31,1682648952390
32,1682648952391
33,1682648952392
34,1682648952392
35,1682648952393
36,1682648952394
37,1682648952395
38,1682648952396
39,1682648952396
40,1682648952400
41,1682648952401
42,1682648952402
43,1682648952404
44,1682648952405
45,1682648952405
46,1682648952406
47,1682648952407
48,1682648952408
49,1682648952409
50,1682648952409
51,1682648952410
52,1682648952411
53,1682648952411
54,1682648952412
55,1682648952413
56,1682648952413
57,1682648952417
58,1682648952419
59,1682648952420
60,1682648952421
61,1682648952421
62,1682648952422
63,1682648952423
64,1682648952423
65,1682648952424
66,1682648952424
67,1682648952425
68,1682648952426
69,1682648952426
70,1682648952427
71,1682648952427
72,1682648952428
73,1682648952428
74,1682648952430
75,1682648952431
76,1682648952433
77,1682648952434
78,1682648952435
79,1682648952436
80,1682648952437
81,1682648952438
82,1682648952438
83,1682648952439
84,1682648952440
85,1682648952443
86,1682648952444
87,1682648952447
88,1682648952452
89,1682648952453
90,1682648952454
91,1682648952455
92,1682648952457
93,1682648952458
94,1682648952459
95,1682648952460
96,1682648952461
97,1682648952462
98,1682648952463
99,1682648952464
100,1682648952467
101,1682648952469
102,1682648952470
103,1682648952471
104,1682648952472
105,1682648952472
106,1682648952473
107,1682648952474
108,1682648952474
109,1682648952475
110,1682648952475
111,1682648952476
112,1682648952476
113,1682648952477
114,1682648952477
115,1682648952478
116,1682648952479
117,1682648952479
118,1682648952480
119,1682648952485
120,1682648952486
121,1682648952487
122,1682648952489
123,1682648952489
124,1682648952490
125,1682648952491
126,1682648952491
127,1682648952492
128,1682648952493
129,1682648952494
130,1682648952494
131,1682648952495
132,1682648952495
133,1682648952496
134,1682648952496
135,1682648952497
136,1682648952500
137,1682648952501
138,1682648952502
139,1682648952503
140,1682648952504
141,1682648952505
142,1682648952506
143,1682648952506
144,1682648952507
145,1682648952508
146,1682648952509
147,1682648952509
148,1682648952510
149,1682648952510
150,1682648952511
151,1682648952512
152,1682648952512
153,1682648952513
154,1682648952513
155,1682648952518
156,1682648952519
157,1682648952522
158,1682648952523
159,1682648952524
160,1682648952524
161,1682648952541
162,1682648952542
163,1682648952542
164,1682648952542
165,1682648952543
166,1682648952543
167,1682648952544
168,1682648952544
169,1682648952544
170,1682648952545
171,1682648952545
172,1682648952545
173,1682648952546
174,1682648952546
175,1682648952547
176,1682648952547
177,1682648952552
178,1682648952553
179,1682648952554
180,1682648952555
181,1682648952556
182,1682648952556
183,1682648952557
184,1682648952557
185,1682648952557
186,1682648952558
187,1682648952558
188,1682648952559
189,1682648952559
190,1682648952560
191,1682648952560
192,1682648952561
193,1682648952562
194,1682648952562
195,1682648952563
196,1682648952563
197,1682648952564
198,1682648952565
199,1682648952568
200,1682648952569
201,1682648952570
202,1682648952571
203,1682648952571
204,1682648952572
205,1682648952572
206,1682648952572
207,1682648952573
208,1682648952573
209,1682648952574
210,1682648952574
211,1682648952575
212,1682648952575
213,1682648952576
214,1682648953400
215,1682648953403
216,1682648953404
217,1682648953405
218,1682648953406
219,1682648953408
220,1682648953409
221,1682648953409
222,1682648953410
223,1682648953411
224,1682648953412
225,1682648953412
226,1682648953413
227,1682648953418
228,1682648953420
229,1682648953420
230,1682648953421
231,1682648953422
232,1682648953422
233,1682648953422
234,1682648953423
235,1682648953424
236,1682648953424
237,1682648953425
238,1682648953426
239,1682648953427
240,1682648953428
241,1682648953429
242,1682648953430
243,1682648953433
244,1682648953445
245,1682648953446
246,1682648953447
247,1682648953452
248,1682648953453
249,1682648953454
250,1682648953455
251,1682648953456
252,1682648953457
253,1682648953458
254,1682648953459
255,1682648953460
256,1682648953460
257,1682648953461
258,1682648953462
259,1682648953463
260,1682648953463
261,1682648953464
262,1682648953468
263,1682648953469
264,1682648953469
265,1682648953469
266,1682648953470
267,1682648953470
268,1682648953470
269,1682648953471
270,1682648953471
271,1682648953471
272,1682648953472
273,1682648953472
274,1682648953473
275,1682648953473
276,1682648953473
277,1682648953474
278,1682648953474
279,1682648953475
280,1682648953475
281,1682648953475
282,1682648953475
283,1682648953476
284,1682648953476
285,1682648953477
286,1682648953477
287,1682648953477
288,1682648953478
289,1682648953478
290,1682648953478
291,1682648953479
292,1682648953479
293,1682648953480
294,1682648953486
295,1682648953486
296,1682648953487
297,1682648953488
298,1682648953488
299,1682648953489
300,1682648953491
301,1682648953491
302,1682648953492
303,1682648953492
304,1682648953493
305,1682648953493
306,1682648953493
307,1682648953494
308,1682648953494
309,1682648953494
310,1682648953495
311,1682648953495
312,1682648953496
313,1682648953496
314,1682648953496
315,1682648953497
316,1682648953497
317,1682648953501
318,1682648953502
319,1682648953502
320,1682648953502
321,1682648953503
322,1682648953503
323,1682648953503
324,1682648953504
325,1682648953504
326,1682648953504
327,1682648953505
328,1682648953506
329,1682648953507
330,1682648953507
331,1682648953508
332,1682648953508
333,1682648953509
334,1682648953509
335,1682648953510
336,1682648953510
337,1682648953511
338,1682648953512
339,1682648953512
340,1682648953512
341,1682648953513
342,1682648953513
343,1682648953522
344,1682648953523
345,1682648953523
346,1682648953524
347,1682648953526
348,1682648953529
349,1682648953529
350,1682648953530
351,1682648953533
352,1682648953535
353,1682648953536
354,1682648953538
355,1682648953539
356,1682648953539
357,1682648953540
358,1682648953540
359,1682648953540
360,1682648953540
361,1682648953541
362,1682648953541
363,1682648953541
364,1682648953542
365,1682648953542
366,1682648953542
367,1682648953542
368,1682648953543
369,1682648953543
370,1682648953543
371,1682648953544
372,1682648953544
373,1682648953544
374,1682648953544
375,1682648953545
376,1682648953545
377,1682648953545
378,1682648953546
379,1682648953546
380,1682648953546
381,1682648953547
382,1682648953550
383,1682648953552
384,1682648953553
385,1682648953553
386,1682648953554
387,1682648953554
388,1682648953554
389,1682648953555
390,1682648953555
391,1682648953555
392,1682648953556
393,1682648953556
394,1682648953556
395,1682648953557
396,1682648953557
397,1682648953557
398,1682648953558
399,1682648953558
400,1682648953558
401,1682648953559
402,1682648953559
403,1682648953559
404,1682648953559
405,1682648953559
406,1682648953560
407,1682648953560
408,1682648953560
409,1682648953560
410,1682648953561
411,1682648953561
412,1682648953561
413,1682648953561
414,1682648953562
415,1682648953562
416,1682648953562
417,1682648953562
418,1682648953562
419,1682648953563
420,1682648953563
421,1682648953563
422,1682648953563
423,1682648953564
424,1682648953564
425,1682648953565
426,1682648953565
427,1682648953566
428,1682648953566
429,1682648953567
430,1682648953567
431,1682648953568
432,1682648953568
433,1682648953568
434,1682648953568
435,1682648953569
436,1682648953569
437,1682648953569
438,1682648953569
439,1682648953570
440,1682648953570
441,1682648953570
442,1682648953570
443,1682648953571
444,1682648953571
445,1682648953571
446,1682648953572
447,1682648953572
448,1682648953572
449,1682648953573
450,1682648953573
451,1682648953573
452,1682648953573
453,1682648953574
454,1682648953574
455,1682648953574
456,1682648953574
457,1682648953574
458,1682648953575
459,1682648953575
460,1682648953575
461,1682648953575
462,1682648953575
463,1682648953576
464,1682648953576
465,1682648953576
466,1682648953576
467,1682648953577
468,1682648953577
469,1682648953577
470,1682648953577
471,1682648953577
472,1682648953578
473,1682648953578
474,1682648953578
475,1682648953578
476,1682648953579
477,1682648953579
478,1682648953579
479,1682648953579
480,1682648953580
481,1682648953580
482,1682648953580
483,1682648953580
484,1682648953581
485,1682648953581
486,1682648953581
487,1682648953581
488,1682648953582
489,1682648953582
490,1682648953582
491,1682648953583
492,1682648953583
493,1682648953584
494,1682648953584
495,1682648953585
496,1682648953585
497,1682648953585
498,1682648953585
499,1682648953586
500,1682648953586
501,1682648953586
502,1682648953586
503,1682648953587
504,1682648953587
505,1682648953587
506,1682648953587
507,1682648953587
508,1682648953588
509,1682648953588
510,1682648953588
511,1682648953588
512,1682648953588
513,1682648953589
514,1682648953589
515,1682648953589
516,1682648953590
517,1682648953590
518,1682648953590
519,1682648953590
520,1682648953590
521,1682648953591
522,1682648953591
523,1682648953591
524,1682648953591
525,1682648953592
526,1682648953592
527,1682648953592
528,1682648953592
529,1682648953592
530,1682648953593
531,1682648953593
532,1682648953593
533,1682648953593
534,1682648953594
535,1682648953594
536,1682648953594
537,1682648953594
538,1682648953594
539,1682648953595
540,1682648953595
541,1682648953595
542,1682648953595
543,1682648953596
544,1682648953596
545,1682648953596
546,1682648953596
547,1682648953597
548,1682648953597
549,1682648953597
550,1682648953598
551,1682648953600
552,1682648953600
553,1682648953601
554,1682648953601
555,1682648953601
556,1682648953602
557,1682648953602
558,1682648953602
559,1682648953602
560,1682648953602
561,1682648953603
562,1682648953603
563,1682648953603
564,1682648953603
565,1682648953604
566,1682648953604
567,1682648953604
568,1682648953604
569,1682648953604
570,1682648953605
571,1682648953605
572,1682648953605
573,1682648953605
574,1682648953606
575,1682648953606
576,1682648953606
577,1682648953607
578,1682648953607
579,1682648953607
580,1682648953607
581,1682648953607
582,1682648953608
583,1682648953608
584,1682648953608
585,1682648953608
586,1682648953609
587,1682648953609
588,1682648953609
589,1682648953609
590,1682648953610
591,1682648953610
592,1682648953610
593,1682648953611
594,1682648953611
595,1682648953611
596,1682648953611
597,1682648953612
598,1682648953612
599,1682648953612
600,1682648953612
601,1682648953613
602,1682648953613
603,1682648953613
604,1682648953613
605,1682648953614
606,1682648953614
607,1682648953614
608,1682648953614
609,1682648953615
610,1682648953615
611,1682648953615
612,1682648953615
613,1682648953616
614,1682648953616
615,1682648953616
616,1682648953616
617,1682648953617
618,1682648953617
619,1682648953617
620,1682648953618
621,1682648953618
622,1682648953618
623,1682648953619
624,1682648953619
625,1682648953619
626,1682648953619
627,1682648953619
628,1682648953620
629,1682648953620
630,1682648953620
631,1682648953620
632,1682648953621
633,1682648953621
634,1682648953621
635,1682648953621
636,1682648953621
637,1682648953622
638,1682648953622
639,1682648953622
640,1682648953622
641,1682648953622
642,1682648953623
643,1682648953623
644,1682648953623
645,1682648953623
646,1682648953623
647,1682648953624
648,1682648953624
649,1682648953624
650,1682648953624
651,1682648953625
652,1682648953625
653,1682648953625
654,1682648953625
655,1682648953625
656,1682648953626
657,1682648953626
658,1682648953626
659,1682648953626
660,1682648953626
661,1682648953627
662,1682648953627
663,1682648953627
664,1682648953627
665,1682648953627
666,1682648953628
667,1682648953628
668,1682648953628
669,1682648953628
670,1682648953628
671,1682648953629
672,1682648953629
673,1682648953629
674,1682648953629
675,1682648953630
676,1682648953630
677,1682648953630
678,1682648953630
679,1682648953630
680,1682648953631
681,1682648953631
682,1682648953631
683,1682648953632
684,1682648953632
685,1682648953632
686,1682648953632
687,1682648953633
688,1682648953633
689,1682648953633
690,1682648953634
691,1682648953634
692,1682648953634
693,1682648953635
694,1682648953635
695,1682648953635
696,1682648953635
697,1682648953636
698,1682648953636
699,1682648953636
700,1682648953636
701,1682648953636
702,1682648953637
703,1682648953637
704,1682648953637
705,1682648953637
706,1682648953637
707,1682648953638
708,1682648953638
709,1682648953638
710,1682648953638
711,1682648953638
712,1682648953639
713,1682648953639
714,1682648953639
715,1682648953639
716,1682648953639
717,1682648953640
718,1682648953640
719,1682648953640
720,1682648953640
721,1682648953640
722,1682648953641
723,1682648953641
724,1682648953641
725,1682648953641
726,1682648953641
727,1682648953642
728,1682648953642
729,1682648953642
730,1682648953642
731,1682648953643
732,1682648953643
733,1682648953643
734,1682648953643
735,1682648953643
736,1682648953644
737,1682648953644
738,1682648953644
739,1682648953645
740,1682648953645
741,1682648953645
742,1682648953645
743,1682648953646
744,1682648953646
745,1682648953646
746,1682648953647
747,1682648953647
748,1682648953647
749,1682648953648
750,1682648953648
751,1682648953648
752,1682648953649
753,1682648953649
754,1682648953649
755,1682648953649
756,1682648953650
757,1682648953650
758,1682648953650
759,1682648953656
760,1682648953657
761,1682648953657
762,1682648953657
763,1682648953658
764,1682648953658
765,1682648953658
766,1682648953658
767,1682648953659
768,1682648953659
769,1682648953659
770,1682648953660
771,1682648953660
772,1682648953660
773,1682648953661
774,1682648953661
775,1682648953661
776,1682648953662
777,1682648953662
778,1682648953662
779,1682648953663
780,1682648953663
781,1682648953663
782,1682648953664
783,1682648953664
784,1682648953664
785,1682648953665
786,1682648953665
787,1682648953665
788,1682648953666
789,1682648953666
790,1682648953667
791,1682648953667
792,1682648953668
793,1682648953668
794,1682648953668
795,1682648953669
796,1682648953669
797,1682648953669
798,1682648953670
799,1682648953670
800,1682648953670
801,1682648953671
802,1682648953671
803,1682648953671
804,1682648953671
805,1682648953672
806,1682648953672
807,1682648953672
808,1682648953673
809,1682648953673
810,1682648953673
811,1682648953674
812,1682648953674
813,1682648953674
814,1682648953674
815,1682648953675
816,1682648953675
817,1682648953675
818,1682648953675
819,1682648953676
820,1682648953676
821,1682648953676
822,1682648953677
823,1682648953677
824,1682648953677
825,1682648953678
826,1682648953678
827,1682648953679
828,1682648953679
829,1682648953679
830,1682648953680
831,1682648953680
832,1682648953681
833,1682648953681
834,1682648953682
835,1682648953682
836,1682648953682
837,1682648953683
838,1682648953683
839,1682648953684
840,1682648953684
841,1682648953684
842,1682648953684
843,1682648953685
844,1682648953685
845,1682648953685
846,1682648953686
847,1682648953686
848,1682648953686
849,1682648953687
850,1682648953687
851,1682648953687
852,1682648953687
853,1682648953687
854,1682648953688
855,1682648953688
856,1682648953688
857,1682648953688
858,1682648953689
859,1682648953689
860,1682648953689
861,1682648953689
862,1682648953689
863,1682648953690
864,1682648953690
865,1682648953690
866,1682648953690
867,1682648953691
868,1682648953691
869,1682648953691
870,1682648953691
871,1682648953692
872,1682648953692
873,1682648953692
874,1682648953692
875,1682648953693
876,1682648953693
877,1682648953693
878,1682648953694
879,1682648953694
880,1682648953694
881,1682648953694
882,1682648953695
883,1682648953695
884,1682648953695
885,1682648953696
886,1682648953696
887,1682648953696
888,1682648953697
889,1682648953697
890,1682648953698
891,1682648953698
892,1682648953698
893,1682648953699
894,1682648953699
895,1682648953700
896,1682648953700
897,1682648953700
898,1682648953701
899,1682648953701
900,1682648953701
901,1682648953702
902,1682648953702
903,1682648953702
904,1682648953702
905,1682648953703
906,1682648953703
907,1682648953703
908,1682648953703
909,1682648953703
910,1682648953704
911,1682648953704
912,1682648953704
913,1682648953704
914,1682648953705
915,1682648953705
916,1682648953705
917,1682648953706
918,1682648953706
919,1682648953706
920,1682648953706
921,1682648953707
922,1682648953707
923,1682648953707
924,1682648953708
925,1682648953708
926,1682648953709
927,1682648953709
928,1682648953709
929,1682648953710
930,1682648953710
931,1682648953711
932,1682648953711
933,1682648953711
934,1682648953712
935,1682648953712
936,1682648953712
937,1682648953713
938,1682648953713
939,1682648953716
940,1682648953716
941,1682648953717
942,1682648953717
943,1682648953718
944,1682648953718
945,1682648953718
946,1682648953719
947,1682648953719
948,1682648953720
949,1682648953720
950,1682648953720
951,1682648953721
952,1682648953721
953,1682648953721
954,1682648953721
955,1682648953722
956,1682648953722
957,1682648953722
958,1682648953722
959,1682648953723
960,1682648953723
961,1682648953723
962,1682648953723
963,1682648953723
964,1682648953724
965,1682648953724
966,1682648953724
967,1682648953724
968,1682648953725
969,1682648953725
970,1682648953725
971,1682648953726
972,1682648953726
973,1682648953726
974,1682648953726
975,1682648953727
976,1682648953727
977,1682648953727
978,1682648953728
979,1682648953728
980,1682648953728
981,1682648953729
982,1682648953729
983,1682648953729
984,1682648953730
985,1682648953730
986,1682648953730
987,1682648953731
988,1682648953731
989,1682648953731
990,1682648953732
991,1682648953732
992,1682648953732
993,1682648953733
994,1682648953733
995,1682648953734
996,1682648953734
997,1682648953735
998,1682648953735
999,1682648953735
1000,1682648953736
1001,1682648953736
1002,1682648953736
1003,1682648953737
1004,1682648953737
1005,1682648953737
1006,1682648953738
1007,1682648953738
1008,1682648953738
1009,1682648953738
1010,1682648953739
1011,1682648953739
1012,1682648953739
1013,1682648953739
1014,1682648953740
1015,1682648953740
1016,1682648953740
1017,1682648953741
1018,1682648953741
1019,1682648953741
1020,1682648953741
1021,1682648953742
1022,1682648953742
1023,1682648953742
1024,1682648953742
1025,1682648953743
1026,1682648953743
1027,1682648953743
1028,1682648953743
1029,1682648953744
1030,1682648953744
1031,1682648953744
1032,1682648953745
1033,1682648953745
1034,1682648953745
1035,1682648953745
1036,1682648953746
1037,1682648953746
1038,1682648953746
1039,1682648953747
1040,1682648953747
1041,1682648953748
1042,1682648953748
1043,1682648953748
1044,1682648953749
1045,1682648953749
1046,1682648953750
1047,1682648953750
1048,1682648953751
1049,1682648953751
1050,1682648953751
1051,1682648953752
1052,1682648953752
1053,1682648953752
1054,1682648953753
1055,1682648953753
1056,1682648953753
1057,1682648953754
1058,1682648953754
1059,1682648953754
1060,1682648953754
1061,1682648953755
1062,1682648953755
1063,1682648953755
1064,1682648953756
1065,1682648953756
1066,1682648953756
1067,1682648953757
1068,1682648953757
1069,1682648953757
1070,1682648953757
1071,1682648953758
1072,1682648953758
1073,1682648953758
1074,1682648953759
1075,1682648953759
1076,1682648953759
1077,1682648953759
1078,1682648953760
1079,1682648953760
1080,1682648953760
1081,1682648953761
1082,1682648953761
1083,1682648953761
1084,1682648953762
1085,1682648953762
1086,1682648953762
1087,1682648953762
1088,1682648953763
1089,1682648953763
1090,1682648953763
1091,1682648953764
1092,1682648953764
1093,1682648953765
1094,1682648953765
1095,1682648953765
1096,1682648953766
1097,1682648953766
1098,1682648953767
1099,1682648953767
1100,1682648953767
1101,1682648953768
1102,1682648953768
1103,1682648953768
1104,1682648953768
1105,1682648953769
1106,1682648953769
1107,1682648953769
1108,1682648953770
1109,1682648953770
1110,1682648953770
1111,1682648953771
1112,1682648953771
1113,1682648953771
1114,1682648953771
1115,1682648953772
1116,1682648953772
1117,1682648953773
1118,1682648953773
1119,1682648953773
1120,1682648953774
1121,1682648953774
1122,1682648953774
1123,1682648953775
1124,1682648953775
1125,1682648953776
1126,1682648953776
1127,1682648953776
1128,1682648953777
1129,1682648953777
1130,1682648953777
1131,1682648953778
1132,1682648953778
1133,1682648953778
1134,1682648953778
1135,1682648953779
1136,1682648953779
1137,1682648953780
1138,1682648953780
1139,1682648953780
1140,1682648953781
1141,1682648953781
1142,1682648953782
1143,1682648953782
1144,1682648953782
1145,1682648953783
1146,1682648953783
1147,1682648953784
1148,1682648953784
1149,1682648953784
1150,1682648953785
1151,1682648953785
1152,1682648953786
1153,1682648953786
1154,1682648953786
1155,1682648953786
1156,1682648953786
1157,1682648953787
1158,1682648953787
1159,1682648953787
1160,1682648953788
1161,1682648953788
1162,1682648953788
1163,1682648953788
1164,1682648953789
1165,1682648953789
1166,1682648953789
1167,1682648953790
1168,1682648953790
1169,1682648953790
1170,1682648953791
1171,1682648953791
1172,1682648953791
1173,1682648953792
1174,1682648953792
1175,1682648953792
1176,1682648953793
1177,1682648953793
1178,1682648953793
1179,1682648953794
1180,1682648953794
1181,1682648953794
1182,1682648953795
1183,1682648953795
1184,1682648953795
1185,1682648953796
1186,1682648953796
1187,1682648953796
1188,1682648953797
1189,1682648953797
1190,1682648953797
1191,1682648953798
1192,1682648953798
1193,1682648953799
1194,1682648953799
1195,1682648953799
1196,1682648953800
1197,1682648953801
1198,1682648953801
1199,1682648953801
1200,1682648953802
1201,1682648953802
1202,1682648953802
1203,1682648953802
1204,1682648953803
1205,1682648953803
1206,1682648953803
1207,1682648953803
1208,1682648953804
1209,1682648953804
1210,1682648953804
1211,1682648953804
1212,1682648953805
1213,1682648953805
1214,1682648953805
1215,1682648953805
1216,1682648953806
1217,1682648953806
1218,1682648953806
1219,1682648953806
1220,1682648953806
1221,1682648953807
1222,1682648953807
1223,1682648953807
1224,1682648953808
1225,1682648953808
1226,1682648953808
1227,1682648953808
1228,1682648953809
1229,1682648953809
1230,1682648953809
1231,1682648953810
1232,1682648953810
1233,1682648953810
1234,1682648953811
1235,1682648953811
1236,1682648953811
1237,1682648953812
1238,1682648953812
1239,1682648953812
1240,1682648953813
1241,1682648953813
1242,1682648953813
1243,1682648953814
1244,1682648953814
1245,1682648953815
1246,1682648953815
1247,1682648953815
1248,1682648953817
1249,1682648953818
1250,1682648953819
1251,1682648953819
1252,1682648953820
1253,1682648953820
1254,1682648953820
1255,1682648953821
1256,1682648953821
1257,1682648953821
1258,1682648953822
1259,1682648953822
1260,1682648953822
1261,1682648953823
1262,1682648953823
1263,1682648953823
1264,1682648953823
1265,1682648953824
1266,1682648953824
1267,1682648953824
1268,1682648953825
1269,1682648953825
1270,1682648953825
1271,1682648953826
1272,1682648953826
1273,1682648953826
1274,1682648953826
1275,1682648953827
1276,1682648953827
1277,1682648953827
1278,1682648953828
1279,1682648953828
1280,1682648953828
1281,1682648953829
1282,1682648953829
1283,1682648953829
1284,1682648953830
1285,1682648953830
1286,1682648953830
1287,1682648953832
1288,1682648953832
1289,1682648953833
1290,1682648953833
1291,1682648953834
1292,1682648953834
1293,1682648953835
1294,1682648953835
1295,1682648953836
1296,1682648953836
1297,1682648953836
1298,1682648953837
1299,1682648953837
1300,1682648953837
1301,1682648953838
1302,1682648953838
1303,1682648953838
1304,1682648953839
1305,1682648953839
1306,1682648953839
1307,1682648953839
1308,1682648953840
1309,1682648953840
1310,1682648953840
1311,1682648953840
1312,1682648953841
1313,1682648953841
1314,1682648953841
1315,1682648953842
1316,1682648953842
1317,1682648953842
1318,1682648953842
1319,1682648953843
1320,1682648953843
1321,1682648953843
1322,1682648953844
1323,1682648953844
1324,1682648953844
1325,1682648953844
1326,1682648953845
1327,1682648953845
1328,1682648953845
1329,1682648953846
1330,1682648953846
1331,1682648953846
1332,1682648953847
1333,1682648953848
1334,1682648953849
1335,1682648953849
1336,1682648953850
1337,1682648953851
1338,1682648953851
1339,1682648953851
1340,1682648953852
1341,1682648953852
1342,1682648953852
1343,1682648953853
1344,1682648953853
1345,1682648953853
1346,1682648953853
1347,1682648953854
1348,1682648953854
1349,1682648953854
1350,1682648953855
1351,1682648953855
1352,1682648953855
1353,1682648953855
1354,1682648953856
1355,1682648953856
1356,1682648953856
1357,1682648953856
1358,1682648953856
1359,1682648953857
1360,1682648953857
1361,1682648953857
1362,1682648953857
1363,1682648953858
1364,1682648953858
1365,1682648953858
1366,1682648953858
1367,1682648953858
1368,1682648953859
1369,1682648953859
1370,1682648953859
1371,1682648953859
1372,1682648953859
1373,1682648953860
1374,1682648953860
1375,1682648953860
1376,1682648953860
1377,1682648953861
1378,1682648953861
1379,1682648953861
1380,1682648953862
1381,1682648953862
1382,1682648953862
1383,1682648953862
1384,1682648953862
1385,1682648953863
1386,1682648953863
1387,1682648953863
1388,1682648953863
1389,1682648953864
1390,1682648953864
1391,1682648953864
1392,1682648953864
1393,1682648953865
1394,1682648953865
1395,1682648953865
1396,1682648953866
1397,1682648953866
1398,1682648953866
1399,1682648953867
1400,1682648953867
1401,1682648953868
1402,1682648953868
1403,1682648953868
1404,1682648953868
1405,1682648953869
1406,1682648953869
1407,1682648953869
1408,1682648953870
1409,1682648953870
1410,1682648953870
1411,1682648953871
1412,1682648953871
1413,1682648953871
1414,1682648953871
1415,1682648953872
1416,1682648953872
1417,1682648953872
1418,1682648953872
1419,1682648953873
1420,1682648953873
1421,1682648953873
1422,1682648953874
1423,1682648953874
1424,1682648953874
1425,1682648953874
1426,1682648953875
1427,1682648953875
1428,1682648953875
1429,1682648953876
1430,1682648953876
1431,1682648953876
1432,1682648953877
1433,1682648953877
1434,1682648953877
1435,1682648953878
1436,1682648953878
1437,1682648953878
1438,1682648953879
1439,1682648953879
1440,1682648953879
1441,1682648953879
1442,1682648953880
1443,1682648953880
1444,1682648953881
1445,1682648953881
1446,1682648953881
1447,1682648953882
1448,1682648953882
1449,1682648953882
1450,1682648953883
1451,1682648953883
1452,1682648953884
1453,1682648953884
1454,1682648953884
1455,1682648953884
1456,1682648953885
1457,1682648953885
1458,1682648953885
1459,1682648953885
1460,1682648953886
1461,1682648953886
1462,1682648953886
1463,1682648953886
1464,1682648953886
1465,1682648953887
1466,1682648953887
1467,1682648953887
1468,1682648953887
1469,1682648953888
1470,1682648953888
1471,1682648953888
1472,1682648953888
1473,1682648953889
1474,1682648953889
1475,1682648953889
1476,1682648953890
1477,1682648953890
1478,1682648953890
1479,1682648953890
1480,1682648953891
1481,1682648953891
1482,1682648953891
1483,1682648953891
1484,1682648953892
1485,1682648953892
1486,1682648953892
1487,1682648953893
1488,1682648953893
1489,1682648953893
1490,1682648953893
1491,1682648953894
1492,1682648953894
1493,1682648953894
1494,1682648953894
1495,1682648953895
1496,1682648953895
1497,1682648953895
1498,1682648953895
1499,1682648953896
1500,1682648953896
1501,1682648953896
1502,1682648953896
1503,1682648953897
1504,1682648953897
1505,1682648953897
1506,1682648953897
1507,1682648953898
1508,1682648953898
1509,1682648953898
1510,1682648953899
1511,1682648953899
1512,1682648953899
1513,1682648953899
1514,1682648953900
1515,1682648953900
1516,1682648953900
1517,1682648953901
1518,1682648953901
1519,1682648953901
1520,1682648953901
1521,1682648953901
1522,1682648953902
1523,1682648953902
1524,1682648953902
1525,1682648953902
1526,1682648953903
1527,1682648953903
1528,1682648953903
1529,1682648953903
1530,1682648953903
1531,1682648953904
1532,1682648953904
1533,1682648953904
1534,1682648953904
1535,1682648953905
1536,1682648953905
1537,1682648953905
1538,1682648953905
1539,1682648953906
1540,1682648953906
1541,1682648953906
1542,1682648953906
1543,1682648953907
1544,1682648953907
1545,1682648953907
1546,1682648953907
1547,1682648953908
1548,1682648953908
1549,1682648953908
1550,1682648953908
1551,1682648953909
1552,1682648953909
1553,1682648953909
1554,1682648953909
1555,1682648953910
1556,1682648953910
1557,1682648953910
1558,1682648953910
1559,1682648953910
1560,1682648953911
1561,1682648953911
1562,1682648953911
1563,1682648953911
1564,1682648953911
1565,1682648953912
1566,1682648953912
1567,1682648953912
1568,1682648953912
1569,1682648953913
1570,1682648953913
1571,1682648953913
1572,1682648953913
1573,1682648953913
1574,1682648953914
1575,1682648953914
1576,1682648953914
1577,1682648953914
1578,1682648953915
1579,1682648953915
1580,1682648953915
1581,1682648953916
1582,1682648953916
1583,1682648953916
1584,1682648953917
1585,1682648953917
1586,1682648953917
1587,1682648953917
1588,1682648953918
1589,1682648953918
1590,1682648953918
1591,1682648953919
1592,1682648953919
1593,1682648953919
1594,1682648953919
1595,1682648953920
1596,1682648953920
1597,1682648953920
1598,1682648953920
1599,1682648953920
1600,1682648953921
1601,1682648953921
1602,1682648953921
1603,1682648953921
1604,1682648953922
1605,1682648953922
1606,1682648953922
1607,1682648953922
1608,1682648953923
1609,1682648953923
1610,1682648953923
1611,1682648953923
1612,1682648953923
1613,1682648953924
1614,1682648953924
1615,1682648953924
1616,1682648953924
1617,1682648953925
1618,1682648953925
1619,1682648953925
1620,1682648953925
1621,1682648953926
1622,1682648953926
1623,1682648953926
1624,1682648953926
1625,1682648953927
1626,1682648953927
1627,1682648953927
1628,1682648953927
1629,1682648953928
1630,1682648953928
1631,1682648953928
1632,1682648953928
1633,1682648953929
1634,1682648953929
1635,1682648953929
1636,1682648953929
1637,1682648953929
1638,1682648953930
1639,1682648953930
1640,1682648953930
1641,1682648953930
1642,1682648953930
1643,1682648953930
1644,1682648953931
1645,1682648953931
1646,1682648953931
1647,1682648953931
1648,1682648953931
1649,1682648953932
1650,1682648953932
1651,1682648953932
1652,1682648953932
1653,1682648953932
1654,1682648953932
1655,1682648953933
1656,1682648953933
1657,1682648953933
1658,1682648953933
1659,1682648953933
1660,1682648953933
1661,1682648953933
1662,1682648953934
1663,1682648953934
1664,1682648953934
1665,1682648953934
1666,1682648953934
1667,1682648953934
1668,1682648953934
1669,1682648953935
1670,1682648953935
1671,1682648953935
1672,1682648953935
1673,1682648953935
1674,1682648953935
1675,1682648953936
1676,1682648953936
1677,1682648953936
1678,1682648953936
1679,1682648953936
1680,1682648953936
1681,1682648953936
1682,1682648953937
1683,1682648953937
1684,1682648953937
1685,1682648953937
1686,1682648953937
1687,1682648953938
1688,1682648953938
1689,1682648953938
1690,1682648953938
1691,1682648953938
1692,1682648953939
1693,1682648953939
1694,1682648953939
1695,1682648953939
1696,1682648953939
1697,1682648953940
1698,1682648953940
1699,1682648953940
1700,1682648953940
1701,1682648953940
1702,1682648953940
1703,1682648953941
1704,1682648953941
1705,1682648953941
1706,1682648953941
1707,1682648953941
1708,1682648953941
1709,1682648953941
1710,1682648953942
1711,1682648953942
1712,1682648953942
1713,1682648953942
1714,1682648953942
1715,1682648953942
1716,1682648953942
1717,1682648953943
1718,1682648953943
1719,1682648953943
1720,1682648953943
1721,1682648953943
1722,1682648953943
1723,1682648953943
1724,1682648953944
1725,1682648953944
1726,1682648953944
1727,1682648953944
1728,1682648953944
1729,1682648953944
1730,1682648953945
1731,1682648953945
1732,1682648953945
1733,1682648953945
1734,1682648953945
1735,1682648953945
1736,1682648953946
1737,1682648953946
1738,1682648953946
1739,1682648953946
1740,1682648953946
1741,1682648953946
1742,1682648953947
1743,1682648953947
1744,1682648953947
1745,1682648953947
1746,1682648953947
1747,1682648953948
1748,1682648953948
1749,1682648953948
1750,1682648953948
1751,1682648953948
1752,1682648953948
1753,1682648953948
1754,1682648953949
1755,1682648953949
1756,1682648953949
1757,1682648953949
1758,1682648953949
1759,1682648953949
1760,1682648953949
1761,1682648953949
1762,1682648953950
1763,1682648953950
1764,1682648953950
1765,1682648953950
1766,1682648953950
1767,1682648953950
1768,1682648953950
1769,1682648953951
1770,1682648953951
1771,1682648953951
1772,1682648953951
1773,1682648953951
1774,1682648953951
1775,1682648953951
1776,1682648953952
1777,1682648953952
1778,1682648953952
1779,1682648953952
1780,1682648953952
1781,1682648953952
1782,1682648953953
1783,1682648953953
1784,1682648953953
1785,1682648953953
1786,1682648953953
1787,1682648953954
1788,1682648953954
1789,1682648953954
1790,1682648953954
1791,1682648953954
1792,1682648953955
