1,1682649604964
2,1682649604965
3,1682649604967
4,1682649604968
5,1682649604974
6,1682649605129
7,1682649605130
8,1682649605132
9,1682649605135
10,1682649605142
11,1682649605145
12,1682649605147
13,1682649605149
14,1682649605150
15,1682649605151
16,1682649605152
17,1682649605153
18,1682649605154
19,1682649605155
20,1682649605156
21,1682649605157
22,1682649605158
23,1682649605159
24,1682649605162
25,1682649605163
26,1682649605164
27,1682649605165
28,1682649605165
29,1682649605166
30,1682649605467
31,1682649605471
32,1682649605474
33,1682649605475
34,1682649605476
35,1682649605477
36,1682649605478
37,1682649605479
38,1682649605481
39,1682649605481
40,1682649605483
41,1682649605484
42,1682649605485
43,1682649605486
44,1682649605488
45,1682649605491
46,1682649605492
47,1682649605493
48,1682649605494
49,1682649605494
50,1682649605496
51,1682649605496
52,1682649605497
53,1682649605498
54,1682649605498
55,1682649605499
56,1682649605499
57,1682649605499
58,1682649605500
59,1682649605501
60,1682649605501
61,1682649605502
62,1682649605503
63,1682649605507
64,1682649605508
65,1682649605509
66,1682649605510
67,1682649605510
68,1682649605512
69,1682649605513
70,1682649605513
71,1682649605515
72,1682649605517
73,1682649605519
74,1682649605521
75,1682649605523
76,1682649605524
77,1682649605527
78,1682649605528
79,1682649605529
80,1682649605529
81,1682649605531
82,1682649605531
83,1682649605532
84,1682649605534
85,1682649605535
86,1682649605718
87,1682649605719
88,1682649605721
89,1682649605725
90,1682649605732
91,1682649605732
92,1682649605733
93,1682649605734
94,1682649605736
95,1682649605738
96,1682649605741
97,1682649605742
98,1682649605742
99,1682649605743
100,1682649605745
101,1682649605746
102,1682649605747
103,1682649605748
104,1682649605748
105,1682649605748
106,1682649605750
107,1682649605751
108,1682649605752
109,1682649605758
110,1682649605759
111,1682649605759
112,1682649605760
113,1682649605761
114,1682649605762
115,1682649605763
116,1682649605764
117,1682649605765
118,1682649605765
119,1682649605766
120,1682649605766
121,1682649605766
122,1682649605767
123,1682649605767
124,1682649605768
125,1682649605768
126,1682649605769
127,1682649605770
128,1682649605770
129,1682649605771
130,1682649605771
131,1682649605773
132,1682649605775
133,1682649605776
134,1682649605779
135,1682649605781
136,1682649605783
137,1682649605785
138,1682649605787
139,1682649605791
140,1682649605793
141,1682649605794
142,1682649605794
143,1682649605795
144,1682649605795
145,1682649605796
146,1682649605796
147,1682649605796
148,1682649605797
149,1682649605797
150,1682649605798
151,1682649605798
152,1682649605798
153,1682649605799
154,1682649605799
155,1682649605799
156,1682649605800
157,1682649605800
158,1682649605800
159,1682649605800
160,1682649605801
161,1682649605801
162,1682649605801
163,1682649605802
164,1682649605802
165,1682649605802
166,1682649605803
167,1682649605804
168,1682649605804
169,1682649605805
170,1682649605806
171,1682649605810
172,1682649605811
173,1682649605812
174,1682649605812
175,1682649605813
176,1682649605813
177,1682649605813
178,1682649605813
179,1682649605814
180,1682649605814
181,1682649605815
182,1682649605815
183,1682649605816
184,1682649605816
185,1682649605817
186,1682649605817
187,1682649605817
188,1682649605818
189,1682649605829
190,1682649605830
191,1682649605830
192,1682649605831
193,1682649605831
194,1682649605832
195,1682649605832
196,1682649605832
197,1682649605833
198,1682649605833
199,1682649605834
200,1682649605834
201,1682649605834
202,1682649605835
203,1682649605835
204,1682649605835
205,1682649605836
206,1682649605836
207,1682649605836
208,1682649605837
209,1682649605837
210,1682649606062
211,1682649606062
212,1682649606063
213,1682649606063
214,1682649606064
215,1682649606065
216,1682649606065
217,1682649606066
218,1682649606067
219,1682649606067
220,1682649606068
221,1682649606068
222,1682649606069
223,1682649606071
224,1682649606073
225,1682649606073
226,1682649606074
227,1682649606075
228,1682649606075
229,1682649606076
230,1682649606076
231,1682649606078
232,1682649606078
233,1682649606079
234,1682649606080
235,1682649606081
236,1682649606081
237,1682649606083
238,1682649606083
239,1682649606084
240,1682649606088
241,1682649606089
242,1682649606090
243,1682649606091
244,1682649606091
245,1682649606092
246,1682649606093
247,1682649606093
248,1682649606094
249,1682649606095
250,1682649606095
251,1682649606096
252,1682649606097
253,1682649606098
254,1682649606098
255,1682649606099
256,1682649606099
257,1682649606100
258,1682649606100
259,1682649606101
260,1682649606101
261,1682649606101
262,1682649606102
263,1682649606103
264,1682649606103
265,1682649606104
266,1682649606105
267,1682649606106
268,1682649606110
269,1682649606112
270,1682649606113
271,1682649606113
272,1682649606113
273,1682649606114
274,1682649606114
275,1682649606115
276,1682649606115
277,1682649606115
278,1682649606116
279,1682649606116
280,1682649606117
281,1682649606117
282,1682649606118
283,1682649606118
284,1682649606118
285,1682649606119
286,1682649606119
287,1682649606120
288,1682649606122
289,1682649606123
290,1682649606123
291,1682649606124
292,1682649606125
293,1682649606126
294,1682649606126
295,1682649606127
296,1682649606127
297,1682649606127
298,1682649606128
299,1682649606128
300,1682649606380
301,1682649606381
302,1682649606381
303,1682649606381
304,1682649606382
305,1682649606382
306,1682649606382
307,1682649606382
308,1682649606383
309,1682649606383
310,1682649606383
311,1682649606383
312,1682649606384
313,1682649606384
314,1682649606384
315,1682649606384
316,1682649606385
317,1682649606385
318,1682649606385
319,1682649606386
320,1682649606386
321,1682649606386
322,1682649606387
323,1682649606387
324,1682649606387
325,1682649606388
326,1682649606388
327,1682649606389
328,1682649606389
329,1682649606390
330,1682649606390
331,1682649606391
332,1682649606391
333,1682649606392
334,1682649606392
335,1682649606392
336,1682649606393
337,1682649606393
338,1682649606393
339,1682649606394
340,1682649606394
341,1682649606394
342,1682649606395
343,1682649606395
344,1682649606395
345,1682649606396
346,1682649606396
347,1682649606396
348,1682649606397
349,1682649606397
350,1682649606397
351,1682649606398
352,1682649606398
353,1682649606398
354,1682649606398
355,1682649606398
356,1682649606399
357,1682649606399
358,1682649606399
359,1682649606399
360,1682649606399
361,1682649606400
362,1682649606400
363,1682649606400
364,1682649606400
365,1682649606401
366,1682649606401
367,1682649606401
368,1682649606401
369,1682649606401
370,1682649606402
371,1682649606402
372,1682649606402
373,1682649606402
374,1682649606402
375,1682649606403
376,1682649606403
377,1682649606403
378,1682649606404
379,1682649606404
380,1682649606404
381,1682649606405
382,1682649606405
383,1682649606405
384,1682649606405
385,1682649606406
386,1682649606406
387,1682649606407
388,1682649606407
389,1682649606407
390,1682649606408
391,1682649606408
392,1682649606409
393,1682649606409
394,1682649606409
395,1682649606410
396,1682649606410
397,1682649606411
398,1682649606411
399,1682649606411
400,1682649606412
401,1682649606412
402,1682649606412
403,1682649606412
404,1682649606413
405,1682649606413
406,1682649606413
407,1682649606413
408,1682649606414
409,1682649606414
410,1682649606414
411,1682649606414
412,1682649606415
413,1682649606415
414,1682649606415
415,1682649606415
416,1682649606416
417,1682649606416
418,1682649606416
419,1682649606416
420,1682649606417
421,1682649606417
422,1682649606417
423,1682649606418
424,1682649606418
425,1682649606418
426,1682649606418
427,1682649606419
428,1682649606419
429,1682649606419
430,1682649606419
431,1682649606420
432,1682649606423
433,1682649606424
434,1682649606426
435,1682649606427
436,1682649606427
437,1682649606427
438,1682649606428
439,1682649606428
440,1682649606428
441,1682649606428
442,1682649606429
443,1682649606429
444,1682649606429
445,1682649606429
446,1682649606430
447,1682649606430
448,1682649606430
449,1682649606430
450,1682649606601
451,1682649606601
452,1682649606602
453,1682649606602
454,1682649606602
455,1682649606603
456,1682649606603
457,1682649606603
458,1682649606603
459,1682649606604
460,1682649606604
461,1682649606604
462,1682649606605
463,1682649606605
464,1682649606606
465,1682649606606
466,1682649606606
467,1682649606606
468,1682649606607
469,1682649606607
470,1682649606607
471,1682649606608
472,1682649606608
473,1682649606608
474,1682649606609
475,1682649606609
476,1682649606609
477,1682649606609
478,1682649606610
479,1682649606610
480,1682649606610
481,1682649606610
482,1682649606610
483,1682649606611
484,1682649606611
485,1682649606611
486,1682649606611
487,1682649606611
488,1682649606612
489,1682649606612
490,1682649606612
491,1682649606612
492,1682649606612
493,1682649606613
494,1682649606613
495,1682649606617
496,1682649606617
497,1682649606617
498,1682649606617
499,1682649606618
500,1682649606618
501,1682649606618
502,1682649606618
503,1682649606618
504,1682649606619
505,1682649606619
506,1682649606619
507,1682649606619
508,1682649606619
509,1682649606620
510,1682649606620
511,1682649606620
512,1682649606621
513,1682649606622
514,1682649606623
515,1682649606623
516,1682649606624
517,1682649606624
518,1682649606625
519,1682649606625
520,1682649606626
521,1682649606626
522,1682649606627
523,1682649606627
524,1682649606627
525,1682649606628
526,1682649606628
527,1682649606629
528,1682649606629
529,1682649606629
530,1682649606629
531,1682649606630
532,1682649606630
533,1682649606630
534,1682649606631
535,1682649606631
536,1682649606631
537,1682649606631
538,1682649606632
539,1682649606632
540,1682649606632
541,1682649606633
542,1682649606633
543,1682649606633
544,1682649606634
545,1682649606634
546,1682649606634
547,1682649606635
548,1682649606635
549,1682649606635
550,1682649606636
551,1682649606636
552,1682649606636
553,1682649606637
554,1682649606637
555,1682649606637
556,1682649606638
557,1682649606638
558,1682649606638
559,1682649606639
560,1682649606639
561,1682649606639
562,1682649606640
563,1682649606640
564,1682649606640
565,1682649606640
566,1682649606641
567,1682649606641
568,1682649606641
569,1682649606641
570,1682649606642
571,1682649606642
572,1682649606642
573,1682649606642
574,1682649606642
575,1682649606643
576,1682649606643
577,1682649606643
578,1682649606643
579,1682649606643
580,1682649606644
581,1682649606644
582,1682649606644
583,1682649606644
584,1682649606645
585,1682649606645
586,1682649606645
587,1682649606646
588,1682649606646
589,1682649606647
590,1682649606647
591,1682649606648
592,1682649606649
593,1682649606649
594,1682649606649
595,1682649606649
596,1682649606650
597,1682649606650
598,1682649606650
599,1682649606651
600,1682649606651
601,1682649606651
602,1682649606651
603,1682649606651
604,1682649606652
605,1682649606652
606,1682649606652
607,1682649606652
608,1682649606652
609,1682649606652
610,1682649606653
611,1682649606653
612,1682649606654
613,1682649606749
614,1682649606750
615,1682649606750
616,1682649606750
617,1682649606750
618,1682649606750
619,1682649606750
620,1682649606750
621,1682649606750
622,1682649606751
623,1682649606751
624,1682649606751
625,1682649606751
626,1682649606751
627,1682649606751
628,1682649606752
629,1682649606752
630,1682649606752
631,1682649606752
632,1682649606752
633,1682649606752
634,1682649606753
635,1682649606753
636,1682649606753
637,1682649606753
638,1682649606753
639,1682649606754
640,1682649606754
641,1682649606754
642,1682649606754
643,1682649606755
644,1682649606755
645,1682649606755
646,1682649606755
647,1682649606756
648,1682649606756
649,1682649606756
650,1682649606756
651,1682649606757
652,1682649606757
653,1682649606757
654,1682649606757
655,1682649606757
656,1682649606757
657,1682649606758
658,1682649606758
659,1682649606758
660,1682649606758
661,1682649606758
662,1682649606758
663,1682649606758
664,1682649606759
665,1682649606759
666,1682649606759
667,1682649606759
668,1682649606759
669,1682649606759
670,1682649606760
671,1682649606760
672,1682649606760
673,1682649606760
674,1682649606760
675,1682649606760
676,1682649606760
677,1682649606761
678,1682649606761
679,1682649606761
680,1682649606761
681,1682649606761
682,1682649606761
683,1682649606761
684,1682649606762
685,1682649606762
686,1682649606762
687,1682649606762
688,1682649606762
689,1682649606762
690,1682649606763
691,1682649606763
692,1682649606763
693,1682649606763
694,1682649606763
695,1682649606763
696,1682649606763
697,1682649606764
698,1682649606764
699,1682649606764
700,1682649606764
701,1682649606907
702,1682649606907
703,1682649606907
704,1682649606907
705,1682649606907
706,1682649606907
707,1682649606908
708,1682649606908
709,1682649606908
710,1682649606908
711,1682649606908
712,1682649606908
713,1682649606908
714,1682649606909
715,1682649606909
716,1682649606909
717,1682649606909
718,1682649606909
719,1682649606909
720,1682649606909
721,1682649606910
722,1682649606910
723,1682649606910
724,1682649606910
725,1682649606910
726,1682649606910
727,1682649606910
728,1682649606911
729,1682649606911
730,1682649606911
731,1682649606911
732,1682649606911
733,1682649606912
734,1682649606912
735,1682649606912
736,1682649606912
737,1682649606912
738,1682649606912
739,1682649606913
740,1682649606913
741,1682649606913
742,1682649606913
743,1682649606913
744,1682649606913
745,1682649606913
746,1682649606914
747,1682649606914
748,1682649606914
749,1682649606914
750,1682649606915
751,1682649606915
752,1682649606915
753,1682649606915
754,1682649606915
755,1682649606915
756,1682649606915
757,1682649606916
758,1682649606916
759,1682649606916
760,1682649606916
761,1682649606916
762,1682649606916
763,1682649606916
764,1682649606917
765,1682649606917
766,1682649606917
767,1682649606917
768,1682649606917
769,1682649606917
770,1682649606918
771,1682649606918
772,1682649606918
773,1682649606918
774,1682649606918
775,1682649606918
776,1682649606919
777,1682649606919
778,1682649606919
779,1682649606919
780,1682649606919
781,1682649606920
782,1682649606920
783,1682649606920
784,1682649606920
785,1682649606921
786,1682649606921
787,1682649606921
788,1682649606921
789,1682649606922
790,1682649606922
791,1682649606922
792,1682649606923
793,1682649607080
794,1682649607080
795,1682649607080
796,1682649607080
797,1682649607081
798,1682649607081
799,1682649607081
800,1682649607081
801,1682649607081
802,1682649607081
803,1682649607082
804,1682649607082
805,1682649607082
806,1682649607082
807,1682649607082
808,1682649607082
809,1682649607082
810,1682649607082
811,1682649607083
812,1682649607083
813,1682649607083
814,1682649607083
815,1682649607083
816,1682649607083
817,1682649607084
818,1682649607084
819,1682649607084
820,1682649607084
821,1682649607084
822,1682649607084
823,1682649607084
824,1682649607085
825,1682649607085
826,1682649607085
827,1682649607085
828,1682649607085
829,1682649607085
830,1682649607086
831,1682649607086
832,1682649607086
833,1682649607086
834,1682649607087
835,1682649607088
836,1682649607088
837,1682649607089
838,1682649607089
839,1682649607089
840,1682649607089
841,1682649607090
842,1682649607090
843,1682649607090
844,1682649607090
845,1682649607091
846,1682649607091
847,1682649607091
848,1682649607091
849,1682649607091
850,1682649607091
851,1682649607091
852,1682649607092
853,1682649607241
854,1682649607241
855,1682649607241
856,1682649607241
857,1682649607242
858,1682649607242
859,1682649607242
860,1682649607242
861,1682649607242
862,1682649607242
863,1682649607243
864,1682649607243
865,1682649607243
866,1682649607243
867,1682649607243
868,1682649607244
869,1682649607244
870,1682649607244
871,1682649607244
872,1682649607244
873,1682649607245
874,1682649607245
875,1682649607245
876,1682649607245
877,1682649607245
878,1682649607246
879,1682649607246
880,1682649607246
881,1682649607246
882,1682649607246
883,1682649607247
884,1682649607247
885,1682649607247
886,1682649607247
887,1682649607247
888,1682649607248
889,1682649607248
890,1682649607248
891,1682649607248
892,1682649607248
893,1682649607249
894,1682649607249
895,1682649607249
896,1682649607250
897,1682649607250
898,1682649607250
899,1682649607251
900,1682649607251
901,1682649607423
902,1682649607424
903,1682649607424
904,1682649607424
905,1682649607424
906,1682649607424
907,1682649607424
908,1682649607424
909,1682649607424
910,1682649607424
911,1682649607425
912,1682649607425
913,1682649607425
914,1682649607425
915,1682649607425
916,1682649607425
917,1682649607425
918,1682649607425
919,1682649607425
920,1682649607426
921,1682649607426
922,1682649607426
923,1682649607426
924,1682649607426
925,1682649607426
926,1682649607426
927,1682649607426
928,1682649607427
929,1682649607427
930,1682649607427
931,1682649607427
932,1682649607427
933,1682649607427
934,1682649607427
935,1682649607427
936,1682649607427
937,1682649607428
938,1682649607428
939,1682649607428
940,1682649607428
941,1682649607428
942,1682649607428
943,1682649607429
944,1682649607429
945,1682649607429
946,1682649607429
947,1682649607429
948,1682649607429
949,1682649607429
950,1682649607430
951,1682649607430
952,1682649607430
953,1682649607605
954,1682649607605
955,1682649607605
956,1682649607605
957,1682649607606
958,1682649607606
959,1682649607606
960,1682649607606
961,1682649607606
962,1682649607606
963,1682649607607
964,1682649607607
965,1682649607607
966,1682649607607
967,1682649607607
968,1682649607607
969,1682649607607
970,1682649607608
971,1682649607608
972,1682649607608
973,1682649607608
974,1682649607608
975,1682649607608
976,1682649607608
977,1682649607609
978,1682649607609
979,1682649607609
980,1682649607609
981,1682649607609
982,1682649607609
983,1682649607609
984,1682649607609
985,1682649607609
986,1682649607610
987,1682649607610
988,1682649607610
989,1682649607610
990,1682649607610
991,1682649607610
992,1682649607610
993,1682649607610
994,1682649607611
995,1682649607611
996,1682649607611
997,1682649607611
998,1682649607611
999,1682649607611
1000,1682649607611
1001,1682649607611
1002,1682649607611
1003,1682649607612
1004,1682649607612
1005,1682649607612
1006,1682649607612
1007,1682649607612
1008,1682649607612
1009,1682649607612
1010,1682649607612
1011,1682649607612
1012,1682649607612
1013,1682649607612
1014,1682649607613
1015,1682649607613
1016,1682649607613
1017,1682649607613
1018,1682649607613
1019,1682649607613
1020,1682649607613
1021,1682649607613
1022,1682649607613
1023,1682649607613
1024,1682649607614
1025,1682649607614
1026,1682649607614
1027,1682649607614
1028,1682649607614
1029,1682649607614
1030,1682649607614
1031,1682649607615
1032,1682649607615
1033,1682649607615
1034,1682649607615
1035,1682649607615
1036,1682649607616
1037,1682649607616
1038,1682649607616
1039,1682649607616
1040,1682649607616
1041,1682649607616
1042,1682649607616
1043,1682649607617
1044,1682649607617
1045,1682649607617
1046,1682649607617
1047,1682649607617
1048,1682649607617
1049,1682649607617
1050,1682649607617
1051,1682649607617
1052,1682649607618
1053,1682649607618
1054,1682649607618
1055,1682649607618
1056,1682649607618
1057,1682649607618
1058,1682649607618
1059,1682649607618
1060,1682649607654
1061,1682649607656
1062,1682649607659
1063,1682649607659
1064,1682649607945
1065,1682649607945
1066,1682649607945
1067,1682649607945
1068,1682649607945
1069,1682649607946
1070,1682649607946
1071,1682649607946
1072,1682649607946
1073,1682649607946
1074,1682649607946
1075,1682649607947
1076,1682649607947
1077,1682649607947
1078,1682649607947
1079,1682649607947
1080,1682649607947
1081,1682649607948
1082,1682649607948
1083,1682649607948
1084,1682649607948
1085,1682649607948
1086,1682649607948
1087,1682649607948
1088,1682649607948
1089,1682649607949
1090,1682649607949
1091,1682649607949
1092,1682649607949
1093,1682649607949
1094,1682649607949
1095,1682649607949
1096,1682649607949
1097,1682649607949
1098,1682649607950
1099,1682649607950
1100,1682649608116
1101,1682649608116
1102,1682649608116
1103,1682649608116
1104,1682649608116
1105,1682649608116
1106,1682649608117
1107,1682649608117
1108,1682649608117
1109,1682649608117
1110,1682649608117
1111,1682649608117
1112,1682649608117
1113,1682649608117
1114,1682649608117
1115,1682649608118
1116,1682649608118
1117,1682649608118
1118,1682649608118
1119,1682649608118
1120,1682649608118
1121,1682649608118
1122,1682649608118
1123,1682649608119
1124,1682649608119
1125,1682649608119
1126,1682649608119
1127,1682649608119
1128,1682649608119
1129,1682649608120
1130,1682649608120
1131,1682649608120
1132,1682649608121
1133,1682649608121
1134,1682649608121
1135,1682649608121
1136,1682649608122
1137,1682649608122
1138,1682649608122
1139,1682649608123
1140,1682649608123
1141,1682649608123
1142,1682649608123
1143,1682649608123
1144,1682649608124
1145,1682649608124
1146,1682649608124
1147,1682649608124
1148,1682649608125
1149,1682649608125
1150,1682649608125
1151,1682649608125
1152,1682649608126
1153,1682649608126
1154,1682649608126
1155,1682649608126
1156,1682649608126
1157,1682649608126
1158,1682649608127
1159,1682649608127
1160,1682649608127
1161,1682649608127
1162,1682649608127
1163,1682649608128
1164,1682649608128
1165,1682649608128
1166,1682649608128
1167,1682649608128
1168,1682649608129
1169,1682649608129
1170,1682649608129
1171,1682649608129
1172,1682649608129
1173,1682649608369
1174,1682649608370
1175,1682649608370
1176,1682649608370
1177,1682649608370
1178,1682649608371
1179,1682649608371
1180,1682649608371
1181,1682649608371
1182,1682649608372
1183,1682649608372
1184,1682649608372
1185,1682649608372
1186,1682649608373
1187,1682649608373
1188,1682649608373
1189,1682649608373
1190,1682649608374
1191,1682649608374
1192,1682649608374
1193,1682649608374
1194,1682649608375
1195,1682649608375
1196,1682649608375
1197,1682649608376
1198,1682649608376
1199,1682649608376
1200,1682649608376
1201,1682649608377
1202,1682649608377
1203,1682649608377
1204,1682649608377
1205,1682649608377
1206,1682649608377
1207,1682649608378
1208,1682649608378
1209,1682649608378
1210,1682649608378
1211,1682649608378
1212,1682649608379
1213,1682649608379
1214,1682649608379
1215,1682649608379
1216,1682649608380
1217,1682649608380
1218,1682649608380
1219,1682649608380
1220,1682649608380
1221,1682649608381
1222,1682649608381
1223,1682649608381
1224,1682649608381
1225,1682649608381
1226,1682649608382
1227,1682649608382
1228,1682649608382
1229,1682649608382
1230,1682649608382
1231,1682649608383
1232,1682649608383
1233,1682649608383
1234,1682649608383
1235,1682649608383
1236,1682649608384
1237,1682649608384
1238,1682649608384
1239,1682649608384
1240,1682649608384
1241,1682649608384
1242,1682649608385
1243,1682649608385
1244,1682649608385
1245,1682649608385
1246,1682649608385
1247,1682649608386
1248,1682649608386
1249,1682649608386
1250,1682649608386
1251,1682649608386
1252,1682649608387
1253,1682649608387
1254,1682649608387
1255,1682649608387
1256,1682649608387
1257,1682649608387
1258,1682649608388
1259,1682649608388
1260,1682649608388
1261,1682649608388
1262,1682649608388
1263,1682649608389
1264,1682649608389
1265,1682649608389
1266,1682649608389
1267,1682649608389
1268,1682649608390
1269,1682649608390
1270,1682649608390
1271,1682649608390
1272,1682649608390
1273,1682649608390
1274,1682649608391
1275,1682649608391
1276,1682649608391
1277,1682649608391
1278,1682649608392
1279,1682649608392
1280,1682649608392
1281,1682649608392
1282,1682649608393
1283,1682649608393
1284,1682649608393
1285,1682649608393
1286,1682649608393
1287,1682649608394
1288,1682649608394
1289,1682649608394
1290,1682649608394
1291,1682649608394
1292,1682649608395
1293,1682649608395
1294,1682649608395
1295,1682649608395
1296,1682649608395
1297,1682649608396
1298,1682649608396
1299,1682649608396
1300,1682649608396
1301,1682649608396
1302,1682649608396
1303,1682649608396
1304,1682649608397
1305,1682649608397
1306,1682649608397
1307,1682649608397
1308,1682649608397
1309,1682649608397
1310,1682649608397
1311,1682649608397
1312,1682649608398
1313,1682649608398
1314,1682649608398
1315,1682649608398
1316,1682649608398
1317,1682649608398
1318,1682649608398
1319,1682649608399
1320,1682649608399
1321,1682649608399
1322,1682649608399
1323,1682649608399
1324,1682649608399
1325,1682649608400
1326,1682649608400
1327,1682649608400
1328,1682649608400
1329,1682649608400
1330,1682649608401
1331,1682649608401
1332,1682649608401
1333,1682649608401
1334,1682649608401
1335,1682649608402
1336,1682649608402
1337,1682649608402
1338,1682649608402
1339,1682649608402
1340,1682649608403
1341,1682649608403
1342,1682649608403
1343,1682649608403
1344,1682649608403
1345,1682649608404
1346,1682649608554
1347,1682649608554
1348,1682649608554
1349,1682649608555
1350,1682649608555
1351,1682649608555
1352,1682649608555
1353,1682649608555
1354,1682649608556
1355,1682649608556
1356,1682649608556
1357,1682649608556
1358,1682649608556
1359,1682649608557
1360,1682649608557
1361,1682649608557
1362,1682649608557
1363,1682649608557
1364,1682649608557
1365,1682649608558
1366,1682649608558
1367,1682649608558
1368,1682649608558
1369,1682649608558
1370,1682649608558
1371,1682649608558
1372,1682649608558
1373,1682649608559
1374,1682649608559
1375,1682649608559
1376,1682649608559
1377,1682649608559
1378,1682649608559
1379,1682649608559
1380,1682649608559
1381,1682649608560
1382,1682649608560
1383,1682649608560
1384,1682649608560
1385,1682649608560
1386,1682649608560
1387,1682649608560
1388,1682649608561
1389,1682649608561
1390,1682649608561
1391,1682649608561
1392,1682649608561
1393,1682649608562
1394,1682649608562
1395,1682649608562
1396,1682649608562
1397,1682649608563
1398,1682649608563
1399,1682649608563
1400,1682649608563
1401,1682649608564
1402,1682649608564
1403,1682649608564
1404,1682649608564
1405,1682649608564
1406,1682649608564
1407,1682649608565
1408,1682649608565
1409,1682649608565
1410,1682649608565
1411,1682649608565
1412,1682649608566
1413,1682649608566
1414,1682649608566
1415,1682649608566
1416,1682649608566
1417,1682649608567
1418,1682649608567
1419,1682649608567
1420,1682649608567
1421,1682649608567
1422,1682649608567
1423,1682649608567
1424,1682649608567
1425,1682649608568
1426,1682649608568
1427,1682649608568
1428,1682649608568
1429,1682649608568
1430,1682649608568
1431,1682649608568
1432,1682649608569
1433,1682649608569
1434,1682649608569
1435,1682649608569
1436,1682649608570
1437,1682649608570
1438,1682649608570
1439,1682649608570
1440,1682649608571
1441,1682649608571
1442,1682649608571
1443,1682649608572
1444,1682649608572
1445,1682649608572
1446,1682649608572
1447,1682649608572
1448,1682649608573
1449,1682649608573
1450,1682649608573
1451,1682649608573
1452,1682649608574
1453,1682649608574
1454,1682649608574
1455,1682649608574
1456,1682649608574
1457,1682649608575
1458,1682649608575
1459,1682649608575
1460,1682649608575
1461,1682649608576
1462,1682649608576
1463,1682649608576
1464,1682649608576
1465,1682649608577
1466,1682649608577
1467,1682649608577
1468,1682649608577
1469,1682649608577
1470,1682649608577
1471,1682649608577
1472,1682649608577
1473,1682649608578
1474,1682649608578
1475,1682649608578
1476,1682649608578
1477,1682649608578
1478,1682649608578
1479,1682649608578
1480,1682649608578
1481,1682649608579
1482,1682649608579
1483,1682649608579
1484,1682649608579
1485,1682649608579
1486,1682649608579
1487,1682649608580
1488,1682649608580
1489,1682649608580
1490,1682649608580
1491,1682649608580
1492,1682649608580
1493,1682649608581
1494,1682649608581
1495,1682649608581
1496,1682649608581
1497,1682649608582
1498,1682649608582
1499,1682649608582
1500,1682649608582
1501,1682649608582
1502,1682649608583
1503,1682649608583
1504,1682649608583
1505,1682649608583
1506,1682649608583
1507,1682649608583
1508,1682649608583
1509,1682649608583
1510,1682649608583
1511,1682649608584
1512,1682649608584
1513,1682649608584
1514,1682649608584
1515,1682649608584
1516,1682649608584
1517,1682649608584
1518,1682649608584
1519,1682649608585
1520,1682649608585
1521,1682649608585
1522,1682649608585
1523,1682649608620
1524,1682649608621
1525,1682649608622
1526,1682649608622
1527,1682649608622
1528,1682649608623
1529,1682649608623
1530,1682649608623
1531,1682649608623
1532,1682649608624
1533,1682649608624
1534,1682649608624
1535,1682649608625
1536,1682649608625
