1,1682647774824
2,1682647774826
3,1682647774827
4,1682647774828
5,1682647774829
6,1682647774832
7,1682647774834
8,1682647774835
9,1682647774836
10,1682647774837
11,1682647774838
12,1682647774841
13,1682647774842
14,1682647774843
15,1682647774844
16,1682647774845
17,1682647774846
18,1682647774847
19,1682647774847
20,1682647774848
21,1682647774849
22,1682647774849
23,1682647774850
24,1682647774851
25,1682647774851
26,1682647774852
27,1682647774853
28,1682647774853
29,1682647774855
30,1682647774855
31,1682647774857
32,1682647774858
33,1682647774859
34,1682647774859
35,1682647774860
36,1682647774861
37,1682647774861
38,1682647774862
39,1682647774863
40,1682647774944
41,1682647774944
42,1682647774945
43,1682647774945
44,1682647774945
45,1682647774968
46,1682647774968
47,1682647774969
48,1682647774969
49,1682647774970
50,1682647774975
51,1682647774986
52,1682647774986
53,1682647774987
54,1682647774987
55,1682647775031
56,1682647775031
57,1682647775031
58,1682647775032
59,1682647775032
60,1682647775032
61,1682647775032
62,1682647775033
63,1682647775033
64,1682647775033
65,1682647775034
66,1682647775034
67,1682647775034
68,1682647775035
69,1682647775035
70,1682647775035
71,1682647775035
72,1682647775036
73,1682647775036
74,1682647775036
75,1682647775051
76,1682647775052
77,1682647775052
78,1682647775061
79,1682647775061
80,1682647775062
81,1682647775063
82,1682647775063
83,1682647775064
84,1682647775064
85,1682647775067
86,1682647775067
87,1682647775067
88,1682647775068
89,1682647775070
90,1682647775070
91,1682647775071
92,1682647775071
93,1682647775073
94,1682647775074
95,1682647775074
96,1682647775086
97,1682647775086
98,1682647775086
99,1682647775087
100,1682647775088
101,1682647775088
102,1682647775089
103,1682647775089
104,1682647775090
105,1682647775090
106,1682647775090
107,1682647775091
108,1682647775091
109,1682647775091
110,1682647775092
111,1682647775092
112,1682647775105
113,1682647775105
114,1682647775106
115,1682647775106
116,1682647775106
117,1682647775106
118,1682647775107
119,1682647775107
120,1682647775107
121,1682647775107
122,1682647775108
123,1682647775108
124,1682647775108
125,1682647775108
126,1682647775108
127,1682647775108
128,1682647775109
