1,1682647816500
2,1682647816501
3,1682647816502
4,1682647816503
5,1682647816503
6,1682647816504
7,1682647816505
8,1682647816505
9,1682647816506
10,1682647816678
11,1682647816679
12,1682647816680
13,1682647816681
14,1682647816682
15,1682647816683
16,1682647816683
17,1682647816684
18,1682647816685
19,1682647816685
20,1682647816686
21,1682647816686
22,1682647816687
23,1682647816688
24,1682647816689
25,1682647816690
26,1682647816690
27,1682647816808
28,1682647816809
29,1682647816810
30,1682647816812
31,1682647816813
32,1682647816815
33,1682647816816
34,1682647816817
35,1682647816817
36,1682647816818
37,1682647816818
38,1682647816819
39,1682647816819
40,1682647816820
41,1682647816820
42,1682647816821
43,1682647816822
44,1682647816822
45,1682647816823
46,1682647816824
47,1682647816824
48,1682647816825
49,1682647816825
50,1682647816826
51,1682647816826
52,1682647816827
53,1682647816827
54,1682647816827
55,1682647816828
56,1682647816828
57,1682647816828
58,1682647816829
59,1682647816829
60,1682647816830
61,1682647816831
62,1682647816831
63,1682647816832
64,1682647816832
65,1682647816832
66,1682647816833
67,1682647816833
68,1682647816834
69,1682647816842
70,1682647816849
71,1682647816851
72,1682647816852
73,1682647816853
74,1682647816854
75,1682647816856
76,1682647816858
77,1682647816870
78,1682647816871
79,1682647816871
80,1682647816871
81,1682647816872
82,1682647816872
83,1682647816874
84,1682647816874
85,1682647816875
86,1682647816881
87,1682647816882
88,1682647816883
89,1682647816885
90,1682647816886
91,1682647816886
92,1682647816887
93,1682647816889
94,1682647816896
95,1682647816899
96,1682647816900
97,1682647816901
98,1682647816901
99,1682647816902
100,1682647816902
101,1682647816911
102,1682647816912
103,1682647816913
104,1682647816913
105,1682647816915
106,1682647816931
107,1682647816932
108,1682647816933
109,1682647816934
110,1682647816935
111,1682647816935
112,1682647816936
113,1682647816939
114,1682647816940
115,1682647816941
116,1682647816948
117,1682647816949
118,1682647816954
119,1682647816956
120,1682647816959
121,1682647816962
122,1682647816964
123,1682647816965
124,1682647816966
125,1682647816967
126,1682647816968
127,1682647816968
128,1682647816969
