1,1682647663555
2,1682647663557
3,1682647663561
4,1682647663561
5,1682647663564
6,1682647663569
7,1682647663578
8,1682647663579
9,1682647663630
10,1682647663630
11,1682647663741
12,1682647663741
13,1682647663741
14,1682647663742
15,1682647663742
16,1682647663742
17,1682647663743
18,1682647663743
19,1682647663743
20,1682647663744
21,1682647663744
22,1682647663744
23,1682647663745
24,1682647663745
25,1682647663868
26,1682647663869
27,1682647663872
28,1682647663875
29,1682647663875
30,1682647663876
31,1682647663877
32,1682647663878
33,1682647663878
34,1682647663879
35,1682647663880
36,1682647663882
37,1682647663882
38,1682647663883
39,1682647663884
40,1682647663884
41,1682647663885
42,1682647663885
43,1682647663896
44,1682647663897
45,1682647663902
46,1682647663903
47,1682647663911
48,1682647663913
49,1682647663914
50,1682647663915
51,1682647663918
52,1682647663918
53,1682647663919
54,1682647663923
55,1682647663924
56,1682647663926
57,1682647663928
58,1682647663928
59,1682647663929
60,1682647663930
61,1682647663930
62,1682647663931
63,1682647663932
64,1682647663933
