1,1682647556946
2,1682647556947
3,1682647556948
4,1682647556948
5,1682647556949
6,1682647556950
7,1682647556950
8,1682647556951
9,1682647556951
10,1682647556952
11,1682647556953
12,1682647556953
13,1682647556954
14,1682647556954
15,1682647556954
16,1682647556955
17,1682647556955
18,1682647556956
19,1682647556956
20,1682647556957
21,1682647556957
22,1682647557053
23,1682647557054
24,1682647557054
25,1682647557055
26,1682647557055
27,1682647557056
28,1682647557056
29,1682647557057
30,1682647557057
31,1682647557058
32,1682647557058
33,1682647557059
34,1682647557062
35,1682647557063
36,1682647557063
37,1682647557064
38,1682647557064
39,1682647557065
40,1682647557077
41,1682647557078
42,1682647557078
43,1682647557079
44,1682647557080
45,1682647557080
46,1682647557081
47,1682647557081
48,1682647557081
49,1682647557097
50,1682647557097
51,1682647557097
52,1682647557098
53,1682647557098
54,1682647557099
55,1682647557099
56,1682647557099
57,1682647557100
58,1682647557100
59,1682647557104
60,1682647557109
61,1682647557109
62,1682647557110
63,1682647557120
64,1682647557175
