1,1682648633064
2,1682648633065
3,1682648633066
4,1682648633067
5,1682648633069
6,1682648633070
7,1682648633072
8,1682648633073
9,1682648633075
10,1682648633080
11,1682648633082
12,1682648633084
13,1682648633085
14,1682648633087
15,1682648635563
16,1682648635564
17,1682648635565
18,1682648635566
19,1682648635567
20,1682648635568
21,1682648635574
22,1682648635575
23,1682648635580
24,1682648635582
25,1682648635583
26,1682648635584
27,1682648635585
28,1682648635586
29,1682648635587
30,1682648635588
31,1682648635589
32,1682648635589
33,1682648635590
34,1682648635591
35,1682648635592
36,1682648635593
37,1682648635594
38,1682648635594
39,1682648635595
40,1682648635596
41,1682648635597
42,1682648635598
43,1682648635598
44,1682648635599
45,1682648635600
46,1682648635601
47,1682648635602
48,1682648635603
49,1682648635605
50,1682648635606
51,1682648635607
52,1682648635607
53,1682648635608
54,1682648635608
55,1682648635611
56,1682648635612
57,1682648635613
58,1682648635613
59,1682648635614
60,1682648635615
61,1682648635616
62,1682648635617
63,1682648635618
64,1682648635619
65,1682648635620
66,1682648635621
67,1682648635622
68,1682648635622
69,1682648635623
70,1682648635624
71,1682648635628
72,1682648635630
73,1682648635630
74,1682648635631
75,1682648635632
76,1682648635632
77,1682648635633
78,1682648635634
79,1682648635634
80,1682648635635
81,1682648635636
82,1682648635636
83,1682648635636
84,1682648635637
85,1682648635637
86,1682648635638
87,1682648635639
88,1682648635639
89,1682648635640
90,1682648635640
91,1682648635641
92,1682648635641
93,1682648635641
94,1682648635642
95,1682648635642
96,1682648635643
97,1682648635644
98,1682648635644
99,1682648635645
100,1682648635645
101,1682648635646
102,1682648635646
103,1682648635647
104,1682648635647
105,1682648635648
106,1682648635648
107,1682648635649
108,1682648635650
109,1682648635650
110,1682648635651
111,1682648635651
112,1682648635652
113,1682648635652
114,1682648635653
115,1682648635653
116,1682648635654
117,1682648635654
118,1682648635655
119,1682648635656
120,1682648635656
121,1682648635657
122,1682648635657
123,1682648635658
124,1682648635658
125,1682648635659
126,1682648635660
127,1682648635661
128,1682648635661
129,1682648635662
130,1682648635663
131,1682648635663
132,1682648635664
133,1682648635664
134,1682648635665
135,1682648635666
136,1682648635666
137,1682648635667
138,1682648635667
139,1682648635668
140,1682648635668
141,1682648635669
142,1682648635669
143,1682648635670
144,1682648635670
145,1682648635671
146,1682648635671
147,1682648635672
148,1682648635673
149,1682648635673
150,1682648635674
151,1682648635674
152,1682648635675
153,1682648635675
154,1682648635675
155,1682648635676
156,1682648635676
157,1682648635677
158,1682648635677
159,1682648635678
160,1682648635678
161,1682648635679
162,1682648635679
163,1682648635679
164,1682648635685
165,1682648635685
166,1682648635686
167,1682648635686
168,1682648635686
169,1682648635686
170,1682648635687
171,1682648635687
172,1682648635687
173,1682648635687
174,1682648635688
175,1682648635688
176,1682648635688
177,1682648635689
178,1682648635689
179,1682648635689
180,1682648635689
181,1682648635690
182,1682648635690
183,1682648635690
184,1682648635691
185,1682648635691
186,1682648635691
187,1682648635692
188,1682648635692
189,1682648635693
190,1682648635693
191,1682648635693
192,1682648635694
193,1682648635694
194,1682648635694
195,1682648635695
196,1682648635695
197,1682648635695
198,1682648635696
199,1682648635696
200,1682648635696
201,1682648635696
202,1682648635696
203,1682648635697
204,1682648635697
205,1682648635697
206,1682648635697
207,1682648635697
208,1682648635698
209,1682648635698
210,1682648635698
211,1682648635699
212,1682648635699
213,1682648635699
214,1682648635699
215,1682648635699
216,1682648635699
217,1682648635700
218,1682648635700
219,1682648635700
220,1682648635700
221,1682648635700
222,1682648635701
223,1682648635701
224,1682648635701
225,1682648635701
226,1682648635702
227,1682648635702
228,1682648635702
229,1682648635702
230,1682648635702
231,1682648635703
232,1682648635703
233,1682648635703
234,1682648635703
235,1682648635704
236,1682648635704
237,1682648635704
238,1682648635705
239,1682648635705
240,1682648635705
241,1682648635706
242,1682648635706
243,1682648635706
244,1682648635706
245,1682648635707
246,1682648635707
247,1682648635707
248,1682648635707
249,1682648635707
250,1682648635708
251,1682648635708
252,1682648635708
253,1682648635708
254,1682648635709
255,1682648635709
256,1682648635709
257,1682648635709
258,1682648635709
259,1682648635710
260,1682648635710
261,1682648635710
262,1682648635710
263,1682648635710
264,1682648635711
265,1682648635711
266,1682648635711
267,1682648635711
268,1682648635712
269,1682648635712
270,1682648635712
271,1682648635712
272,1682648635712
273,1682648635713
274,1682648635713
275,1682648635713
276,1682648635713
277,1682648635713
278,1682648635714
279,1682648635714
280,1682648635714
281,1682648635714
282,1682648635714
283,1682648635714
284,1682648635715
285,1682648635715
286,1682648635715
287,1682648635715
288,1682648635715
289,1682648635716
290,1682648635716
291,1682648635716
292,1682648635716
293,1682648635716
294,1682648635717
295,1682648635717
296,1682648635717
297,1682648635717
298,1682648635718
299,1682648635718
300,1682648635718
301,1682648635718
302,1682648635718
303,1682648635718
304,1682648635719
305,1682648635719
306,1682648635719
307,1682648635719
308,1682648635720
309,1682648635720
310,1682648635720
311,1682648635720
312,1682648635720
313,1682648635721
314,1682648635721
315,1682648635721
316,1682648635721
317,1682648635721
318,1682648635721
319,1682648635721
320,1682648635722
321,1682648635722
322,1682648635722
323,1682648635722
324,1682648635722
325,1682648635722
326,1682648635723
327,1682648635723
328,1682648635723
329,1682648635723
330,1682648635723
331,1682648635723
332,1682648635724
333,1682648635724
334,1682648635724
335,1682648635724
336,1682648635724
337,1682648635724
338,1682648635724
339,1682648635725
340,1682648635725
341,1682648635725
342,1682648635725
343,1682648635725
344,1682648635726
345,1682648635726
346,1682648635726
347,1682648635726
348,1682648635726
349,1682648635727
350,1682648635730
351,1682648635730
352,1682648635730
353,1682648635731
354,1682648635731
355,1682648635731
356,1682648635731
357,1682648635731
358,1682648635732
359,1682648635732
360,1682648635732
361,1682648635732
362,1682648635732
363,1682648635733
364,1682648635733
365,1682648635733
366,1682648635733
367,1682648635733
368,1682648635733
369,1682648635734
370,1682648635734
371,1682648635734
372,1682648635734
373,1682648635734
374,1682648635752
375,1682648635752
376,1682648635753
377,1682648635753
378,1682648635753
379,1682648635753
380,1682648635753
381,1682648635754
382,1682648635754
383,1682648635754
384,1682648635754
385,1682648635754
386,1682648635762
387,1682648635762
388,1682648635762
389,1682648635763
390,1682648635763
391,1682648635763
392,1682648635763
393,1682648635764
394,1682648635764
395,1682648635764
396,1682648635775
397,1682648635776
398,1682648635776
399,1682648635776
400,1682648635777
401,1682648635777
402,1682648635777
403,1682648635777
404,1682648635778
405,1682648635778
406,1682648635778
407,1682648635778
408,1682648635779
409,1682648635779
410,1682648635779
411,1682648635779
412,1682648635779
413,1682648635780
414,1682648635787
415,1682648635787
416,1682648635788
417,1682648635788
418,1682648635788
419,1682648635788
420,1682648635789
421,1682648635789
422,1682648635789
423,1682648635789
424,1682648635795
425,1682648635795
426,1682648635796
427,1682648635796
428,1682648635796
429,1682648635796
430,1682648635802
431,1682648635802
432,1682648635802
433,1682648635802
434,1682648635803
435,1682648635803
436,1682648635803
437,1682648635810
438,1682648635810
439,1682648635811
440,1682648635811
441,1682648635812
442,1682648635812
443,1682648635812
444,1682648635813
445,1682648635813
446,1682648635813
447,1682648635813
448,1682648635813
449,1682648635814
450,1682648635814
451,1682648635814
452,1682648635814
453,1682648635814
454,1682648635815
455,1682648635815
456,1682648635815
457,1682648635815
458,1682648635815
459,1682648635816
460,1682648635816
461,1682648635816
462,1682648635816
463,1682648635816
464,1682648635848
465,1682648635849
466,1682648635849
467,1682648635849
468,1682648635849
469,1682648635850
470,1682648635850
471,1682648635850
472,1682648635850
473,1682648635851
474,1682648635851
475,1682648635851
476,1682648635851
477,1682648635852
478,1682648635852
479,1682648635852
480,1682648635852
481,1682648635853
482,1682648635853
483,1682648635853
484,1682648635854
485,1682648635854
486,1682648635854
487,1682648635855
488,1682648635855
489,1682648635855
490,1682648635855
491,1682648635859
492,1682648635860
493,1682648635863
494,1682648635864
495,1682648635864
496,1682648635864
497,1682648635865
498,1682648635865
499,1682648635865
500,1682648635866
501,1682648635866
502,1682648635866
503,1682648635866
504,1682648635867
505,1682648635867
506,1682648635867
507,1682648635867
508,1682648635868
509,1682648635869
510,1682648635869
511,1682648635869
512,1682648635869
513,1682648635870
514,1682648635870
515,1682648635870
516,1682648635870
517,1682648635871
518,1682648635871
519,1682648635872
520,1682648635872
521,1682648635873
522,1682648635873
523,1682648635874
524,1682648635874
525,1682648635875
526,1682648635875
527,1682648635877
528,1682648635877
529,1682648635877
530,1682648635877
531,1682648635878
532,1682648635878
533,1682648635879
534,1682648635879
535,1682648635879
536,1682648635880
537,1682648635880
538,1682648635880
539,1682648635881
540,1682648635881
541,1682648635881
542,1682648635882
543,1682648635882
544,1682648635882
545,1682648635883
546,1682648635883
547,1682648635883
548,1682648635883
549,1682648635884
550,1682648635884
551,1682648635884
552,1682648635885
553,1682648635885
554,1682648635885
555,1682648635885
556,1682648635885
557,1682648635885
558,1682648635886
559,1682648635886
560,1682648635886
561,1682648635896
562,1682648635896
563,1682648635897
564,1682648635897
565,1682648635897
566,1682648635897
567,1682648635901
568,1682648635901
569,1682648635901
570,1682648635902
571,1682648635902
572,1682648635902
573,1682648635903
574,1682648635903
575,1682648635903
576,1682648635903
577,1682648635904
578,1682648635904
579,1682648635904
580,1682648635905
581,1682648635905
582,1682648635905
583,1682648635905
584,1682648635906
585,1682648635906
586,1682648635906
587,1682648635906
588,1682648635907
589,1682648635907
590,1682648635907
591,1682648635908
592,1682648635908
593,1682648635908
594,1682648635909
595,1682648635909
596,1682648635909
597,1682648635910
598,1682648635910
599,1682648635910
600,1682648635911
601,1682648635911
602,1682648635911
603,1682648635911
604,1682648635912
605,1682648635912
606,1682648635912
607,1682648635912
608,1682648635912
609,1682648635913
610,1682648635913
611,1682648635913
612,1682648635913
613,1682648635914
614,1682648635914
615,1682648635914
616,1682648635914
617,1682648635915
618,1682648635915
619,1682648635915
620,1682648635916
621,1682648635916
622,1682648635916
623,1682648635916
624,1682648635917
625,1682648635917
626,1682648635917
627,1682648635917
628,1682648635918
629,1682648635918
630,1682648635918
631,1682648635918
632,1682648635919
633,1682648635919
634,1682648635919
635,1682648635919
636,1682648635920
637,1682648635920
638,1682648635921
639,1682648635921
640,1682648635921
641,1682648635922
642,1682648635922
643,1682648635922
644,1682648635922
645,1682648635923
646,1682648635923
647,1682648635924
648,1682648635924
649,1682648635924
650,1682648635934
651,1682648635935
652,1682648635935
653,1682648635935
654,1682648635936
655,1682648635936
656,1682648635936
657,1682648635936
658,1682648635936
659,1682648635937
660,1682648635937
661,1682648635937
662,1682648635937
663,1682648635938
664,1682648635938
665,1682648635938
666,1682648635943
667,1682648635944
668,1682648635946
669,1682648635946
670,1682648635946
671,1682648635947
672,1682648635947
673,1682648635947
674,1682648635947
675,1682648635948
676,1682648635948
677,1682648635948
678,1682648635948
679,1682648635949
680,1682648635949
681,1682648635949
682,1682648635950
683,1682648635950
684,1682648635950
685,1682648635950
686,1682648635951
687,1682648635951
688,1682648635951
689,1682648635952
690,1682648635952
691,1682648635952
692,1682648635953
693,1682648635953
694,1682648635954
695,1682648635954
696,1682648635954
697,1682648635955
698,1682648635955
699,1682648635956
700,1682648635956
701,1682648635956
702,1682648635957
703,1682648635957
704,1682648635957
705,1682648635957
706,1682648635957
707,1682648635958
708,1682648635958
709,1682648635958
710,1682648635958
711,1682648635960
712,1682648635961
713,1682648635961
714,1682648635962
715,1682648635962
716,1682648635963
717,1682648635964
718,1682648635964
719,1682648635965
720,1682648635965
721,1682648635965
722,1682648635965
723,1682648635966
724,1682648635966
725,1682648635967
726,1682648635967
727,1682648635967
728,1682648635967
729,1682648635968
730,1682648635968
731,1682648635968
732,1682648635968
733,1682648635969
734,1682648635969
735,1682648635969
736,1682648635970
737,1682648635970
738,1682648635970
739,1682648635970
740,1682648635971
741,1682648635971
742,1682648635971
743,1682648635972
744,1682648635972
745,1682648635972
746,1682648635972
747,1682648635973
748,1682648635973
749,1682648635973
750,1682648635974
751,1682648635974
752,1682648635974
753,1682648635975
754,1682648635975
755,1682648635975
756,1682648635976
757,1682648635977
758,1682648635980
759,1682648635981
760,1682648635981
761,1682648635981
762,1682648635981
763,1682648635982
764,1682648635982
765,1682648635982
766,1682648635982
767,1682648635983
768,1682648635983
769,1682648635983
770,1682648635983
771,1682648635984
772,1682648635984
773,1682648635984
774,1682648635984
775,1682648635985
776,1682648635985
777,1682648635985
778,1682648635985
779,1682648635986
780,1682648635986
781,1682648635990
782,1682648635991
783,1682648635991
784,1682648635991
785,1682648635991
786,1682648635992
787,1682648635992
788,1682648635993
789,1682648635993
790,1682648635993
791,1682648635994
792,1682648635994
793,1682648635994
794,1682648635995
795,1682648635995
796,1682648635995
797,1682648635996
798,1682648635996
799,1682648635996
800,1682648635997
801,1682648635997
802,1682648635997
803,1682648635997
804,1682648635998
805,1682648635998
806,1682648635998
807,1682648635998
808,1682648635998
809,1682648635999
810,1682648635999
811,1682648635999
812,1682648635999
813,1682648635999
814,1682648636000
815,1682648636000
816,1682648636000
817,1682648636000
818,1682648636000
819,1682648636001
820,1682648636001
821,1682648636011
822,1682648636012
823,1682648636012
824,1682648636012
825,1682648636013
826,1682648636013
827,1682648636013
828,1682648636013
829,1682648636014
830,1682648636014
831,1682648636014
832,1682648636014
833,1682648636015
834,1682648636015
835,1682648636015
836,1682648636015
837,1682648636016
838,1682648636016
839,1682648636016
840,1682648636016
841,1682648636017
842,1682648636017
843,1682648636017
844,1682648636018
845,1682648636018
846,1682648636018
847,1682648636018
848,1682648636019
849,1682648636019
850,1682648636019
851,1682648636019
852,1682648636020
853,1682648636020
854,1682648636020
855,1682648636020
856,1682648636020
857,1682648636020
858,1682648636020
859,1682648636021
860,1682648636021
861,1682648636021
862,1682648636021
863,1682648636021
864,1682648636021
865,1682648636022
866,1682648636022
867,1682648636022
868,1682648636022
869,1682648636022
870,1682648636023
871,1682648636023
872,1682648636023
873,1682648636023
874,1682648636023
875,1682648636024
876,1682648636024
877,1682648636024
878,1682648636024
879,1682648636024
880,1682648636025
881,1682648636025
882,1682648636025
883,1682648636040
884,1682648636040
885,1682648636041
886,1682648636041
887,1682648636041
888,1682648636042
889,1682648636042
890,1682648636046
891,1682648636046
892,1682648636046
893,1682648636047
894,1682648636047
895,1682648636047
896,1682648636048
897,1682648636048
898,1682648636048
899,1682648636048
900,1682648636049
901,1682648636049
902,1682648636049
903,1682648636049
904,1682648636049
905,1682648636050
906,1682648636050
907,1682648636050
908,1682648636050
909,1682648636050
910,1682648636051
911,1682648636051
912,1682648636051
913,1682648636051
914,1682648636051
915,1682648636051
916,1682648636052
917,1682648636052
918,1682648636052
919,1682648636052
920,1682648636052
921,1682648636053
922,1682648636053
923,1682648636053
924,1682648636053
925,1682648636053
926,1682648636054
927,1682648636054
928,1682648636054
929,1682648636054
930,1682648636054
931,1682648636055
932,1682648636055
933,1682648636055
934,1682648636055
935,1682648636056
936,1682648636056
937,1682648636056
938,1682648636056
939,1682648636056
940,1682648636057
941,1682648636057
942,1682648636057
943,1682648636057
944,1682648636058
945,1682648636058
946,1682648636058
947,1682648636058
948,1682648636059
949,1682648636080
950,1682648636080
951,1682648636081
952,1682648636081
953,1682648636081
954,1682648636081
955,1682648636081
956,1682648636082
957,1682648636082
958,1682648636082
959,1682648636082
960,1682648636082
961,1682648636083
962,1682648636083
963,1682648636083
964,1682648636083
965,1682648636083
966,1682648636083
967,1682648636084
968,1682648636084
969,1682648636084
970,1682648636085
971,1682648636085
972,1682648636085
973,1682648636085
974,1682648636086
975,1682648636086
976,1682648636086
977,1682648636086
978,1682648636086
979,1682648636087
980,1682648636087
981,1682648636087
982,1682648636087
983,1682648636088
984,1682648636088
985,1682648636088
986,1682648636088
987,1682648636089
988,1682648636089
989,1682648636089
990,1682648636089
991,1682648636089
992,1682648636090
993,1682648636090
994,1682648636090
995,1682648636090
996,1682648636091
997,1682648636091
998,1682648636091
999,1682648636091
1000,1682648636092
1001,1682648636092
1002,1682648636092
1003,1682648636093
1004,1682648636093
1005,1682648636093
1006,1682648636094
1007,1682648636094
1008,1682648636094
1009,1682648636094
1010,1682648636094
1011,1682648636102
1012,1682648636102
1013,1682648636102
1014,1682648636102
1015,1682648636103
1016,1682648636103
1017,1682648636103
1018,1682648636103
1019,1682648636103
1020,1682648636104
1021,1682648636104
1022,1682648636104
1023,1682648636104
1024,1682648636105
1025,1682648636105
1026,1682648636105
1027,1682648636105
1028,1682648636106
1029,1682648636106
1030,1682648636106
1031,1682648636106
1032,1682648636107
1033,1682648636107
1034,1682648636107
1035,1682648636108
1036,1682648636108
1037,1682648636108
1038,1682648636108
1039,1682648636110
1040,1682648636110
1041,1682648636111
1042,1682648636111
1043,1682648636111
1044,1682648636112
1045,1682648636112
1046,1682648636112
1047,1682648636112
1048,1682648636113
1049,1682648636113
1050,1682648636114
1051,1682648636114
1052,1682648636114
1053,1682648636114
1054,1682648636114
1055,1682648636115
1056,1682648636115
1057,1682648636115
1058,1682648636115
1059,1682648636115
1060,1682648636116
1061,1682648636116
1062,1682648636116
1063,1682648636116
1064,1682648636116
1065,1682648636116
1066,1682648636117
1067,1682648636117
1068,1682648636117
1069,1682648636117
1070,1682648636117
1071,1682648636117
1072,1682648636117
1073,1682648636118
1074,1682648636118
1075,1682648636118
1076,1682648636135
1077,1682648636135
1078,1682648636135
1079,1682648636136
1080,1682648636136
1081,1682648636136
1082,1682648636136
1083,1682648636136
1084,1682648636137
1085,1682648636137
1086,1682648636137
1087,1682648636137
1088,1682648636140
1089,1682648636141
1090,1682648636141
1091,1682648636141
1092,1682648636141
1093,1682648636141
1094,1682648636142
1095,1682648636143
1096,1682648636144
1097,1682648636144
1098,1682648636145
1099,1682648636145
1100,1682648636145
1101,1682648636146
1102,1682648636146
1103,1682648636146
1104,1682648636146
1105,1682648636146
1106,1682648636146
1107,1682648636146
1108,1682648636147
1109,1682648636147
1110,1682648636147
1111,1682648636147
1112,1682648636147
1113,1682648636147
1114,1682648636147
1115,1682648636147
1116,1682648636148
1117,1682648636148
1118,1682648636148
1119,1682648636148
1120,1682648636148
1121,1682648636148
1122,1682648636148
1123,1682648636149
1124,1682648636149
1125,1682648636149
1126,1682648636149
1127,1682648636149
1128,1682648636149
1129,1682648636149
1130,1682648636150
1131,1682648636150
1132,1682648636150
1133,1682648636150
1134,1682648636150
1135,1682648636150
1136,1682648636150
1137,1682648636151
1138,1682648636151
1139,1682648636151
1140,1682648636151
1141,1682648636151
1142,1682648636151
1143,1682648636152
1144,1682648636152
1145,1682648636152
1146,1682648636152
1147,1682648636152
1148,1682648636152
1149,1682648636153
1150,1682648636153
1151,1682648636153
1152,1682648636153
1153,1682648636153
1154,1682648636153
1155,1682648636153
1156,1682648636153
1157,1682648636154
1158,1682648636154
1159,1682648636154
1160,1682648636154
1161,1682648636154
1162,1682648636154
1163,1682648636155
1164,1682648636155
1165,1682648636155
1166,1682648636155
1167,1682648636155
1168,1682648636155
1169,1682648636156
1170,1682648636156
1171,1682648636156
1172,1682648636156
1173,1682648636156
1174,1682648636156
1175,1682648636156
1176,1682648636157
1177,1682648636157
1178,1682648636157
1179,1682648636157
1180,1682648636158
1181,1682648636158
1182,1682648636158
1183,1682648636158
1184,1682648636158
1185,1682648636159
1186,1682648636159
1187,1682648636159
1188,1682648636159
1189,1682648636160
1190,1682648636160
1191,1682648636160
1192,1682648636161
1193,1682648636161
1194,1682648636161
1195,1682648636161
1196,1682648636162
1197,1682648636162
1198,1682648636162
1199,1682648636162
1200,1682648636163
1201,1682648636163
1202,1682648636163
1203,1682648636163
1204,1682648636164
1205,1682648636164
1206,1682648636164
1207,1682648636164
1208,1682648636164
1209,1682648636165
1210,1682648636165
1211,1682648636165
1212,1682648636165
1213,1682648636165
1214,1682648636166
1215,1682648636166
1216,1682648636166
1217,1682648636166
1218,1682648636167
1219,1682648636167
1220,1682648636167
1221,1682648636167
1222,1682648636167
1223,1682648636168
1224,1682648636168
1225,1682648636168
1226,1682648636168
1227,1682648636168
1228,1682648636169
1229,1682648636169
1230,1682648636169
1231,1682648636169
1232,1682648636169
1233,1682648636170
1234,1682648636170
1235,1682648636170
1236,1682648636170
1237,1682648636170
1238,1682648636171
1239,1682648636171
1240,1682648636171
1241,1682648636171
1242,1682648636171
1243,1682648636172
1244,1682648636172
1245,1682648636172
1246,1682648636172
1247,1682648636172
1248,1682648636172
1249,1682648636173
1250,1682648636173
1251,1682648636173
1252,1682648636173
1253,1682648636173
1254,1682648636174
1255,1682648636174
1256,1682648636174
1257,1682648636174
1258,1682648636174
1259,1682648636175
1260,1682648636175
1261,1682648636175
1262,1682648636175
1263,1682648636176
1264,1682648636176
1265,1682648636213
1266,1682648636213
1267,1682648636214
1268,1682648636214
1269,1682648636214
1270,1682648636214
1271,1682648636215
1272,1682648636215
1273,1682648636215
1274,1682648636215
1275,1682648636215
1276,1682648636216
1277,1682648636216
1278,1682648636216
1279,1682648636216
1280,1682648636216
