1,1682647663703
2,1682647663704
3,1682647663704
4,1682647663705
5,1682647663705
6,1682647663706
7,1682647663707
8,1682647663707
9,1682647663708
10,1682647663708
11,1682647663847
12,1682647663849
13,1682647663850
14,1682647663851
15,1682647663851
16,1682647663853
17,1682647663855
18,1682647663859
19,1682647663862
20,1682647663862
21,1682647663863
22,1682647663863
23,1682647663864
24,1682647663868
25,1682647663871
26,1682647663875
27,1682647663876
28,1682647663876
29,1682647663877
30,1682647663878
31,1682647663879
32,1682647663880
33,1682647663881
34,1682647663882
35,1682647663883
36,1682647663884
37,1682647663884
38,1682647663884
39,1682647663885
40,1682647663886
41,1682647663886
42,1682647663887
43,1682647663888
44,1682647663888
45,1682647663889
46,1682647663890
47,1682647663891
48,1682647663891
49,1682647663892
50,1682647663894
51,1682647663895
52,1682647663897
53,1682647663898
54,1682647663902
55,1682647663903
56,1682647663911
57,1682647663937
58,1682647663938
59,1682647663938
60,1682647663939
61,1682647663939
62,1682647663940
63,1682647663940
64,1682647663941
