1,1682648320546
2,1682648320548
3,1682648320549
4,1682648320550
5,1682648320551
6,1682648320552
7,1682648320555
8,1682648320556
9,1682648320557
10,1682648320557
11,1682648320558
12,1682648320558
13,1682648320558
14,1682648320559
15,1682648320559
16,1682648320559
17,1682648320560
18,1682648320560
19,1682648320560
20,1682648320561
21,1682648320561
22,1682648320561
23,1682648320562
24,1682648320562
25,1682648320562
26,1682648320563
27,1682648320563
28,1682648320563
29,1682648320564
30,1682648320564
31,1682648320564
32,1682648320565
33,1682648320565
34,1682648320565
35,1682648320566
36,1682648320566
37,1682648320566
38,1682648320567
39,1682648320567
40,1682648320567
41,1682648320568
42,1682648320568
43,1682648320568
44,1682648320569
45,1682648320569
46,1682648320570
47,1682648320571
48,1682648320571
49,1682648320572
50,1682648320572
51,1682648320573
52,1682648320573
53,1682648320573
54,1682648320574
55,1682648320574
56,1682648320574
57,1682648320575
58,1682648320575
59,1682648320575
60,1682648320576
61,1682648320576
62,1682648320577
63,1682648320578
64,1682648320578
65,1682648320579
66,1682648320580
67,1682648320580
68,1682648320581
69,1682648320582
70,1682648320583
71,1682648320583
72,1682648320584
73,1682648320585
74,1682648320586
75,1682648320588
76,1682648320590
77,1682648321234
78,1682648321234
79,1682648321235
80,1682648321235
81,1682648321236
82,1682648321238
83,1682648321239
84,1682648321240
85,1682648321241
86,1682648321241
87,1682648321242
88,1682648321243
89,1682648321243
90,1682648321244
91,1682648321245
92,1682648321245
93,1682648321246
94,1682648321246
95,1682648321247
96,1682648321247
97,1682648321248
98,1682648321248
99,1682648321248
100,1682648321249
101,1682648321249
102,1682648321250
103,1682648321250
104,1682648321250
105,1682648321251
106,1682648321251
107,1682648321251
108,1682648321252
109,1682648321252
110,1682648321252
111,1682648321253
112,1682648321257
113,1682648321258
114,1682648321258
115,1682648321259
116,1682648321259
117,1682648321260
118,1682648321260
119,1682648321260
120,1682648321260
121,1682648321261
122,1682648321261
123,1682648321262
124,1682648321262
125,1682648321263
126,1682648321263
127,1682648321263
128,1682648321264
129,1682648321264
130,1682648321265
131,1682648321265
132,1682648321266
133,1682648321267
134,1682648321267
135,1682648321267
136,1682648321268
137,1682648321268
138,1682648321269
139,1682648321269
140,1682648321270
141,1682648321271
142,1682648321271
143,1682648321272
144,1682648321272
145,1682648321274
146,1682648321274
147,1682648321275
148,1682648321275
149,1682648321276
150,1682648321276
151,1682648321276
152,1682648321276
153,1682648321277
154,1682648321277
155,1682648321277
156,1682648321278
157,1682648321278
158,1682648321278
159,1682648321278
160,1682648321279
161,1682648321279
162,1682648321280
163,1682648321280
164,1682648321280
165,1682648321281
166,1682648321281
167,1682648321282
168,1682648321282
169,1682648321282
170,1682648321283
171,1682648321283
172,1682648321283
173,1682648321284
174,1682648321284
175,1682648321284
176,1682648321284
177,1682648321285
178,1682648321285
179,1682648321285
180,1682648321286
181,1682648321286
182,1682648321287
183,1682648321288
184,1682648321289
185,1682648321289
186,1682648321290
187,1682648321291
188,1682648321291
189,1682648321292
190,1682648321292
191,1682648321292
192,1682648321293
193,1682648321294
194,1682648321294
195,1682648321295
196,1682648321296
197,1682648321296
198,1682648321297
199,1682648321297
200,1682648321298
201,1682648321299
202,1682648321299
203,1682648321299
204,1682648321300
205,1682648321300
206,1682648321300
207,1682648321301
208,1682648321301
209,1682648321302
210,1682648321302
211,1682648321307
212,1682648321308
213,1682648321308
214,1682648321310
215,1682648321310
216,1682648321311
217,1682648321311
218,1682648321312
219,1682648321312
220,1682648321313
221,1682648321314
222,1682648321315
223,1682648321316
224,1682648321318
225,1682648321318
226,1682648321319
227,1682648321319
228,1682648321324
229,1682648321327
230,1682648321328
231,1682648321329
232,1682648321332
233,1682648321334
234,1682648321334
235,1682648321335
236,1682648321339
237,1682648321340
238,1682648321341
239,1682648321342
240,1682648321343
241,1682648321343
242,1682648321343
243,1682648321344
244,1682648321344
245,1682648321344
246,1682648321345
247,1682648321345
248,1682648321346
249,1682648321347
250,1682648321348
251,1682648321348
252,1682648321349
253,1682648321349
254,1682648321349
255,1682648321350
256,1682648321350
257,1682648321350
258,1682648321353
259,1682648321359
260,1682648321361
261,1682648321366
262,1682648321367
263,1682648321367
264,1682648321367
265,1682648321368
266,1682648321368
267,1682648321368
268,1682648321369
269,1682648321894
270,1682648321894
271,1682648321895
272,1682648321895
273,1682648321895
274,1682648321895
275,1682648321896
276,1682648321896
277,1682648321896
278,1682648321897
279,1682648321897
280,1682648321897
281,1682648321898
282,1682648321898
283,1682648321899
284,1682648321900
285,1682648321900
286,1682648321901
287,1682648321901
288,1682648321901
289,1682648321907
290,1682648321908
291,1682648321908
292,1682648321909
293,1682648321909
294,1682648321909
295,1682648321910
296,1682648321910
297,1682648321911
298,1682648321911
299,1682648321911
300,1682648321912
301,1682648321912
302,1682648321912
303,1682648321912
304,1682648321913
305,1682648321913
306,1682648321915
307,1682648321915
308,1682648321916
309,1682648321920
310,1682648321921
311,1682648321921
312,1682648321922
313,1682648321923
314,1682648321924
315,1682648321924
316,1682648321924
317,1682648321925
318,1682648321925
319,1682648321925
320,1682648321926
321,1682648321926
322,1682648321928
323,1682648321929
324,1682648321929
325,1682648321929
326,1682648321930
327,1682648321930
328,1682648321931
329,1682648321933
330,1682648321933
331,1682648321933
332,1682648321934
333,1682648321934
334,1682648321935
335,1682648321936
336,1682648321937
337,1682648321939
338,1682648321940
339,1682648321940
340,1682648321940
341,1682648321941
342,1682648321941
343,1682648321942
344,1682648321942
345,1682648321943
346,1682648321943
347,1682648321944
348,1682648321945
349,1682648321945
350,1682648321945
351,1682648321946
352,1682648321946
353,1682648321947
354,1682648321947
355,1682648321947
356,1682648321947
357,1682648321948
358,1682648321948
359,1682648321948
360,1682648321948
361,1682648321949
362,1682648321949
363,1682648321949
364,1682648321949
365,1682648321950
366,1682648321950
367,1682648321950
368,1682648321951
369,1682648321951
370,1682648321951
371,1682648321951
372,1682648321952
373,1682648321952
374,1682648321952
375,1682648321952
376,1682648321956
377,1682648321957
378,1682648321957
379,1682648321958
380,1682648321958
381,1682648321959
382,1682648321960
383,1682648321960
384,1682648321960
385,1682648321961
386,1682648321961
387,1682648321962
388,1682648321963
389,1682648321965
390,1682648321966
391,1682648321967
392,1682648321967
393,1682648321968
394,1682648321969
395,1682648321973
396,1682648321974
397,1682648321974
398,1682648321976
399,1682648321976
400,1682648321977
401,1682648321977
402,1682648321977
403,1682648321978
404,1682648321978
405,1682648321978
406,1682648321979
407,1682648321979
408,1682648321979
409,1682648321980
410,1682648321980
411,1682648321980
412,1682648321980
413,1682648321981
414,1682648321981
415,1682648321981
416,1682648321982
417,1682648321982
418,1682648321982
419,1682648321983
420,1682648321983
421,1682648321983
422,1682648321983
423,1682648321984
424,1682648321984
425,1682648321984
426,1682648321985
427,1682648321985
428,1682648321986
429,1682648321986
430,1682648321988
431,1682648321989
432,1682648321990
433,1682648321991
434,1682648321992
435,1682648321993
436,1682648321994
437,1682648321994
438,1682648321995
439,1682648321998
440,1682648322003
441,1682648322007
442,1682648322007
443,1682648322008
444,1682648322008
445,1682648322009
446,1682648322009
447,1682648322010
448,1682648322010
449,1682648322010
450,1682648322011
451,1682648322011
452,1682648322011
453,1682648322012
454,1682648322012
455,1682648322012
456,1682648322013
457,1682648322013
458,1682648322013
459,1682648322014
460,1682648322014
461,1682648322014
462,1682648322014
463,1682648322015
464,1682648322015
465,1682648322015
466,1682648322016
467,1682648322016
468,1682648322016
469,1682648322016
470,1682648322017
471,1682648322017
472,1682648322017
473,1682648322017
474,1682648322018
475,1682648322018
476,1682648322018
477,1682648322019
478,1682648322019
479,1682648322019
480,1682648322020
481,1682648322020
482,1682648322020
483,1682648322021
484,1682648322021
485,1682648322022
486,1682648322022
487,1682648322022
488,1682648322023
489,1682648322024
490,1682648322024
491,1682648322024
492,1682648322025
493,1682648322025
494,1682648322025
495,1682648322026
496,1682648322026
497,1682648322026
498,1682648322027
499,1682648322027
500,1682648322027
501,1682648322028
502,1682648322028
503,1682648322032
504,1682648322035
505,1682648322036
506,1682648322036
507,1682648322036
508,1682648322038
509,1682648322039
510,1682648322040
511,1682648322040
512,1682648322041
513,1682648322041
514,1682648322043
515,1682648322043
516,1682648322044
517,1682648322055
518,1682648322060
519,1682648322063
520,1682648322072
521,1682648322074
522,1682648322077
523,1682648322078
524,1682648322078
525,1682648322079
526,1682648322080
527,1682648322080
528,1682648322081
529,1682648322081
530,1682648322081
531,1682648322082
532,1682648322082
533,1682648322082
534,1682648322083
535,1682648322083
536,1682648322084
537,1682648322084
538,1682648322084
539,1682648322085
540,1682648322087
541,1682648322088
542,1682648322089
543,1682648322090
544,1682648322090
545,1682648322090
546,1682648322091
547,1682648322091
548,1682648322092
549,1682648322092
550,1682648322093
551,1682648322093
552,1682648322093
553,1682648322094
554,1682648322094
555,1682648322094
556,1682648322095
557,1682648322095
558,1682648322096
559,1682648322096
560,1682648322097
561,1682648322098
562,1682648322098
563,1682648322098
564,1682648322099
565,1682648322099
566,1682648322099
567,1682648322100
568,1682648322100
569,1682648322100
570,1682648322101
571,1682648322101
572,1682648322102
573,1682648322102
574,1682648322103
575,1682648322103
576,1682648322103
577,1682648322104
578,1682648322105
579,1682648322105
580,1682648322106
581,1682648322106
582,1682648322106
583,1682648322107
584,1682648322107
585,1682648322107
586,1682648322108
587,1682648322108
588,1682648322108
589,1682648322108
590,1682648322109
591,1682648322109
592,1682648322109
593,1682648322110
594,1682648322110
595,1682648322110
596,1682648322110
597,1682648322111
598,1682648322111
599,1682648322111
600,1682648322112
601,1682648322112
602,1682648322112
603,1682648322112
604,1682648322113
605,1682648322113
606,1682648322113
607,1682648322113
608,1682648322114
609,1682648322114
610,1682648322114
611,1682648322114
612,1682648322115
613,1682648322115
614,1682648322115
615,1682648322115
616,1682648322115
617,1682648322116
618,1682648322116
619,1682648322116
620,1682648322116
621,1682648322117
622,1682648322117
623,1682648322117
624,1682648322117
625,1682648322118
626,1682648322118
627,1682648322118
628,1682648322118
629,1682648322119
630,1682648322119
631,1682648322119
632,1682648322120
633,1682648322120
634,1682648322120
635,1682648322121
636,1682648322121
637,1682648322121
638,1682648322122
639,1682648322122
640,1682648322123
641,1682648322123
642,1682648322123
643,1682648322124
644,1682648322124
645,1682648322124
646,1682648322127
647,1682648322128
648,1682648322129
649,1682648322129
650,1682648322129
651,1682648322129
652,1682648322130
653,1682648322130
654,1682648322130
655,1682648322131
656,1682648322131
657,1682648322131
658,1682648322131
659,1682648322132
660,1682648322132
661,1682648322132
662,1682648322132
663,1682648322133
664,1682648322133
665,1682648322133
666,1682648322134
667,1682648322134
668,1682648322134
669,1682648322134
670,1682648322135
671,1682648322135
672,1682648322135
673,1682648322135
674,1682648322136
675,1682648322136
676,1682648322137
677,1682648322137
678,1682648322137
679,1682648322138
680,1682648322139
681,1682648322139
682,1682648322139
683,1682648322140
684,1682648322140
685,1682648322141
686,1682648322141
687,1682648322142
688,1682648322142
689,1682648322143
690,1682648322144
691,1682648322144
692,1682648322144
693,1682648322145
694,1682648322145
695,1682648322146
696,1682648322146
697,1682648322146
698,1682648322147
699,1682648322147
700,1682648322147
701,1682648322148
702,1682648322148
703,1682648322148
704,1682648322148
705,1682648322149
706,1682648322149
707,1682648322150
708,1682648322150
709,1682648322150
710,1682648322151
711,1682648322151
712,1682648322151
713,1682648322151
714,1682648322151
715,1682648322152
716,1682648322152
717,1682648322152
718,1682648322153
719,1682648322154
720,1682648322157
721,1682648322157
722,1682648322158
723,1682648322159
724,1682648322160
725,1682648322161
726,1682648322161
727,1682648322161
728,1682648322170
729,1682648322172
730,1682648322173
731,1682648322174
732,1682648322174
733,1682648322174
734,1682648322174
735,1682648322175
736,1682648322175
737,1682648322175
738,1682648322175
739,1682648322176
740,1682648322176
741,1682648322176
742,1682648322177
743,1682648322177
744,1682648322177
745,1682648322177
746,1682648322178
747,1682648322178
748,1682648322178
749,1682648322178
750,1682648322179
751,1682648322179
752,1682648322179
753,1682648322179
754,1682648322180
755,1682648322180
756,1682648322180
757,1682648322180
758,1682648322181
759,1682648322181
760,1682648322181
761,1682648322181
762,1682648322181
763,1682648322182
764,1682648322182
765,1682648322182
766,1682648322182
767,1682648322182
768,1682648322182
