1,1682648186011
2,1682648186012
3,1682648186012
4,1682648186013
5,1682648186014
6,1682648186014
7,1682648186077
8,1682648186078
9,1682648186079
10,1682648186080
11,1682648186081
12,1682648186082
13,1682648186083
14,1682648186084
15,1682648186100
16,1682648186263
17,1682648186263
18,1682648186264
19,1682648186264
20,1682648186264
21,1682648186264
22,1682648186265
23,1682648186265
24,1682648186265
25,1682648186265
26,1682648186266
27,1682648186353
28,1682648186354
29,1682648186354
30,1682648186354
31,1682648186355
32,1682648186361
33,1682648186361
34,1682648186362
35,1682648186362
36,1682648186465
37,1682648186465
38,1682648186466
39,1682648186466
40,1682648186466
41,1682648186467
42,1682648186467
43,1682648186467
44,1682648186467
45,1682648186468
46,1682648186468
47,1682648186468
48,1682648186468
49,1682648186468
50,1682648186469
51,1682648186469
52,1682648186469
53,1682648186469
54,1682648186469
55,1682648186470
56,1682648186470
57,1682648186470
58,1682648186470
59,1682648186470
60,1682648186471
61,1682648186471
62,1682648186586
63,1682648186587
64,1682648186587
65,1682648186587
66,1682648186587
67,1682648186588
68,1682648186588
69,1682648186588
70,1682648186589
71,1682648186589
72,1682648186590
73,1682648186590
74,1682648186590
75,1682648186591
76,1682648186591
77,1682648186592
78,1682648186592
79,1682648186593
80,1682648186593
81,1682648186593
82,1682648186594
83,1682648186595
84,1682648186595
85,1682648186596
86,1682648186598
87,1682648186598
88,1682648186599
89,1682648186600
90,1682648186600
91,1682648186601
92,1682648186744
93,1682648186745
94,1682648186745
95,1682648186746
96,1682648186746
97,1682648186747
98,1682648186747
99,1682648186748
100,1682648186749
101,1682648186749
102,1682648186750
103,1682648186750
104,1682648186751
105,1682648186752
106,1682648186755
107,1682648186756
108,1682648186757
109,1682648186757
110,1682648186758
111,1682648186759
112,1682648186760
113,1682648186762
114,1682648186763
115,1682648186767
116,1682648186767
117,1682648186768
118,1682648186768
119,1682648186769
120,1682648186901
121,1682648186901
122,1682648186902
123,1682648186902
124,1682648186902
125,1682648186902
126,1682648186903
127,1682648186904
128,1682648186904
129,1682648186906
130,1682648186908
131,1682648186908
132,1682648186909
133,1682648186909
134,1682648186909
135,1682648186910
136,1682648186910
137,1682648186910
138,1682648186911
139,1682648186911
140,1682648186912
141,1682648186912
142,1682648186912
143,1682648186913
144,1682648186913
145,1682648186913
146,1682648186913
147,1682648186914
148,1682648186914
149,1682648186915
150,1682648186915
151,1682648187215
152,1682648187216
153,1682648187217
154,1682648187218
155,1682648187219
156,1682648187224
157,1682648187225
158,1682648187226
159,1682648187226
160,1682648187227
161,1682648187228
162,1682648187229
163,1682648187230
164,1682648187230
165,1682648187231
166,1682648187231
167,1682648187232
168,1682648187232
169,1682648187233
170,1682648187234
171,1682648187235
172,1682648187235
173,1682648187240
174,1682648187240
175,1682648187241
176,1682648187242
177,1682648187242
178,1682648187243
179,1682648187244
180,1682648187245
181,1682648187246
182,1682648187247
183,1682648187247
184,1682648187248
185,1682648187248
186,1682648187249
187,1682648187257
188,1682648187258
189,1682648187262
190,1682648187263
191,1682648187269
192,1682648187276
193,1682648187277
194,1682648187277
195,1682648187278
196,1682648187279
197,1682648187281
198,1682648187284
199,1682648187284
200,1682648187285
201,1682648187290
202,1682648187291
203,1682648187300
204,1682648187307
205,1682648187310
206,1682648187318
207,1682648187327
208,1682648187330
209,1682648187357
210,1682648187374
211,1682648187382
212,1682648187395
213,1682648187401
214,1682648187401
215,1682648187405
216,1682648187417
217,1682648187434
218,1682648187439
219,1682648187443
220,1682648187449
221,1682648187450
222,1682648187451
223,1682648187452
224,1682648187459
225,1682648187460
226,1682648187461
227,1682648187462
228,1682648187462
229,1682648187463
230,1682648187464
231,1682648187465
232,1682648187466
233,1682648187466
234,1682648187467
235,1682648187468
236,1682648187471
237,1682648187474
238,1682648187475
239,1682648187476
240,1682648187477
241,1682648187479
242,1682648187480
243,1682648187481
244,1682648187484
245,1682648187485
246,1682648187489
247,1682648187490
248,1682648187491
249,1682648187491
250,1682648187492
251,1682648187494
252,1682648187498
253,1682648187501
254,1682648187507
255,1682648187509
256,1682648187511
257,1682648187512
258,1682648187515
259,1682648187518
260,1682648187519
261,1682648187521
262,1682648187523
263,1682648187524
264,1682648187524
265,1682648187525
266,1682648187525
267,1682648187526
268,1682648187527
269,1682648187527
270,1682648187528
271,1682648187528
272,1682648187529
273,1682648187529
274,1682648187530
275,1682648187530
276,1682648187531
277,1682648187531
278,1682648187532
279,1682648187532
280,1682648187533
281,1682648187533
282,1682648187534
283,1682648187534
284,1682648187535
285,1682648187535
286,1682648187540
287,1682648187540
288,1682648187542
289,1682648187544
290,1682648187544
291,1682648187545
292,1682648187546
293,1682648187546
294,1682648187547
295,1682648187547
296,1682648187548
297,1682648187548
298,1682648187549
299,1682648187549
300,1682648187550
301,1682648187550
302,1682648187551
303,1682648187551
304,1682648187552
305,1682648187552
306,1682648187553
307,1682648187554
308,1682648187554
309,1682648187554
310,1682648187555
311,1682648187555
312,1682648187556
313,1682648187556
314,1682648187557
315,1682648187557
316,1682648187558
317,1682648187559
318,1682648187560
319,1682648187560
320,1682648187561
321,1682648187561
322,1682648187561
323,1682648187562
324,1682648187709
325,1682648187709
326,1682648187709
327,1682648187710
328,1682648187710
329,1682648187711
330,1682648187711
331,1682648187712
332,1682648187712
333,1682648187712
334,1682648187713
335,1682648187713
336,1682648187714
337,1682648187714
338,1682648187714
339,1682648187715
340,1682648187715
341,1682648187715
342,1682648187716
343,1682648187716
344,1682648187716
345,1682648187716
346,1682648187717
347,1682648187717
348,1682648187717
349,1682648187718
350,1682648187718
351,1682648187718
352,1682648187718
353,1682648187719
354,1682648187719
355,1682648187720
356,1682648187721
357,1682648187722
358,1682648187722
359,1682648187723
360,1682648187723
361,1682648187724
362,1682648187724
363,1682648187726
364,1682648187727
365,1682648187728
366,1682648187728
367,1682648187729
368,1682648187729
369,1682648187729
370,1682648187729
371,1682648187730
372,1682648187730
373,1682648187730
374,1682648187731
375,1682648187731
376,1682648187731
377,1682648187731
378,1682648187732
379,1682648187732
380,1682648187733
381,1682648187733
382,1682648187734
383,1682648187734
384,1682648187734
385,1682648187735
386,1682648187735
387,1682648187736
388,1682648187737
389,1682648187738
390,1682648187739
391,1682648187740
392,1682648187740
393,1682648187741
394,1682648187742
395,1682648187742
396,1682648187743
397,1682648187743
398,1682648187744
399,1682648187745
400,1682648187745
401,1682648187746
402,1682648187746
403,1682648187747
404,1682648187747
405,1682648187748
406,1682648187748
407,1682648187749
408,1682648187749
409,1682648187749
410,1682648187749
411,1682648187750
412,1682648187750
413,1682648187750
414,1682648187751
415,1682648187751
416,1682648187751
417,1682648187751
418,1682648187752
419,1682648187752
420,1682648187752
421,1682648187753
422,1682648187753
423,1682648187754
424,1682648187757
425,1682648187758
426,1682648187758
427,1682648187758
428,1682648187761
429,1682648187761
430,1682648187762
431,1682648187762
432,1682648187762
433,1682648187763
434,1682648187763
435,1682648187763
436,1682648187763
437,1682648187764
438,1682648187764
439,1682648187764
440,1682648187781
441,1682648187782
442,1682648187782
443,1682648187782
444,1682648187782
445,1682648187783
446,1682648187783
447,1682648187783
448,1682648187784
449,1682648187797
450,1682648187797
451,1682648187798
452,1682648187798
453,1682648187798
454,1682648187799
455,1682648187799
456,1682648187799
457,1682648187799
458,1682648187799
459,1682648187800
460,1682648187800
461,1682648187800
462,1682648187800
463,1682648187800
464,1682648187800
465,1682648187827
466,1682648187827
467,1682648187827
468,1682648187828
469,1682648187828
470,1682648187828
471,1682648187828
472,1682648187828
473,1682648187829
474,1682648187829
475,1682648187829
476,1682648187847
477,1682648187847
478,1682648187847
479,1682648187853
480,1682648187854
481,1682648187854
482,1682648187854
483,1682648187855
484,1682648187855
485,1682648187876
486,1682648187877
487,1682648187877
488,1682648187878
489,1682648187878
490,1682648187878
491,1682648187879
492,1682648187879
493,1682648187891
494,1682648187892
495,1682648187892
496,1682648187892
497,1682648187898
498,1682648187898
499,1682648187898
500,1682648187898
501,1682648187899
502,1682648187899
503,1682648187899
504,1682648187899
505,1682648187899
506,1682648187900
507,1682648187900
508,1682648187900
509,1682648187900
510,1682648187924
511,1682648187925
512,1682648187925
513,1682648187925
514,1682648187926
515,1682648187926
516,1682648187926
517,1682648187926
518,1682648187926
519,1682648187927
520,1682648187927
521,1682648187927
522,1682648187927
523,1682648187928
524,1682648187928
525,1682648187928
526,1682648187928
527,1682648187958
528,1682648187958
529,1682648187958
530,1682648187959
531,1682648187959
532,1682648187959
533,1682648187959
534,1682648187965
535,1682648187965
536,1682648187965
537,1682648187966
538,1682648187966
539,1682648187966
540,1682648187966
541,1682648187966
542,1682648187966
543,1682648187967
544,1682648187985
545,1682648187985
546,1682648187985
547,1682648187986
548,1682648187986
549,1682648187986
550,1682648187998
551,1682648187998
552,1682648187998
553,1682648187998
554,1682648187999
555,1682648187999
556,1682648187999
557,1682648188013
558,1682648188013
559,1682648188013
560,1682648188014
561,1682648188014
562,1682648188014
563,1682648188014
564,1682648188014
565,1682648188015
566,1682648188015
567,1682648188015
568,1682648188015
569,1682648188015
570,1682648188038
571,1682648188038
572,1682648188038
573,1682648188039
574,1682648188039
575,1682648188039
576,1682648188039
577,1682648188039
578,1682648188040
579,1682648188040
580,1682648188040
581,1682648188041
582,1682648188041
583,1682648188042
584,1682648188042
585,1682648188042
586,1682648188043
587,1682648188043
588,1682648188072
589,1682648188073
590,1682648188073
591,1682648188073
592,1682648188073
593,1682648188074
594,1682648188074
595,1682648188088
596,1682648188088
597,1682648188089
598,1682648188089
599,1682648188089
600,1682648188090
601,1682648188090
602,1682648188090
603,1682648188090
604,1682648188091
605,1682648188091
606,1682648188091
607,1682648188091
608,1682648188092
609,1682648188092
610,1682648188105
611,1682648188107
612,1682648188107
613,1682648188107
614,1682648188107
615,1682648188108
616,1682648188112
617,1682648188113
618,1682648188113
619,1682648188113
620,1682648188113
621,1682648188114
622,1682648188114
623,1682648188114
624,1682648188114
625,1682648188129
626,1682648188129
627,1682648188129
628,1682648188130
629,1682648188130
630,1682648188130
631,1682648188130
632,1682648188131
633,1682648188131
634,1682648188132
635,1682648188132
636,1682648188133
637,1682648188133
638,1682648188133
639,1682648188133
640,1682648188134
641,1682648188134
642,1682648188134
643,1682648188135
644,1682648188135
645,1682648188135
646,1682648188135
647,1682648188137
648,1682648188138
649,1682648188139
650,1682648188139
651,1682648188139
652,1682648188140
653,1682648188140
654,1682648188140
655,1682648188150
656,1682648188151
657,1682648188193
658,1682648188193
659,1682648188194
660,1682648188194
661,1682648188194
662,1682648188195
663,1682648188195
664,1682648188196
665,1682648188196
666,1682648188198
667,1682648188199
668,1682648188200
669,1682648188201
670,1682648188203
671,1682648188204
672,1682648188215
673,1682648188218
674,1682648188223
675,1682648188223
676,1682648188223
677,1682648188224
678,1682648188224
679,1682648188224
680,1682648188225
681,1682648188225
682,1682648188226
683,1682648188227
684,1682648188229
685,1682648188231
686,1682648188232
687,1682648188234
688,1682648188235
689,1682648188240
690,1682648188241
691,1682648188241
692,1682648188242
693,1682648188242
694,1682648188242
695,1682648188242
696,1682648188243
697,1682648188243
698,1682648188244
699,1682648188245
700,1682648188245
701,1682648188246
702,1682648188246
703,1682648188246
704,1682648188246
705,1682648188247
706,1682648188247
707,1682648188247
708,1682648188247
709,1682648188247
710,1682648188248
711,1682648188248
712,1682648188248
713,1682648188248
714,1682648188248
715,1682648188249
716,1682648188249
717,1682648188249
718,1682648188249
719,1682648188249
720,1682648188250
721,1682648188250
722,1682648188250
723,1682648188250
724,1682648188250
725,1682648188251
726,1682648188251
727,1682648188251
728,1682648188251
729,1682648188252
730,1682648188252
731,1682648188256
732,1682648188258
733,1682648188259
734,1682648188259
735,1682648188260
736,1682648188260
737,1682648188260
738,1682648188261
739,1682648188261
740,1682648188261
741,1682648188261
742,1682648188262
743,1682648188262
744,1682648188263
745,1682648188263
746,1682648188263
747,1682648188264
748,1682648188264
749,1682648188264
750,1682648188264
751,1682648188265
752,1682648188266
753,1682648188266
754,1682648188266
755,1682648188266
756,1682648188267
757,1682648188267
758,1682648188269
759,1682648188271
760,1682648188274
761,1682648188275
762,1682648188276
763,1682648188281
764,1682648188282
765,1682648188282
766,1682648188282
767,1682648188283
768,1682648188283
