1,1682647726982
2,1682647726987
3,1682647726990
4,1682647726991
5,1682647726992
6,1682647726993
7,1682647726994
8,1682647726995
9,1682647726996
10,1682647726997
11,1682647726998
12,1682647727000
13,1682647727001
14,1682647727003
15,1682647727004
16,1682647727005
17,1682647727005
18,1682647727006
19,1682647727006
20,1682647727006
21,1682647727007
22,1682647727007
23,1682647727008
24,1682647727008
25,1682647727008
26,1682647727009
27,1682647727009
28,1682647727010
29,1682647727010
30,1682647727010
31,1682647727011
32,1682647727011
33,1682647727012
34,1682647727012
35,1682647727012
36,1682647727013
37,1682647727089
38,1682647727090
39,1682647727110
40,1682647727110
41,1682647727110
42,1682647727111
43,1682647727111
44,1682647727112
45,1682647727145
46,1682647727145
47,1682647727146
48,1682647727146
49,1682647727146
50,1682647727153
51,1682647727153
52,1682647727153
53,1682647727154
54,1682647727154
55,1682647727154
56,1682647727155
57,1682647727155
58,1682647727155
59,1682647727172
60,1682647727173
61,1682647727173
62,1682647727173
63,1682647727174
64,1682647727174
65,1682647727174
66,1682647727174
67,1682647727175
68,1682647727175
69,1682647727175
70,1682647727175
71,1682647727181
72,1682647727181
73,1682647727181
74,1682647727183
75,1682647727184
76,1682647727186
77,1682647727187
78,1682647727187
79,1682647727188
80,1682647727188
81,1682647727192
82,1682647727193
83,1682647727193
84,1682647727193
85,1682647727193
86,1682647727194
87,1682647727194
88,1682647727196
89,1682647727197
90,1682647727225
91,1682647727225
92,1682647727226
93,1682647727226
94,1682647727226
95,1682647727227
96,1682647727227
97,1682647727227
98,1682647727228
99,1682647727228
100,1682647727228
101,1682647727228
102,1682647727229
103,1682647727229
104,1682647727229
105,1682647727229
106,1682647727229
107,1682647727230
108,1682647727230
109,1682647727230
110,1682647727230
111,1682647727230
112,1682647727231
113,1682647727231
114,1682647727231
115,1682647727231
116,1682647727231
117,1682647727232
118,1682647727232
119,1682647727232
120,1682647727232
121,1682647727233
122,1682647727233
123,1682647727264
124,1682647727264
125,1682647727264
126,1682647727264
127,1682647727264
128,1682647727265
